1 0.230859375 0.6869753278688525 0.10687499999999997 0.1006129999999999
1 0.2439453125 0.5400404098360656 0.05812499999999998 0.12423500000000001
1 0.26664062499999996 0.6891703661202185 0.05250000000000002 0.07699000000000006
1 0.290625 0.16474156284153005 0.03187499999999999 0.03586999999999998
1 0.336953125 0.33703340437158474 0.036250000000000004 0.05599299999999992
1 0.3426953125 0.35135512568306015 0.026874999999999982 0.07348999999999996
1 0.5284765625 0.48424496174863385 0.034375000000000044 0.023622000000000035
1 0.570234375 0.2633890819672131 0.012500000000000067 0.027121000000000013
1 0.5982421875 0.5657172021857924 0.053749999999999964 0.028871000000000098
1 0.6469921875 0.23549932240437155 0.021874999999999978 0.030622000000000028
1 0.6951953125 0.6236286010928962 0.057499999999999996 0.015748000000000074
1 0.6905859375 0.23238420218579234 0.015000000000000013 0.02887100000000002
1 0.7613671875 0.7398672841530055 0.08437499999999998 0.054242999999999986
1 0.7540625 0.23375032240437157 0.016875000000000084 0.032371
