1 0.017578125 0.7066215714285714 0.03625 0.14592300000000005
1 0.1205859375 0.44166371428571427 0.015624999999999986 0.05579400000000006
1 0.1990625 0.5330514285714286 0.016875 0.04721000000000001
1 0.2119921875 0.5298448571428571 0.021874999999999978 0.030042999999999914
1 0.261015625 0.8319374285714286 0.020625000000000004 0.07868399999999998
1 0.2695703125 0.48172171428571425 0.025624999999999953 0.05579400000000006
1 0.2703125 0.4120782857142857 0.015625 0.044349000000000034
1 0.3288671875 0.7001491428571428 0.023125000000000007 0.068669
1 0.3535546875 0.37900100000000003 0.0068749999999999645 0.03147399999999997
1 0.36640625 0.4201444285714286 0.009375000000000022 0.01573700000000005
1 0.3798828125 0.4123615714285714 0.010624999999999996 0.018598000000000083
1 0.570859375 0.8455542857142857 0.013125000000000053 0.044349000000000034
1 0.7315625 0.300317 0.015625 0.03433499999999997
1 0.7361328125 0.14403542857142856 0.010624999999999996 0.01716699999999998
1 0.761328125 0.15771257142857142 0.005624999999999991 0.020029000000000012
1 0.8605859375 0.7657848571428572 0.04625000000000001 0.061516
1 0.85703125 0.41888571428571425 0.008124999999999938 0.024320999999999975
1 0.8721484375 0.7604074285714286 0.030625000000000013 0.08011400000000002
1 0.8748828125 0.36721142857142863 0.010000000000000009 0.017166999999999964
