1 0.1058203125 0.6083548941655359 0.056874999999999995 0.05729199999999998
1 0.1118359375 0.9740763378561738 0.045 0.04947899999999993
1 0.1543359375 0.8842361546811398 0.045625 0.07291699999999998
1 0.2830078125 0.6915281546811397 0.041874999999999996 0.07291699999999998
1 0.330078125 0.8832584504748983 0.03562500000000002 0.06770899999999996
1 0.3668359375 0.9365895983717775 0.04500000000000004 0.06423600000000006
1 0.5315625 0.9399018588873813 0.04874999999999996 0.0763890000000001
1 0.56640625 0.9470566336499321 0.03937500000000005 0.046007000000000124
1 0.6782421875 0.9346341899592945 0.053749999999999964 0.05382000000000002
1 0.7066015625 0.8606307815468114 0.034375000000000044 0.043402999999999886
