1 0.06171875 0.19560855593803786 0.024374999999999994 0.05181900000000001
1 0.13703125 0.1914127039586919 0.009374999999999994 0.03638300000000003
1 0.141484375 0.24282768158347673 0.013124999999999998 0.01653800000000004
1 0.187734375 0.3287458743545611 0.013124999999999998 0.040792999999999975
1 0.2050390625 0.18961172633390705 0.019375000000000003 0.056229
1 0.21390625 0.10942068158347676 0.009374999999999994 0.015435000000000008
1 0.2223046875 0.14849351118760756 0.007500000000000007 0.013230000000000014
1 0.26140625 0.19872568158347678 0.009374999999999967 0.015435999999999978
1 0.27203125 0.18011802237521515 0.00874999999999998 0.023152999999999996
1 0.2823046875 0.18770068158347678 0.006250000000000033 0.01653799999999999
1 0.2848046875 0.18060185197934595 0.007500000000000007 0.01874300000000001
1 0.3155859375 0.2951850447504302 0.014374999999999971 0.04189700000000007
1 0.31890625 0.23242085197934598 0.00874999999999998 0.018742999999999985
1 0.3435546875 0.19982868158347677 0.0068749999999999645 0.015435000000000008
1 0.346953125 0.19493485197934596 0.0050000000000000044 0.01984499999999997
1 0.3516796875 0.14029168158347677 0.006249999999999978 0.014333000000000021
1 0.36015625 0.26721802237521514 0.00874999999999998 0.02094800000000003
1 0.3648828125 0.35899770395869196 0.011250000000000038 0.03638399999999996
1 0.3641796875 0.1440835111876076 0.0068749999999999645 0.01322999999999999
1 0.3723046875 0.1892865111876076 0.007500000000000007 0.01102599999999999
1 0.3991796875 0.19479951118760758 0.006250000000000033 0.011025999999999965
1 0.41015625 0.23021585197934596 0.00874999999999998 0.019844999999999998
1 0.4104296875 0.16296085197934596 0.007500000000000007 0.017640999999999997
1 0.42828125 0.16075585197934597 0.00874999999999998 0.019845999999999992
1 0.42953125 0.20609419277108432 0.008750000000000036 0.025359000000000034
1 0.4686328125 0.20657802237521516 0.010624999999999996 0.023154000000000015
1 0.485859375 0.8605476230636833 0.04312499999999997 0.11466300000000014
1 0.480859375 0.16640319277108434 0.013124999999999998 0.026461
1 0.49609375 0.6743782375215146 0.024375000000000036 0.068357
1 0.522890625 0.45037336316695353 0.019999999999999907 0.030870999999999937
1 0.52140625 0.19458536316695352 0.008125000000000049 0.028666000000000018
1 0.58828125 0.21477985197934593 0.008750000000000036 0.019845999999999992
1 0.5980859375 0.8099347039586918 0.013749999999999929 0.03528100000000012
1 0.61390625 0.19286419277108435 0.008750000000000036 0.025357999999999967
1 0.6262890625 0.2781632151462995 0.01937499999999992 0.04740899999999998
1 0.6449609375 0.3218611927710843 0.013749999999999929 0.025358000000000016
1 0.6481640625 0.2770612151462995 0.018124999999999947 0.04740900000000003
1 0.695234375 0.25143353356282266 0.013125000000000053 0.03307600000000003
1 0.7034375 0.47952319277108424 0.016874999999999973 0.0242560000000001
1 0.7061328125 0.19313387435456109 0.010000000000000009 0.03858799999999998
1 0.7401171875 0.41611555593803784 0.02312499999999995 0.05181900000000001
1 0.7967578125 0.2254563631669535 0.010000000000000009 0.027562999999999987
1 0.810625 0.5009307487091221 0.03312499999999996 0.07607499999999996
1 0.805234375 0.23145319277108437 0.01187500000000008 0.024254999999999985
1 0.836015625 0.8295968158347677 0.05124999999999991 0.1400219999999999
1 0.8212890625 0.5104497263339071 0.018124999999999947 0.05843399999999999
1 0.8205859375 0.1941015335628227 0.01375000000000004 0.03307600000000001
1 0.8289453125 0.41267321514629945 0.026874999999999982 0.04520400000000008
1 0.8511328125 0.3947625335628227 0.011250000000000093 0.03307599999999993
1 0.865234375 0.21209102237521515 0.011874999999999969 0.022051000000000008
1 0.8721875 0.3021495335628227 0.015625 0.031974000000000016
1 0.9229296875 0.16185785197934596 0.007499999999999951 0.018744000000000004
1 0.9286328125 0.2704462151462995 0.010000000000000009 0.04520399999999998
1 0.93265625 0.16406385197934595 0.009375000000000022 0.01874300000000001
1 0.990859375 0.24027319277108433 0.013125000000000053 0.026461
