1 0.5237109375 0.8221350833333334 0.10750000000000004 0.1299999999999999
1 0.07109375 0.9646871666666668 0.08625000000000001 0.06833399999999996
1 0.206015625 0.8096871666666666 0.08374999999999999 0.06833399999999996
1 0.2069140625 0.4505208333333333 0.018125000000000002 0.028333000000000014
1 0.2212890625 0.4440104166666667 0.018125000000000002 0.014166999999999966
1 0.2641015625 0.7942190833333332 0.03375 0.06583300000000003
1 0.3356640625 0.9094791666666667 0.14312499999999995 0.09999999999999994
1 0.5145703125000001 0.7646871666666666 0.08812499999999995 0.06833400000000012
1 0.6282421875 0.9586975833333332 0.11624999999999996 0.08083400000000014
1 0.64296875 0.5318229166666666 0.024375000000000036 0.029167000000000092
