1 0.0656640625 0.5752868497409327 0.081875 0.13930299999999995
1 0.09761718750000001 0.5949314715025907 0.08562499999999998 0.10447700000000001
1 0.0696875 0.24631803108808287 0.015625 0.025705000000000026
1 0.3175390625 0.5788592279792746 0.11312499999999998 0.1733
1 0.276640625 0.23481270466321244 0.020625000000000004 0.029851000000000003
1 0.345 0.6556141761658032 0.09375 0.13266999999999995
1 0.345234375 0.09219270466321243 0.011875000000000024 0.029021000000000012
1 0.4495703125 0.20283736787564768 0.026249999999999996 0.027362999999999957
1 0.5289453125 0.19262737823834197 0.026874999999999982 0.034826
1 0.5384375 0.2692750414507772 0.016874999999999973 0.03233900000000001
1 0.598984375 0.5229359533678756 0.07499999999999996 0.21724700000000005
1 0.586640625 0.0553450414507772 0.02124999999999999 0.031509
1 0.6088671875 0.1789967150259067 0.021874999999999978 0.03731400000000003
1 0.616640625 0.06741937823834196 0.020624999999999893 0.035655
1 0.633671875 0.07534871502590673 0.02749999999999997 0.036484
1 0.6612890625 0.17604337823834196 0.018125000000000058 0.03399700000000001
1 0.6763671875 0.11328536787564768 0.02312499999999995 0.027362999999999995
1 0.6868359375 0.24725070466321245 0.013749999999999929 0.029021
1 0.749140625 0.10038103108808291 0.020625000000000004 0.02570499999999999
1 0.7712890625 0.09607871502590673 0.018750000000000044 0.038142
1 0.898984375 0.3995396580310881 0.20000000000000007 0.24460999999999994
1 0.8868359375 0.3075615233160622 0.14 0.14262100000000003
1 0.882578125 0.8863391347150258 0.03687499999999999 0.10116100000000008
1 0.8927734375 0.13919571502590672 0.029999999999999916 0.03814300000000001
1 0.9762109375 0.8586088601036268 0.04562500000000003 0.145937
