1 0.1944140625 0.7332809166666667 0.04999999999999999 0.061666999999999916
1 0.3336328125 0.7570830000000001 0.04250000000000004 0.06499999999999995
1 0.366875 0.7897399166666667 0.09562500000000002 0.09333300000000004
1 0.3846875 0.7908854166666668 0.07874999999999999 0.10833299999999986
1 0.586640625 0.8834378333333334 0.051875000000000004 0.08916599999999993
1 0.6830859375 0.54182325 0.07750000000000001 0.070833
1 0.73046875 0.42343783333333335 0.055625000000000036 0.08999999999999993
1 0.856484375 0.5273434166666666 0.01187500000000008 0.01500000000000005
1 0.861484375 0.4886455 0.01187500000000008 0.015834000000000053
1 0.9326171875 0.4921878333333334 0.02312499999999995 0.02749999999999993
1 0.9500390625 0.4321878333333333 0.018124999999999947 0.027500000000000007
