1 0.38046875 0.8500739209370425 0.08749999999999997 0.22795500000000007
1 0.1883203125 0.4471434480234261 0.02687500000000001 0.05722299999999998
1 0.196875 0.5014381903367496 0.033125000000000016 0.05065700000000006
1 0.266875 0.5593716749633968 0.03250000000000003 0.03846099999999993
1 0.42609375 0.5930907979502197 0.08625 0.134146
1 0.4265234375 0.20886944802342602 0.029374999999999984 0.057223
1 0.5033984375 0.64887560761347 0.06125000000000003 0.082552
1 0.5384765625 0.41806244802342607 0.034375000000000044 0.056285
1 0.5956640625 0.43337006149341134 0.01937499999999992 0.047841999999999996
1 0.6395703125 0.2326891595900439 0.026875000000000093 0.02814300000000003
1 0.667890625 0.6672247364568082 0.05249999999999999 0.08724300000000001
1 0.7326171875 0.7160057364568081 0.053749999999999964 0.08630400000000014
