1 0.01171875 0.28872351319648093 0.024375 0.06109099999999996
1 0.0204296875 0.32097968621700884 0.038125 0.051690999999999966
1 0.1084375 0.28598147507331384 0.04875 0.11372199999999995
1 0.14046875 0.31492696187683283 0.056249999999999994 0.05357099999999997
1 0.198515625 0.3366209237536657 0.05124999999999999 0.10620300000000002
1 0.2275 0.3681237184750733 0.06312500000000001 0.08270600000000002
1 0.324140625 0.39301192375366567 0.05249999999999999 0.10620299999999998
1 0.355234375 0.4097768914956012 0.044375 0.07518800000000002
1 0.4621484375 0.35594419941348976 0.060624999999999984 0.10996200000000002
1 0.497109375 0.3898532697947215 0.075625 0.0902249999999999
1 0.6275 0.38921633431085045 0.09500000000000008 0.154135
1 0.759921875 0.8019594750733137 0.06000000000000005 0.1137210000000001
1 0.981875 0.37327492375366567 0.03312499999999996 0.10808200000000001
