1 0.76421875 0.7331105344070278 0.11875000000000002 0.218575
1 0.01171875 0.28068957686676427 0.02375 0.06003799999999996
1 0.100703125 0.42913509224011714 0.03562499999999999 0.07129499999999998
1 0.1287109375 0.6877225402635432 0.07687500000000001 0.12851800000000005
1 0.164921875 0.5179996383601757 0.06 0.106004
1 0.2344140625 0.47363696339677885 0.05000000000000002 0.0694190000000001
1 0.27140625 0.5265127364568082 0.03999999999999998 0.08536500000000004
1 0.292734375 0.746909859443631 0.07437500000000002 0.17917500000000003
1 0.3506640625 0.7481282518301611 0.04999999999999999 0.09849899999999998
1 0.3937109375 0.6448691537335286 0.044999999999999984 0.1191369999999999
1 0.405390625 0.6524000922401171 0.05249999999999999 0.0712940000000001
1 0.492890625 0.6285793806734993 0.05125000000000002 0.1022520000000001
1 0.5270312500000001 0.6218991229868228 0.07124999999999998 0.09380900000000002
1 0.5323828125 0.8310921229868228 0.04249999999999998 0.09474700000000023
1 0.5258203125 0.5075222210834553 0.026874999999999982 0.07504699999999996
1 0.60734375 0.5315704480234261 0.024375000000000036 0.05722399999999995
1 0.6626953125 0.9782838038067351 0.08812500000000001 0.041276
1 0.6853125 0.5129227057101025 0.016249999999999987 0.061913999999999914
1 0.7713671875 0.5060149326500731 0.021874999999999978 0.04502800000000007
1 0.8645703125 0.3532902884333821 0.026874999999999982 0.03001900000000002
1 0.8853125 0.41010141727672034 0.016250000000000098 0.032832999999999994
