1 0.2070315625 0.8750001666666666 0.06640600000000002 0.16276000000000015
1 0.1933595 0.7812501666666666 0.047851000000000005 0.06901000000000017
1 0.239257375 0.5013025 0.012696000000000013 0.016927000000000064
1 0.2841800625 0.424479 0.019530999999999965 0.033853999999999974
1 0.5000000625 0.7252609166666666 0.019531000000000076 0.029947000000000095
1 0.53808625 0.7122395833333334 0.041015000000000024 0.05078100000000004
1 0.5859371875 0.5781249166666668 0.021484999999999976 0.029947999999999936
1 0.5947270625 0.5885411666666668 0.019530999999999965 0.03645899999999987
1 0.6962894374999999 0.66796875 0.029297000000000017 0.024739999999999984
1 0.7753902500000001 0.71223925 0.040038999999999936 0.040364999999999984
