1 0.09578125 0.6056077543859649 0.04000000000000001 0.062734
1 0.110078125 0.6022737660818713 0.03687499999999999 0.05992499999999999
1 0.2612890625 0.5769428713450292 0.04999999999999999 0.034645000000000085
1 0.3021875 0.594552812865497 0.04749999999999999 0.049625000000000044
1 0.4190234375 0.48728582456140357 0.030625000000000013 0.04400699999999995
1 0.46765625 0.5719658362573098 0.04062500000000002 0.04213500000000006
1 0.47921875 0.3466058713450292 0.02437499999999998 0.03277200000000002
1 0.5446484375 0.33308685964912277 0.02937499999999993 0.036517000000000015
1 0.5983984375 0.49723989473684205 0.030625000000000013 0.02902700000000008
1 0.8162109375 0.3601747777777778 0.014375000000000027 0.05618000000000004
1 0.8809765625 0.4194588128654971 0.034375000000000044 0.04962600000000001
1 0.97359375 0.5312928245614035 0.024374999999999925 0.04588000000000005
1 0.9918359375 0.5339868479532164 0.014375000000000027 0.04026200000000005
