1 0.5110799374999999 0.41978239215686275 0.07716000000000006 0.10433899999999996
1 0.2945725625 0.9499518235294119 0.06481500000000001 0.09607400000000005
1 0.3684294375 0.1985808758169935 0.09259199999999995 0.08161099999999998
1 0.3529125 0.9300060326797386 0.047839999999999994 0.042354999999999976
1 0.39539975 0.4762198431372549 0.054783000000000026 0.04132200000000001
1 0.4148460625 0.8486054640522878 0.050153999999999976 0.03615699999999991
1 0.4304951875 0.8301571372549019 0.022377000000000036 0.016528999999999974
1 0.4428894375 0.8070720326797386 0.030864000000000058 0.04338800000000001
1 0.491705 0.5825409281045751 0.033179000000000014 0.06921500000000008
1 0.49680493749999993 0.3972222222222222 0.015432000000000057 0.04545500000000001
