1 0.360625 0.5405205000000001 0.12687500000000002 0.11083400000000003
1 0.0263671875 0.45249999999999996 0.05375 0.125
1 0.232578125 0.3909378333333333 0.06749999999999998 0.09083300000000001
1 0.2465625 0.27479133333333333 0.047500000000000014 0.07416700000000002
1 0.31890625 0.27229200000000003 0.03999999999999998 0.03333299999999991
1 0.3962890625 0.61380175 0.14437499999999998 0.08749999999999991
1 0.3485546875 0.25619825 0.03875000000000001 0.040832999999999973
1 0.4866796875 0.24442708333333332 0.03749999999999998 0.03500000000000003
1 0.5090234375 0.3011458333333334 0.06062500000000004 0.05833299999999997
1 0.5621484375 0.3413545 0.06187500000000001 0.11000000000000003
1 0.6291796875 0.27588575 0.03749999999999998 0.025832999999999995
1 0.6967578125 0.30838575 0.04249999999999998 0.024165999999999983
1 0.7598046875 0.5639065833333333 0.10062500000000008 0.050000000000000044
1 0.75546875 0.4057809166666666 0.08750000000000002 0.06000000000000005
1 0.86375 0.54276075 0.125625 0.11749999999999994
