1 0.7343359375 0.7798604421669106 0.07624999999999993 0.14901600000000012
1 0.12078125 0.04949464421669107 0.00874999999999998 0.016870000000000003
1 0.1442578125 0.08792064421669107 0.010624999999999996 0.016870000000000003
1 0.3238671875 0.5115376442166911 0.021875000000000033 0.014995999999999952
1 0.3295703125 0.3928624172767204 0.02562500000000001 0.034677000000000006
1 0.3759765625 0.6792375461200586 0.065 0.03655099999999985
1 0.410078125 0.71765960761347 0.06812499999999999 0.08434800000000002
1 0.4229296875 0.7861357057101025 0.07 0.06372999999999988
1 0.441015625 0.4856424787701317 0.05124999999999996 0.08059900000000003
1 0.4898828125 0.7774070922401172 0.073125 0.07310199999999986
1 0.6615625 0.9724061903367496 0.04874999999999996 0.05154699999999997
1 0.9459375 0.5148767730600293 0.015625 0.01874399999999997
