1 0.1409765625 0.3689473722627737 0.03499999999999999 0.054155000000000064
1 0.198671875 0.6871196204379562 0.02812500000000001 0.0887020000000001
1 0.2866015625 0.8005724525547444 0.09625000000000003 0.11111100000000003
1 0.365390625 0.8598556204379562 0.08312499999999995 0.08776800000000018
1 0.487265625 0.39982705839416055 0.05250000000000005 0.08029900000000005
1 0.7769921875 0.31036178832116784 0.023125000000000062 0.06629300000000005
1 0.7994140625 0.42432581021897814 0.01937500000000003 0.043884000000000006
1 0.8320703125 0.4524034963503649 0.057499999999999996 0.07282900000000005
1 0.9146484375 0.9110535547445255 0.09250000000000003 0.149393
1 0.94046875 0.9715965182481753 0.05500000000000005 0.05228700000000001
1 0.9707421875 0.323670204379562 0.02187500000000009 0.07656400000000008
