1 0.0571875 0.5572671595900438 0.015625 0.02908100000000009
1 0.2019140625 0.6895371595900439 0.019375000000000003 0.029080999999999923
1 0.2024609375 0.6385825461200586 0.014374999999999999 0.036584999999999895
1 0.2115234375 0.6939295461200586 0.029375000000000012 0.03658599999999995
1 0.223515625 0.6333664172767203 0.020625000000000004 0.032832999999999994
1 0.229609375 0.5568552884333822 0.011874999999999997 0.030956999999999957
1 0.3776953125 0.7738509019033675 0.02562500000000001 0.022514000000000034
1 0.4218359375 0.5871719019033675 0.01375000000000004 0.022514000000000034
1 0.5684375 0.6870207730600293 0.016874999999999973 0.01782399999999999
1 0.9394921875 0.7341532884333822 0.023125000000000062 0.03001899999999998
