1 0.17265625 0.5177970614934114 0.10187500000000001 0.04971899999999992
1 0.37953125 0.4819926442166911 0.008750000000000036 0.0159469999999999
1 0.393984375 0.47261164421669105 0.011875000000000024 0.015947000000000065
1 0.4516796875 0.49981564421669106 0.006250000000000033 0.015009999999999976
1 0.470859375 0.45449003074670574 0.011874999999999969 0.024389999999999988
1 0.4873046875 0.45760164421669114 0.007500000000000007 0.015009999999999893
1 0.527734375 0.46844677306002924 0.012500000000000067 0.018761999999999963
1 0.570859375 0.5016916442166911 0.013125000000000053 0.01688599999999993
1 0.602734375 0.4672111595900439 0.011874999999999969 0.027204000000000082
1 0.633828125 0.4678073865300146 0.0050000000000000044 0.0112570000000001
1 0.6405078125 0.4885586442166911 0.011249999999999982 0.015009999999999893
1 0.657109375 0.46176651537335295 0.012499999999999956 0.01313299999999997
1 0.6948046875 0.42893351537335284 0.007499999999999951 0.013133000000000053
1 0.722265625 0.8489420614934114 0.05125000000000002 0.04690400000000002
1 0.7129296875 0.4598905153733528 0.006250000000000089 0.013133000000000053
1 0.7430078125 0.8210275768667643 0.04249999999999998 0.059099000000000096
1 0.7286328125 0.4458185153733528 0.010624999999999996 0.014072000000000001
1 0.76828125 0.9449688345534407 0.07124999999999992 0.06472800000000009
1 0.7442578125 0.4834567730600293 0.011249999999999982 0.019698999999999967
1 0.779609375 0.49606364421669114 0.011874999999999969 0.015009000000000005
1 0.7791796875 0.4688586442166911 0.0068749999999999645 0.015009999999999976
1 0.78703125 0.4364385153733528 0.008750000000000036 0.014071000000000028
1 0.942890625 0.5435379326500732 0.02124999999999999 0.04596599999999996
1 0.987109375 0.5334733865300146 0.01187500000000008 0.009380999999999981
