1 0.7024609375 0.8018052156862745 0.17062499999999992 0.19665200000000008
1 0.0146484375 0.7164114444444445 0.029375 0.08953900000000002
1 0.0299609375 0.6397405490196079 0.045 0.06359899999999999
1 0.047343750000000004 0.7742558235294118 0.055624999999999994 0.09455999999999998
1 0.0471875 0.670916274509804 0.015625 0.03263600000000001
1 0.06882812499999999 0.7140097908496732 0.035625 0.05355699999999996
1 0.0690625 0.6333636535947713 0.016875 0.03849299999999997
1 0.0909765625 0.6439792222222223 0.034375 0.04518900000000002
1 0.1114453125 0.7633817908496732 0.05687500000000001 0.05355699999999996
1 0.1184375 0.686027980392157 0.04874999999999999 0.05523099999999999
1 0.1256640625 0.6345117908496732 0.018125000000000002 0.05355699999999996
1 0.2052734375 0.8534307516339869 0.155625 0.16318000000000005
1 0.1501953125 0.6203404640522876 0.026874999999999982 0.03430999999999982
1 0.1592578125 0.6589875490196078 0.04124999999999998 0.06527200000000018
1 0.1756640625 0.6236884640522875 0.019375000000000003 0.03430900000000004
1 0.185546875 0.6617609803921569 0.028749999999999998 0.05690299999999987
1 0.206328125 0.7272894444444445 0.06812499999999999 0.09121400000000006
1 0.2290234375 0.6423549281045752 0.03 0.06861899999999993
1 0.2512109375 0.6445537908496732 0.013749999999999984 0.05355699999999996
1 0.2785546875 0.7380640653594771 0.06937499999999996 0.08451899999999994
1 0.2662109375 0.6640135163398693 0.014374999999999971 0.021758000000000034
1 0.2819921875 0.6820577058823529 0.021875000000000033 0.024268000000000005
1 0.3076171875 0.643875843137255 0.021874999999999978 0.04100399999999987
1 0.3172265625 0.6622858431372549 0.03500000000000003 0.04016700000000008
1 0.3271484375 0.7260916013071896 0.030625000000000013 0.05020899999999989
1 0.3276953125 0.6277680849673204 0.026874999999999982 0.030961999999999906
1 0.385390625 0.8933353202614379 0.11375000000000002 0.17071100000000006
1 0.3549609375 0.6475349803921568 0.014374999999999971 0.05523000000000006
1 0.3701953125 0.783411117647059 0.026875000000000038 0.071967
1 0.37953125 0.6802196862745098 0.040000000000000036 0.07949800000000014
1 0.3815625 0.6244210849673202 0.016874999999999973 0.030962000000000055
1 0.4345703125 0.6496732026143791 0.05812499999999998 0.09958199999999992
1 0.4463671875 0.7149014640522876 0.023125000000000007 0.035982999999999925
1 0.4773046875 0.6718516862745099 0.03875000000000001 0.07949799999999999
1 0.4712109375 0.6344630849673203 0.015000000000000013 0.029288000000000022
1 0.4806640625 0.6383846535947713 0.01937500000000003 0.03849300000000005
1 0.5488671875 0.9564740653594772 0.11562500000000003 0.08451899999999994
1 0.5135546875 0.6677710653594771 0.03749999999999998 0.08368199999999999
1 0.5231640625 0.7288650326797385 0.01937499999999992 0.043514000000000067
1 0.5786328125 0.6500400130718954 0.04125000000000001 0.09790799999999997
1 0.5769140625 0.26030070588235293 0.018125000000000058 0.02594099999999996
1 0.610390625 0.6543333594771242 0.020625000000000004 0.06025099999999985
1 0.6224609375 0.673163843137255 0.014375000000000027 0.03933100000000006
1 0.6383984375 0.6242620326797387 0.02937499999999993 0.04435199999999993
1 0.6412890625 0.25062451633986926 0.01937500000000003 0.021758000000000034
1 0.680625 0.9600844967320262 0.09375 0.07698699999999994
1 0.651484375 0.6856124640522875 0.012499999999999956 0.03431000000000004
1 0.682109375 0.6179288758169935 0.043749999999999956 0.0828449999999999
1 0.7519140625 0.6869693594771242 0.05062499999999992 0.06025099999999993
1 0.784453125 0.7156291176470588 0.06687500000000002 0.07112899999999998
1 0.8381640625 0.6919903594771242 0.018125000000000058 0.06025100000000008
1 0.860859375 0.6468560326797386 0.013125000000000053 0.04267799999999997
1 0.8637890625 0.8863401176470588 0.01937500000000003 0.07280300000000016
1 0.9089453125 0.6108680653594771 0.05687500000000001 0.08451800000000001
1 0.9040625 0.6998384640522877 0.015625 0.035982999999999925
1 0.9290234375 0.6725356013071896 0.030624999999999902 0.05020900000000004
1 0.9384765625 0.7237287189542484 0.03500000000000003 0.12050200000000008
1 0.9621875 0.7324197908496732 0.016874999999999973 0.05355699999999996
1 0.975 0.7141688431372549 0.03312500000000007 0.03932999999999999
1 0.988515625 0.7412589803921569 0.020625000000000004 0.05690299999999987
1 0.9954296875 0.7065334640522875 0.0068749999999999645 0.03430900000000004
