1 0.0948828125 0.6863210088105727 0.07375000000000001 0.12417699999999987
1 0.169765625 0.9429122936857564 0.05124999999999999 0.11194699999999999
1 0.226875 0.2750834317180617 0.031875000000000014 0.04609599999999997
1 0.312109375 0.3855388634361233 0.044375 0.08936999999999998
1 0.3885546875 0.35038829074889866 0.03812500000000002 0.07055500000000009
1 0.420859375 0.5970441468428781 0.04375000000000001 0.05832499999999995
1 0.4312890625 0.27398271512481653 0.018125000000000002 0.014110999999999908
1 0.485625 0.8341550058737152 0.06437500000000007 0.08466599999999987
1 0.5077343750000001 0.2712972922173275 0.04375000000000001 0.09313299999999997
1 0.5585546875 0.4476278634361234 0.03749999999999998 0.088429
1 0.561953125 0.5752691497797355 0.03687499999999999 0.09877700000000016
1 0.5999609375 0.7728921483113069 0.04500000000000004 0.07902200000000001
1 0.5998046875 0.6655791497797358 0.03874999999999995 0.0987769999999999
1 0.6080078125 0.3461427209985316 0.04125000000000001 0.09501399999999999
1 0.7162109375 0.4779837180616741 0.04500000000000004 0.053621999999999954
1 0.7498046875 0.5593910073421439 0.038125000000000075 0.10536199999999996
1 0.775703125 0.25271200734214394 0.03687499999999999 0.10536199999999996
1 0.7745703125 0.42158557709251104 0.026874999999999982 0.080903
1 0.7878125 0.3092481453744494 0.016249999999999987 0.03668899999999996
1 0.9057421875 0.625197148311307 0.02312499999999995 0.07713999999999996
