1 0.09451043731778425 0.8095703125 0.03824599999999999 0.02562500000000001
1 0.29471908163265303 0.9237109375 0.023321000000000015 0.01375000000000004
1 0.3257369854227405 0.6882421875 0.033582000000000035 0.022499999999999964
1 0.3492313556851312 0.767890625 0.017723999999999983 0.019999999999999907
1 0.3656140816326531 0.8037109375 0.023320999999999974 0.01375000000000004
1 0.39610725947521863 0.7928125 0.030783000000000015 0.01749999999999996
1 0.39890525947521865 0.704921875 0.029851000000000055 0.02749999999999997
1 0.4037436297376093 0.4298828125 0.015858000000000053 0.010000000000000009
1 0.4065426297376093 0.6211328125 0.014925000000000046 0.010000000000000009
1 0.41674671137026237 0.7809375 0.03544800000000005 0.016875000000000084
1 0.4636795335276968 0.8901171875 0.02798500000000004 0.021874999999999978
1 0.47994580758017497 0.7256640625 0.02518599999999994 0.018749999999999933
1 0.4846098075801749 0.6221875 0.02611900000000003 0.016874999999999973
1 0.4887490816326531 0.4262109375 0.020521999999999957 0.013749999999999984
1 0.5021594373177842 0.709765625 0.03824599999999994 0.020000000000000018
1 0.4976688075801749 0.78859375 0.025186999999999904 0.02375000000000005
1 0.5048409854227406 0.7570703125 0.03264899999999995 0.02562500000000001
1 0.5285702594752186 0.7946484375 0.030783000000000015 0.030625000000000013
1 0.5385404373177842 0.7051953125 0.03824600000000002 0.02562500000000001
1 0.5479253556851311 0.782734375 0.017723999999999983 0.011874999999999969
1 0.609552889212828 0.80359375 0.043843000000000014 0.02375000000000005
1 0.6802139854227405 0.8411328125 0.033582000000000035 0.010624999999999996
1 0.7508760816326531 0.697265625 0.023320999999999974 0.020625000000000004
1 0.7729722594752186 0.8371875 0.03078400000000006 0.01750000000000007
1 0.9393090816326531 0.696015625 0.02332000000000001 0.020625000000000004
1 0.955167081632653 0.6981640625 0.02052200000000012 0.018750000000000044
