1 0.30671875 0.20435408638360178 0.08625 0.16322699999999996
1 0.0189453125 0.7818119326500733 0.025625000000000002 0.044089999999999845
1 0.0275390625 0.49265341727672035 0.018125 0.03470899999999994
1 0.048203125 0.7382480614934115 0.036875000000000005 0.04690399999999994
1 0.1200390625 0.5677004172767203 0.018750000000000003 0.032832999999999994
1 0.1396484375 0.7516786749633967 0.029375000000000012 0.040337999999999936
1 0.150390625 0.4772315461200585 0.020625000000000004 0.03658599999999995
1 0.1634375 0.5012096749633967 0.016874999999999973 0.03846200000000007
1 0.2108203125 0.7723166749633968 0.02687500000000001 0.03846199999999999
1 0.319140625 0.49013703074670567 0.020625000000000004 0.025328000000000128
1 0.3694140625 0.533815159590044 0.01937500000000003 0.027204
1 0.550625 0.7826356749633968 0.03249999999999997 0.040337999999999936
1 0.573359375 0.1858206017569546 0.043749999999999956 0.17542200000000002
1 0.5932421875 0.6287896749633969 0.021874999999999978 0.03846199999999999
1 0.629765625 0.5012096749633967 0.020000000000000018 0.03846200000000007
1 0.654375 0.48684106149341133 0.03125 0.04971800000000003
1 0.7213671875 0.7936651595900439 0.023125000000000062 0.029080000000000116
1 0.732265625 0.5033842884333822 0.02124999999999999 0.031895000000000014
1 0.760625 0.5227856749633969 0.03125 0.03846199999999999
1 0.77984375 0.6843651903367496 0.024375000000000036 0.05159399999999999
1 0.865546875 0.5359196749633967 0.028124999999999956 0.0384610000000001
1 0.9007421875 0.5377956749633968 0.02312499999999995 0.04033700000000005
1 0.9607421875 0.6569326749633968 0.02187500000000009 0.04033699999999997
1 0.9858203125 0.7359591903367496 0.026249999999999996 0.05065700000000006
