1 0.23880174999999998 0.5153288678414097 0.11875000000000002 0.15047000000000002
1 0.1908203125 0.7192880102790015 0.11979199999999998 0.14420100000000005
1 0.2033203125 0.7716888693098385 0.08854200000000001 0.1724139999999999
1 0.2453125 0.4774464331864905 0.07916700000000004 0.06583099999999993
1 0.2857421875 0.3439207195301028 0.054166999999999965 0.07366800000000005
1 0.4188154375 0.29973700587371516 0.06145800000000001 0.084639
1 0.4966796875 0.3191394331864905 0.06979199999999997 0.06739799999999993
1 0.7160810625 0.4301277195301028 0.04999999999999993 0.07523500000000005
1 0.7494140625 0.6322231483113069 0.08020800000000006 0.07837000000000012
1 0.74765625 0.47597800440528637 0.07187500000000002 0.06269599999999996
1 0.767317375 0.5425844346549192 0.10625000000000007 0.08777399999999999
1 0.8529296875 0.8021628678414097 0.13124999999999998 0.15047000000000002
