1 0.5121875 0.8932291666666666 0.07937499999999997 0.161667
1 0.05078125 0.93057325 0.101875 0.1350000000000001
1 0.0157421875 0.7448437499999999 0.0225 0.055000000000000014
1 0.15816406249999998 0.9426565833333332 0.143125 0.11250000000000011
1 0.1159375 0.5582815833333333 0.015625 0.019166000000000016
1 0.1590625 0.75375 0.048125 0.06416700000000002
1 0.2010546875 0.7669274166666668 0.03875000000000001 0.07583299999999997
1 0.3005078125 0.5753125 0.010624999999999996 0.017499999999999922
1 0.32140625 0.5673434166666667 0.009375000000000022 0.014166999999999966
1 0.423984375 0.5893229166666666 0.013124999999999998 0.029167000000000092
1 0.4973046875 0.5652083333333334 0.0068749999999999645 0.010833000000000018
1 0.5987109375 0.69317675 0.04625000000000001 0.055000000000000014
1 0.6587890625 0.8194274166666666 0.11249999999999993 0.20166600000000004
1 0.6286328125 0.5944795 0.011249999999999982 0.015832999999999986
1 0.6710546875 0.6892708333333334 0.07000000000000006 0.09000000000000001
1 0.65453125 0.5816145833333334 0.009375000000000022 0.019167000000000007
1 0.7123828125 0.6087496666666666 0.010624999999999996 0.02083400000000002
1 0.7405859375 0.57671875 0.015000000000000013 0.025832999999999995
1 0.7852734375 0.84432325 0.030000000000000027 0.07083300000000008
1 0.818359375 0.5444795 0.012499999999999956 0.017499999999999922
1 0.875234375 0.840208 0.04437499999999994 0.09500000000000004
1 0.9048828125 0.49734341666666665 0.010624999999999996 0.014999999999999977
1 0.943671875 0.8088017500000001 0.059374999999999956 0.08749999999999991
