1 0.237890375 0.6114586666666666 0.013281000000000015 0.02187500000000009
1 0.24374975 0.703125 0.025000000000000022 0.03333299999999998
1 0.282421625 0.64401075 0.019531999999999994 0.026041000000000054
1 0.33749975 0.6046871666666668 0.023438000000000014 0.03645899999999994
1 0.369921375 0.5476565833333332 0.01250100000000004 0.018750000000000117
1 0.4646484375 0.6244791666666666 0.029687999999999992 0.03750000000000009
1 0.46542993749999995 0.39713575000000007 0.01484300000000005 0.026040999999999908
1 0.4884765625 0.279167 0.03515600000000002 0.03125
1 0.5318356875 0.6726559166666667 0.03828100000000001 0.06041700000000002
1 0.6501948125 0.62682325 0.04140699999999997 0.07291600000000005
1 0.6623044375 0.2638020833333334 0.029687999999999937 0.036457999999999956
1 0.827734125 0.7432291666666666 0.09921900000000006 0.13124999999999995
1 0.9431638124999999 0.38854133333333335 0.04140699999999997 0.07499999999999996
