1 0.0126953125 0.6823048345534406 0.02625 0.06660400000000004
1 0.0115625 0.455016159590044 0.0175 0.027204
1 0.0405078125 0.2305856442166911 0.011250000000000003 0.015008999999999963
1 0.1056640625 0.5415476749633968 0.018125000000000002 0.03846199999999999
1 0.118515625 0.42785531918008785 0.021250000000000005 0.05440900000000005
1 0.1380078125 0.8197909633967789 0.04125000000000001 0.06754300000000008
1 0.1392578125 0.5617037057101025 0.04250000000000001 0.06285199999999998
1 0.1466015625 0.577537448023426 0.035 0.05816100000000004
1 0.160390625 0.37246415959004386 0.020625000000000004 0.029081000000000006
1 0.1945703125 0.7430523191800879 0.057499999999999996 0.054408999999999964
1 0.229375 0.4487909326500732 0.031875000000000014 0.04409000000000001
1 0.2456640625 0.3942686749633968 0.01874999999999999 0.038461000000000016
1 0.2753125 0.47261164421669105 0.016249999999999987 0.01688500000000004
1 0.2912109375 0.5608799633967789 0.044999999999999984 0.06848
1 0.322265625 0.38946341727672035 0.02124999999999999 0.03377100000000009
1 0.3412890625 0.455016159590044 0.018125000000000002 0.027204
1 0.410703125 0.38170496339677884 0.06812499999999999 0.06754200000000006
1 0.3890625 0.32064164421669106 0.015625 0.016884999999999997
1 0.49265625 0.7433239941434846 0.10250000000000004 0.09193299999999989
1 0.56171875 0.6915456383601757 0.11874999999999991 0.10694199999999998
1 0.5946484375 0.23517960761346998 0.030625000000000013 0.08255100000000003
1 0.7620703125 0.41472231918008784 0.026874999999999982 0.053471000000000074
1 0.8540234375 0.7335311229868229 0.09250000000000003 0.09380899999999993
