1 0.7176953125 0.5459378333333333 0.11937500000000001 0.09083300000000001
1 0.005859375 0.35151041666666666 0.0125 0.01500000000000005
1 0.0087890625 0.4208333333333334 0.01875 0.04333299999999992
1 0.0501171875 0.3894270833333333 0.023125 0.03416699999999998
1 0.08859375 0.3397919999999999 0.024375000000000008 0.03250000000000001
1 0.09609375 0.3113538333333334 0.024999999999999994 0.02749999999999993
1 0.13374999999999998 0.2643229166666667 0.032500000000000015 0.030833
1 0.1608203125 0.19739616666666668 0.02562499999999998 0.038332999999999985
1 0.1789453125 0.32416633333333333 0.026874999999999982 0.043333999999999984
1 0.205234375 0.3444795 0.013124999999999998 0.016665999999999997
1 0.392734375 0.14874966666666664 0.011874999999999969 0.02250000000000002
1 0.4139453125 0.14671875 0.026874999999999982 0.024166999999999994
1 0.42328125 0.2972913333333333 0.03999999999999998 0.07333400000000005
1 0.4779296875 0.31432325 0.03875000000000001 0.07083299999999992
1 0.4869921875 0.12182291666666667 0.023125000000000007 0.029167000000000016
1 0.4928515625 0.5345833333333333 0.03437499999999999 0.10500000000000005
1 0.5708984375 0.450208 0.09187499999999993 0.09499999999999997
1 0.668359375 0.3740104166666667 0.07500000000000007 0.13999999999999999
1 0.7571484375 0.679375 0.15499999999999992 0.09500000000000004
