1 0.103671875 0.4638024166666667 0.028124999999999997 0.045832999999999936
1 0.2144921875 0.46250033333333335 0.023125000000000007 0.044166000000000004
1 0.33921875 0.43119825 0.02437499999999998 0.04166599999999998
1 0.3348828125 0.20505175 0.010624999999999996 0.024166999999999977
1 0.3574609375 0.18234341666666665 0.014374999999999971 0.01416700000000004
1 0.439296875 0.5249479166666666 0.028749999999999998 0.06000000000000005
1 0.5296484375 0.4647395833333334 0.030625000000000013 0.051666999999999984
1 0.6019921875 0.4528128333333334 0.02312499999999995 0.05833299999999997
1 0.87375 0.53932325 0.03125 0.07083299999999992
1 0.952421875 0.45651075 0.028125000000000067 0.055000000000000014
