1 0.0682421875 0.6781745833333334 0.05375 0.11342800000000001
1 0.1109765625 0.7659268333333333 0.03499999999999999 0.05754800000000001
1 0.211640625 0.6936129166666666 0.08249999999999999 0.09341099999999998
1 0.250390625 0.5731219166666666 0.020624999999999977 0.03085900000000012
1 0.3515625 0.511872 0.015625 0.0333609999999999
1 0.635859375 0.5950706666666666 0.013124999999999942 0.022518999999999956
1 0.675234375 0.6702005 0.043749999999999956 0.11176000000000001
1 0.6899609375 0.5993428333333334 0.014375000000000027 0.027522999999999964
1 0.8140234375 0.699307 0.06125000000000003 0.06422000000000017
1 0.860859375 0.5016596666666667 0.012500000000000067 0.02251799999999989
