1 0.02734425 0.8402775 0.009113999999999997 0.015625
1 0.0804039375 0.8467885833333334 0.014323000000000002 0.020832999999999952
1 0.1155599375 0.7838545 0.014323000000000002 0.017360999999999887
1 0.19401025 0.7039935 0.009115000000000012 0.015625
1 0.214192375 0.7183164166666667 0.011719000000000007 0.013887999999999975
1 0.3473306875 0.7083333333333334 0.007160999999999973 0.012152999999999933
1 0.354817375 0.9392360000000001 0.013021000000000005 0.03125
1 0.374349125 0.71223925 0.00520799999999999 0.00868100000000016
1 0.3876948125 0.6779513333333332 0.01041700000000001 0.01128499999999999
1 0.4036455 0.89105875 0.016927000000000025 0.024305999999999866
1 0.4902345 0.9240447499999999 0.015625 0.02343800000000007
1 0.4918619375 0.9279516666666666 0.014322999999999975 0.021701000000000043
1 0.5136722499999999 0.7547744166666668 0.009114000000000066 0.013888999999999818
1 0.637370125 0.6805555 0.005859000000000059 0.016492999999999942
1 0.6695968125 0.945313 0.011717999999999895 0.03385400000000013
1 0.6992183750000001 0.7656246666666666 0.011718999999999924 0.02256999999999998
1 0.8102209375 0.7204856666666667 0.014322999999999975 0.020833999999999946
1 0.8912764999999999 0.9144969166666668 0.016927000000000025 0.029513999999999818
1 0.8925784999999999 0.8537329166666666 0.016927000000000136 0.029514000000000113
