1 0.6725 0.8396588823529412 0.12624999999999997 0.130885
1 0.00765625 0.4931127647058824 0.00875 0.011298999999999972
1 0.0111328125 0.4414399411764706 0.010625 0.016006999999999875
1 0.0223046875 0.5614383529411765 0.0075 0.012240999999999962
1 0.02453125 0.43808535294117645 0.008749999999999997 0.012240999999999962
1 0.069609375 0.5606125294117648 0.011874999999999997 0.019773999999999937
1 0.0966796875 0.47398352941176475 0.0062500000000000056 0.017890999999999938
1 0.10265625 0.4710423529411765 0.008749999999999994 0.013182999999999953
1 0.1160546875 0.5088235294117647 0.007499999999999993 0.019773999999999937
1 0.12328125 0.5398965294117646 0.008749999999999994 0.018833000000000096
1 0.1580859375 0.5124104705882353 0.013750000000000012 0.034838999999999905
1 0.1612890625 0.513647705882353 0.018125000000000002 0.025424
1 0.2360546875 0.49540817647058827 0.006874999999999992 0.0075329999999999755
1 0.2398046875 0.5027611176470589 0.006874999999999992 0.02071599999999993
1 0.2468359375 0.5566664705882353 0.015000000000000013 0.032956000000000076
1 0.2522265625 0.48381294117647067 0.0025000000000000022 0.01600699999999996
1 0.2662890625 0.5616707058823529 0.019374999999999976 0.023540000000000016
1 0.2810546875 0.4389111764705882 0.006249999999999978 0.008473999999999983
1 0.3217578125 0.5171813529411764 0.010000000000000009 0.014125000000000026
1 0.3409375 0.5557883529411765 0.015625 0.012241000000000045
1 0.38703125 0.4931127647058824 0.00874999999999998 0.009415999999999973
1 0.4166796875 0.5722087647058823 0.006249999999999978 0.009415999999999973
1 0.4312890625 0.5197101176470588 0.01937500000000003 0.021656999999999937
1 0.42828125 0.5257725294117648 0.00874999999999998 0.019773999999999937
1 0.4823046875 0.5234771176470587 0.007500000000000007 0.022599000000000008
1 0.4898046875 0.5215931176470588 0.006249999999999978 0.020716000000000012
1 0.5359375 0.5908607058823531 0.01750000000000007 0.025423999999999832
1 0.53578125 0.5948600588235294 0.008750000000000036 0.03672299999999989
1 0.543828125 0.5190653529411764 0.005624999999999991 0.012241000000000045
1 0.5541796875 0.5142401764705882 0.006249999999999978 0.008474999999999965
1 0.5812109375 0.5912731176470588 0.015000000000000013 0.021658000000000004
1 0.6246484375 0.6013242941176471 0.06062500000000004 0.07721199999999993
1 0.6063671875 0.678960294117647 0.023125000000000062 0.027306999999999998
1 0.598828125 0.48705035294117655 0.005624999999999991 0.01318199999999997
1 0.6411328125 0.5771908235294116 0.07374999999999998 0.0960450000000002
1 0.6140625 0.6575995294117647 0.016250000000000098 0.018831999999999946
1 0.66578125 0.7970002352941176 0.07062500000000005 0.09227900000000004
1 0.67296875 0.5505924705882352 0.05625000000000002 0.08474599999999997
1 0.704609375 0.5432928235294118 0.04437500000000005 0.09416099999999997
1 0.93703125 0.5875594117647059 0.04062500000000002 0.04802299999999993
1 0.9278125 0.6085716470588236 0.016874999999999973 0.04048899999999996
1 0.98671875 0.48997994117647065 0.024375000000000036 0.06591299999999996
1 0.99453125 0.5177632352941176 0.008750000000000036 0.04237299999999986
