1 0.0160029375 0.5413365833333333 0.014166 0.020000000000000018
1 0.02505175 0.6881946666666666 0.024166999999999998 0.0233329999999999
1 0.0340751875 0.6761627499999999 0.0225 0.0244450000000002
1 0.1482158125 0.7263193333333332 0.01083400000000001 0.012222000000000103
1 0.17973925 0.52057325 0.008334000000000008 0.010000000000000009
1 0.1885283125 0.7024475833333333 0.026667000000000024 0.020000000000000018
1 0.2240498125 0.5202255833333332 0.01083300000000001 0.018889000000000083
1 0.2287626875 0.5244795 0.007499999999999979 0.016665999999999997
1 0.253125 0.7150872500000002 0.031667 0.03999999999999989
1 0.332526375 0.5344795 0.012500000000000011 0.017776999999999932
1 0.367265625 0.6385768333333334 0.020000000000000018 0.02777699999999994
1 0.4137890625 0.5654339166666666 0.01916699999999999 0.029999999999999954
1 0.5007158125 0.4991145833333333 0.01083400000000001 0.018889000000000083
1 0.5204560625 0.6230208333333334 0.018333000000000044 0.026666999999999923
1 0.5257158125 0.5153994166666668 0.011666999999999983 0.015554999999999838
1 0.5282158125 0.6170836666666667 0.01083400000000001 0.022222000000000037
1 0.551432625 0.5553994166666668 0.020000000000000018 0.015554999999999838
1 0.5852734375 0.8382636666666666 0.061666999999999916 0.05333400000000014
1 0.6143623125 0.6991835833333333 0.02666600000000008 0.05111200000000012
1 0.6379560625 0.5837496666666667 0.018332999999999933 0.021110999999999953
1 0.6448828125 0.5778125 0.011666999999999983 0.017778
1 0.7171484375 0.6832464166666666 0.030000000000000027 0.04444500000000007
1 0.7187626874999999 0.5257815833333334 0.007500000000000062 0.020000000000000018
1 0.82140625 0.5500345 0.009167000000000036 0.01777800000000007
1 0.99473925 0.6137496666666666 0.008334000000000064 0.02222300000000003
