1 0.10470641379310344 0.980703125 0.06211200000000002 0.036250000000000004
1 0.23540755172413794 0.52375 0.03933799999999996 0.03249999999999997
1 0.23963272413793102 0.2308203125 0.044859 0.02562499999999998
1 0.30623703448275863 0.137421875 0.02622499999999998 0.027499999999999997
1 0.332110724137931 0.13917968749999998 0.04485899999999991 0.03749999999999999
1 0.4931898965517241 0.1923828125 0.11042099999999994 0.10500000000000001
1 0.47165079310344826 0.49375 0.032435999999999965 0.06312499999999999
1 0.486699724137931 0.0615234375 0.043479000000000094 0.029375
1 0.5792502758620691 0.8005078125 0.08350599999999991 0.04249999999999998
1 0.5595992068965517 0.5571875 0.03174599999999993 0.015625
1 0.6727812068965517 0.331484375 0.03174599999999999 0.011875000000000024
1 0.6880972758620689 0.3365625 0.020704000000000094 0.015625
