1 0.0208984375 0.9638024166666668 0.03 0.04666599999999995
1 0.132265625 0.5874475833333334 0.01999999999999999 0.018334000000000072
1 0.153671875 0.60119825 0.028749999999999998 0.041665999999999905
1 0.19046875 0.5265104166666666 0.024999999999999994 0.014999999999999977
1 0.1943359375 0.54671875 0.015000000000000013 0.02500000000000006
1 0.223515625 0.4963538333333333 0.020000000000000018 0.026666999999999996
1 0.231015625 0.46374966666666667 0.02124999999999999 0.021666999999999954
1 0.25765625 0.49541666666666667 0.008750000000000036 0.021666999999999954
1 0.4023828125 0.5170836666666666 0.009999999999999953 0.021665999999999963
1 0.4573828125 0.39729200000000003 0.011249999999999982 0.03166599999999997
1 0.550859375 0.4876559166666667 0.012499999999999956 0.030000000000000027
1 0.60546875 0.443958 0.02375000000000005 0.031667000000000035
1 0.6678125 0.36671875 0.01749999999999996 0.02500000000000006
1 0.807265625 0.4309899166666667 0.02124999999999999 0.029999999999999954
1 0.8437890625 0.4320836666666667 0.018750000000000044 0.023332999999999975
1 0.8687890625 0.5948434166666666 0.018750000000000044 0.013333999999999957
1 0.879609375 0.5565104166666667 0.012499999999999956 0.014999999999999902
