1 0.05109375 0.650891803806735 0.024375 0.042213999999999974
1 0.0844921875 0.7056425768667643 0.021875000000000006 0.06003799999999996
1 0.2101953125 0.5095384172767203 0.026874999999999982 0.032832999999999994
1 0.2180859375 0.449387159590044 0.015000000000000013 0.027204999999999886
1 0.2761328125 0.5129496442166911 0.010000000000000009 0.01688500000000004
1 0.289609375 0.5867600307467057 0.013124999999999998 0.026266000000000022
1 0.3492578125 0.318765644216691 0.011250000000000038 0.01688500000000004
1 0.3663671875 0.5420296442166911 0.021874999999999978 0.01688599999999993
1 0.4496875 0.46931467496339685 0.016249999999999987 0.04033799999999985
1 0.513984375 0.38038103074670576 0.011874999999999969 0.025328000000000003
1 0.5213671875 0.46650067496339676 0.021874999999999978 0.03846199999999999
1 0.5255859375 0.3822570307467057 0.013749999999999929 0.02345200000000001
1 0.5962890625 0.4568921595900439 0.01937500000000003 0.02907999999999995
1 0.6049609375 0.4686752884333821 0.013749999999999929 0.03001899999999998
1 0.7213671875 0.48784915959004393 0.023125000000000062 0.027203999999999916
1 0.7277734375 0.5063125461200586 0.02937500000000004 0.03564699999999984
1 0.7244140625 0.47261164421669105 0.01937500000000003 0.01688500000000004
1 0.779140625 0.18514477306002927 0.020625000000000004 0.01969999999999998
1 0.802265625 0.24957515959004392 0.020625000000000004 0.027204
1 0.8582421875 0.6776839326500732 0.021874999999999978 0.04596699999999993
1 0.9050390625 0.639819159590044 0.01937500000000003 0.027204
