1 0.0628935625 0.6271342318104907 0.065333 0.09006900000000007
1 0.2259345625 0.5694205211505922 0.034667 0.04041600000000008
1 0.2371748125 0.5408498527918782 0.04266599999999998 0.062354999999999924
1 0.3445546875 0.5290055211505923 0.03866700000000001 0.038105999999999904
1 0.475671875 0.476264758037225 0.02799999999999997 0.05542699999999993
1 0.4927890625 0.4594241895093063 0.018000000000000016 0.016165999999999982
1 0.585098625 0.4343165211505922 0.020000000000000018 0.03926099999999989
1 0.596526375 0.43539161590524533 0.012665999999999955 0.046189000000000036
1 0.719484375 0.642545758037225 0.04400000000000004 0.055428
1 0.732629875 0.6825845211505922 0.059334 0.04041600000000008
1 0.8646953125 0.4701135211505923 0.026000000000000023 0.03926099999999994
