1 0.12882812500000002 0.06542611764705883 0.035625000000000004 0.073446
1 0.1879296875 0.5436413529411765 0.07 0.11393599999999997
1 0.2066796875 0.548117 0.06937500000000002 0.10169500000000001
1 0.246953125 0.8585547647058824 0.06812499999999999 0.11016999999999973
1 0.2799609375 0.8071364705882353 0.04625000000000001 0.03295699999999997
1 0.3746484375 0.20131535294117647 0.06187500000000001 0.06403
1 0.3764453125 0.15217129411764704 0.05812499999999998 0.07909599999999999
1 0.4730078125 0.48120870588235287 0.04125000000000001 0.07627199999999999
1 0.491796875 0.7140220588235294 0.05874999999999997 0.08662899999999997
1 0.5002734375 0.4910381176470588 0.030625000000000013 0.07156300000000003
1 0.5312890625 0.5465825294117648 0.050000000000000044 0.11770199999999989
1 0.52828125 0.5202175294117647 0.04062499999999991 0.11770200000000014
