1 0.42765625 0.2905006691068814 0.070625 0.13039399999999998
1 0.0762890625 0.8991343133235725 0.111875 0.14446499999999993
1 0.0469921875 0.5832355461200586 0.021875000000000006 0.03658499999999998
1 0.1181640625 0.899774699853587 0.04999999999999999 0.15384600000000018
1 0.2308203125 0.8699313382137628 0.181875 0.25797400000000015
1 0.395625 0.1639287672035139 0.06374999999999997 0.10975599999999999
1 0.56328125 0.8451631229868228 0.07062500000000005 0.09474700000000007
1 0.5844140625 0.6131585095168375 0.04999999999999993 0.104127
1 0.59015625 0.673835896046852 0.04062499999999991 0.11350800000000007
1 0.91171875 0.9622667057101026 0.05625000000000002 0.06285099999999967
