1 0.8181640625 0.83942675 0.08062500000000006 0.11750000000000001
1 0.103125 0.5849479166666667 0.031875 0.05999999999999998
1 0.129296875 0.57901075 0.028749999999999998 0.055000000000000014
1 0.156171875 0.38276008333333333 0.028750000000000026 0.03416700000000006
1 0.206796875 0.5102600833333333 0.028749999999999998 0.03583400000000007
1 0.4419140625 0.5694795 0.01937500000000003 0.015832999999999913
1 0.4926953125 0.5916663333333334 0.026874999999999982 0.04416699999999992
1 0.541171875 0.4677086666666667 0.02750000000000008 0.05333299999999993
1 0.7503125 0.34869825 0.04874999999999996 0.040000000000000036
1 0.85890625 0.3916663333333333 0.07187500000000002 0.04333400000000006
