1 0.07546875 0.2514065833333334 0.024999999999999994 0.04999999999999997
1 0.1062890625 0.018229166666666668 0.018750000000000003 0.036667
1 0.424375 0.8554166666666667 0.03125 0.023333000000000048
1 0.49828125 0.8198434166666666 0.040000000000000036 0.015000000000000124
1 0.5032421874999999 0.4071354166666667 0.02250000000000002 0.046667000000000014
1 0.676875 0.3510416666666667 0.03249999999999997 0.05333299999999993
1 0.679921875 0.245625 0.02749999999999997 0.033332999999999946
1 0.7005859375 0.3520836666666667 0.015000000000000013 0.021666000000000036
1 0.7435546875 0.13401075 0.03875000000000006 0.05499999999999999
1 0.83375 0.8765621666666666 0.0625 0.036667000000000005
1 0.8555078125 0.13088508333333335 0.04125000000000001 0.06666699999999999
1 0.88046875 0.820625 0.023749999999999938 0.031666999999999966
