1 0.04041666666666666 0.4325390625 0.023333000000000003 0.01874999999999999
1 0.10312499999999998 0.6394140625 0.03166700000000002 0.018750000000000044
1 0.13494758333333334 0.6245703125 0.018334 0.02562500000000001
1 0.16244758333333334 0.4412109375 0.018334000000000017 0.015000000000000013
1 0.16494758333333334 0.420390625 0.01999999999999998 0.019999999999999962
1 0.18635383333333333 0.4462890625 0.02749999999999997 0.01874999999999999
1 0.21244791666666665 0.7396484375 0.06166699999999999 0.02937500000000004
1 0.23723924999999998 0.6432421875 0.008334000000000027 0.02187500000000009
1 0.2716145833333334 0.526015625 0.01833299999999997 0.020625000000000004
1 0.2807291666666667 0.6590234375 0.036667000000000005 0.030625000000000013
1 0.32671875 0.9014453125 0.024999999999999984 0.02562500000000001
1 0.3527600833333333 0.7870703125 0.03583400000000007 0.026874999999999982
1 0.4607291666666667 0.941796875 0.036667000000000005 0.028750000000000053
