1 0.4455859375 0.9318992878120411 0.01375000000000004 0.031044999999999892
1 0.4587890625 0.8889240014684289 0.019374999999999976 0.02069599999999983
1 0.460859375 0.9226761439060205 0.013124999999999998 0.016933000000000045
1 0.4796875 0.890392430249633 0.01687500000000003 0.025400000000000058
1 0.611484375 0.5309634317180617 0.04312500000000008 0.04609599999999997
1 0.621875 0.6012655770925112 0.0318750000000001 0.08090299999999992
1 0.6266015625 0.4749778619676946 0.03500000000000003 0.06773299999999999
1 0.63359375 0.44253443171806167 0.024375000000000036 0.044214
1 0.657265625 0.3110611468428781 0.05125000000000002 0.05832500000000004
1 0.6943359375 0.2871754346549192 0.04500000000000004 0.08560700000000002
