1 0.4788671875 0.5858662404692082 0.17812499999999998 0.515948
1 0.015625 0.6880519560117302 0.031875 0.14071300000000012
1 0.02734375 0.49110902639296183 0.055 0.11913699999999994
1 0.1096484375 0.8105396422287389 0.09187500000000001 0.19043100000000016
1 0.1433203125 0.3199038211143695 0.05749999999999998 0.09568500000000005
1 0.18375 0.48366750733137825 0.09562500000000002 0.145403
1 0.217421875 0.40709075073313783 0.09125 0.117261
1 0.3972265625 0.6288344046920822 0.06625000000000003 0.13320799999999997
1 0.5828515625 0.4355968152492669 0.09624999999999995 0.181051
1 0.7598046875 0.8376503225806453 0.19500000000000006 0.3227020000000001
1 0.9287109375 0.5052603284457478 0.14 0.23827300000000007
1 0.977109375 0.36927557771261 0.04375000000000007 0.12476599999999997
