1 0.0503818125 0.6488016863033873 0.073186 0.13574200000000006
1 0.221573875 0.66268429455081 0.028496999999999967 0.03320399999999995
1 0.2277111875 0.352602032400589 0.022021000000000013 0.02539100000000008
1 0.279863875 0.6363803269513991 0.027849000000000013 0.05761799999999997
1 0.293424375 0.3575005405007364 0.012952999999999992 0.03125
1 0.5094370625 0.5869770324005891 0.019429999999999947 0.025390999999999952
1 0.5243634374999999 0.4644578026509573 0.030440000000000134 0.039062999999999994
1 0.533790375 0.4230100810014728 0.04468899999999998 0.05956999999999994
1 0.7386908125 0.2789118026509573 0.011657999999999946 0.03906200000000005
1 0.7442115 0.2789118026509573 0.016838999999999937 0.03906200000000005
1 0.8909636875 0.36288029455081006 0.03756499999999996 0.03320299999999988
1 0.9401563125000001 0.3492238026509573 0.027201999999999837 0.04003899999999998
1 0.988392625 0.4532675729013254 0.020724999999999993 0.053711000000000064
