1 0.735 0.7003861497797357 0.09437499999999999 0.09783700000000002
1 0.1498046875 0.6180374405286343 0.10125 0.16839100000000004
1 0.278203125 0.4939525785609398 0.06812499999999999 0.10065900000000004
1 0.356328125 0.4849132907488987 0.06812499999999999 0.07149600000000003
1 0.3841796875 0.40777329074889873 0.03812500000000002 0.071495
1 0.3957421875 0.5365384331864905 0.053749999999999964 0.06491099999999998
1 0.6403515625 0.8786662995594712 0.15937499999999993 0.19473200000000013
1 0.620234375 0.5027414317180616 0.043749999999999956 0.04609599999999997
1 0.6530078125 0.567927005873715 0.07250000000000001 0.08278400000000007
1 0.6951953125 0.6496792878120411 0.057499999999999996 0.03104500000000006
1 0.7795703125 0.8800671497797358 0.08875 0.09877700000000007
