1 0.1337890625 0.37081969364161843 0.018125000000000002 0.025000000000000057
1 0.1519140625 0.36449364739884393 0.019375000000000003 0.05648200000000004
1 0.21890625 0.8929456878612716 0.07062500000000002 0.08981499999999998
1 0.2091796875 0.5934913872832369 0.03812500000000002 0.04722300000000016
1 0.446484375 0.6423838208092485 0.04375000000000001 0.06203700000000006
1 0.4382421875 0.5233457341040462 0.023125000000000007 0.06018600000000015
1 0.6383984375 0.5493421271676301 0.02937499999999993 0.03796299999999993
1 0.6444921875 0.5844149537572254 0.02312499999999995 0.03425899999999998
1 0.819609375 0.9578566936416184 0.04437500000000005 0.02407400000000005
1 0.8548046875 0.9883005202312137 0.03874999999999995 0.01944400000000014
1 0.88 0.83174912716763 0.03187499999999999 0.03796300000000017
