1 0.041874999999999996 0.9573481903367497 0.03125 0.05159499999999995
1 0.15984375 0.9024130614934116 0.02437499999999998 0.04784199999999991
1 0.2180859375 0.8961446749633968 0.013750000000000012 0.04033699999999997
1 0.242734375 0.7913762884333823 0.012500000000000011 0.030956999999999874
1 0.3350390625 0.7589561595900438 0.01937500000000003 0.027203999999999916
1 0.3428125 0.7974171595900439 0.016874999999999973 0.02908100000000009
1 0.3676171875 0.766460159590044 0.023125000000000007 0.02720499999999997
1 0.416796875 0.8783206749633969 0.02812500000000001 0.03846199999999982
1 0.4803125 0.910741803806735 0.016250000000000042 0.04221400000000006
1 0.512890625 0.7886765461200586 0.020625000000000004 0.03658500000000006
1 0.5819140625 0.8474779326500733 0.018125000000000058 0.04502800000000007
1 0.681015625 0.7610596749633968 0.02124999999999999 0.038461999999999906
1 0.722734375 0.6005334172767203 0.011874999999999969 0.032832999999999994
1 0.899609375 0.9354304172767203 0.013124999999999942 0.032832999999999994
1 0.9642578125 0.9109261595900439 0.011249999999999982 0.027204
