1 0.4979296875 0.7448898286969253 0.06937499999999996 0.15651399999999985
1 0.048046875 0.4678394172767204 0.028124999999999997 0.03280199999999994
1 0.21 0.4275394172767204 0.031875000000000014 0.03280199999999994
1 0.251640625 0.42209277306002924 0.020625000000000004 0.019682000000000026
1 0.3315625 0.3506884172767204 0.01687500000000003 0.034676999999999965
1 0.3587109375 0.47598080380673496 0.014375000000000027 0.04217400000000001
1 0.4057421875 0.8014765402635431 0.08437499999999998 0.126523
1 0.449296875 0.5975803499267935 0.06 0.07872499999999995
1 0.54046875 0.5687598653001464 0.055624999999999925 0.08809699999999993
1 0.5987890625 0.37370854612005855 0.018125000000000058 0.036551000000000014
1 0.6071875 0.580243319180088 0.016249999999999987 0.05342099999999989
1 0.7362890625 0.7922217979502196 0.04999999999999993 0.1330830000000001
1 0.8487890625 0.27278315959004396 0.018125000000000058 0.02905399999999997
1 0.9571484375 0.5198524480234261 0.030625000000000013 0.058106999999999964
