1 0.048623337016574585 0.747265875 0.054819000000000014 0.06015599999999999
1 0.056582447513812154 0.65546925 0.044208 0.071874
1 0.10277930939226519 0.394140375 0.056587000000000005 0.042969000000000035
1 0.3483583370165746 0.738671875 0.054819000000000014 0.0601560000000001
1 0.4029574751381215 0.74296825 0.04332399999999998 0.07031299999999996
1 0.558572585635359 0.348437 0.03448300000000011 0.03281299999999998
1 0.5806764751381217 0.72890625 0.042440000000000026 0.07109399999999999
1 0.624885585635359 0.7521484375 0.03448300000000005 0.06171899999999997
1 0.8054775580110497 0.7412111874999999 0.03713600000000009 0.05312500000000009
1 0.9237332541436465 0.412108875 0.06012399999999993 0.058594000000000035
