1 0.043359375 0.44192675 0.074219 0.18020899999999998
1 0.069140625 0.5861975833333334 0.052344 0.08229200000000003
1 0.172265875 0.08828124999999999 0.05937499999999998 0.10208299999999998
1 0.2648435 0.7700520833333334 0.142188 0.19062499999999982
1 0.48945337499999997 0.7882815833333333 0.04453099999999999 0.08124999999999998
1 0.590625 0.9442705 0.09531300000000009 0.109375
1 0.6814453125 0.3078125 0.025781000000000054 0.046875
1 0.678515375 0.7085940833333334 0.013282000000000016 0.036457999999999956
1 0.851953375 0.2895833333333333 0.07500000000000007 0.07395800000000004
1 0.859765875 0.10182324999999999 0.08984399999999992 0.16562500000000002
