1 0.56640575 0.6954607672035138 0.11816499999999996 0.10834600000000015
1 0.029297187500000002 0.5124451595900439 0.023437 0.027817999999999964
1 0.051757625 0.5095169019033675 0.020508 0.02342599999999999
1 0.1367190625 0.5285501595900439 0.018554000000000015 0.02781900000000002
1 0.20312493750000002 0.5358709326500732 0.04589799999999997 0.046851999999999894
1 0.2685546875 0.550512448023426 0.039061999999999986 0.05856499999999997
1 0.464844125 0.5768668038067349 0.03613199999999994 0.04246
1 0.5937496875 0.8857980556368961 0.13183600000000006 0.14055599999999993
1 0.5566402500000001 0.7789169326500732 0.03906299999999996 0.04685199999999998
1 0.674805 0.6266471903367496 0.03222600000000009 0.05124400000000012
1 0.71777375 0.7174233499267936 0.08691399999999994 0.07759899999999999
1 0.752930125 0.667642448023426 0.06835899999999995 0.05710100000000006
1 0.7734370625 0.5841875461200586 0.01757900000000001 0.036602999999999976
1 0.7753910625 0.5710097730600292 0.019530999999999965 0.019034000000000013
1 0.8203129375 0.588580159590044 0.014647999999999994 0.027818000000000048
1 0.8310543125000001 0.6632500307467057 0.02539099999999994 0.024891000000000038
