1 0.616536625 0.8337674166666668 0.08398400000000006 0.10850699999999991
1 0.16927075 0.24131933333333336 0.024740000000000012 0.041666999999999975
1 0.1917321875 0.2612848333333333 0.023436999999999986 0.027778000000000042
1 0.24349 0.3272573333333333 0.033202999999999955 0.043402000000000086
1 0.510417125 0.2808160833333333 0.03645799999999999 0.06684000000000001
1 0.5315753125 0.2760416666666667 0.026692999999999967 0.05295100000000005
1 0.56835925 0.69227425 0.07096400000000003 0.0720490000000001
1 0.612630125 0.3563370833333333 0.03645799999999999 0.036457999999999956
1 0.9121092500000001 0.8459199166666668 0.07096399999999992 0.12413200000000006
1 0.9095047500000001 0.4809023333333333 0.023437999999999848 0.04340300000000008
1 0.9202471874999999 0.493056 0.021485000000000087 0.032986000000000036
