1 0.0107421875 0.3745506862170088 0.0225 0.05169200000000003
1 0.011640625 0.37015185923753663 0.020624999999999998 0.04229300000000001
1 0.2823046875 0.42925219941348974 0.03812500000000002 0.10902299999999997
1 0.2865625 0.18413592961876832 0.01687500000000003 0.021617000000000046
1 0.3137890625 0.4434242697947214 0.04999999999999999 0.0892860000000001
1 0.3013671875 0.16575265395894426 0.021874999999999978 0.018796999999999994
1 0.3323828125 0.10458758357771261 0.010624999999999996 0.03853399999999999
1 0.3410546875 0.16199265395894427 0.007500000000000007 0.018797000000000015
1 0.38203125 0.7502289941348973 0.070625 0.0864659999999999
1 0.3644140625 0.3555275835777126 0.018125000000000002 0.04041399999999998
1 0.404453125 0.7238774046920822 0.09874999999999995 0.13251900000000005
1 0.3740625 0.22037720527859234 0.016249999999999987 0.023496000000000038
1 0.383359375 0.23740675659824045 0.013124999999999998 0.030076
1 0.408203125 0.46353651319648087 0.03562500000000002 0.060150000000000044
1 0.4084375 0.2557910322580645 0.015625 0.032894000000000034
1 0.485859375 0.11774558357771263 0.013124999999999998 0.04041399999999998
1 0.52390625 0.6094770967741935 0.040000000000000036 0.09868400000000006
1 0.5524609375 0.6088738592375367 0.013749999999999929 0.04229300000000005
1 0.5793359375 0.0783851348973607 0.01375000000000004 0.044173000000000004
1 0.5865625 0.28575248093841643 0.016874999999999973 0.027255999999999968
1 0.594765625 0.08361041055718475 0.020625000000000004 0.04699300000000001
1 0.6087109375 0.31195592961876834 0.013749999999999929 0.020675999999999965
1 0.7166796875 0.48914050733137837 0.10124999999999995 0.14567699999999995
1 0.6843359375 0.22413620527859235 0.01375000000000004 0.025376000000000044
1 0.688359375 0.27507582697947214 0.013125000000000053 0.011278000000000048
1 0.700625 0.5062422375366569 0.03312499999999996 0.056391000000000004
