1 0.031132812500000002 0.6966149166666668 0.041249999999999995 0.06083299999999999
1 0.0647265625 0.5983333333333333 0.034375 0.041667000000000044
1 0.1214453125 0.5834899166666666 0.026874999999999996 0.03083299999999996
1 0.1813671875 0.5477600833333334 0.023125000000000007 0.034999999999999996
1 0.3428515625 0.6864065833333334 0.03375 0.05083300000000005
1 0.4351953125 0.6358333333333334 0.026875000000000038 0.04333299999999999
1 0.4430078125 0.5379166666666667 0.011250000000000038 0.022500000000000037
1 0.4703125 0.5657815833333334 0.015625 0.020832999999999952
1 0.903671875 0.6418229166666666 0.02749999999999997 0.030833000000000037
1 0.9758984375 0.56953125 0.02937499999999993 0.03916699999999995
