1 0.3273828125 0.7025 0.104375 0.125
1 0.0194921875 0.14104133333333332 0.021875 0.012500000000000011
1 0.030390625 0.15151041666666665 0.020625 0.01333300000000002
1 0.0645703125 0.3741663333333333 0.025625000000000002 0.04249999999999998
1 0.1073828125 0.2904684166666667 0.041249999999999995 0.044999999999999964
1 0.1212890625 0.2628125 0.01812499999999999 0.017500000000000033
1 0.279609375 0.1103125 0.013124999999999998 0.016667000000000005
1 0.3026171875 0.1776559166666667 0.023125000000000007 0.03000000000000001
1 0.30484375 0.1927600833333333 0.024999999999999967 0.035834
1 0.3273046875 0.09531249999999998 0.006249999999999978 0.017500000000000016
1 0.400390625 0.6815625 0.08374999999999999 0.07916700000000014
1 0.4387890625 0.16317741666666666 0.018125000000000002 0.014165999999999975
1 0.571484375 0.11817741666666666 0.013124999999999942 0.014166000000000012
1 0.587265625 0.17671875 0.020625000000000004 0.025832999999999995
1 0.744765625 0.11005175 0.020625000000000004 0.024166999999999994
1 0.7970703125 0.4811975833333333 0.05812499999999998 0.08083400000000007
1 0.8438671875 0.4221354166666667 0.05312499999999998 0.045832999999999936
