1 0.893828125 0.7629280640394088 0.09875 0.37124799999999997
1 0.1705859375 0.6288024876847291 0.014999999999999986 0.04581399999999999
1 0.2296484375 0.9465750837438424 0.061874999999999986 0.10110600000000014
1 0.2878515625 0.9561907044334975 0.03437499999999999 0.06793000000000005
1 0.3191796875 0.827718866995074 0.03875000000000001 0.08372799999999982
1 0.3776953125 0.8744149211822662 0.02562500000000001 0.08530899999999995
1 0.3862890625 0.8801745960591133 0.018125000000000002 0.05845100000000003
1 0.4730859375 0.6547754334975371 0.013749999999999984 0.04265399999999998
1 0.4765625 0.6463665960591134 0.017500000000000016 0.05529300000000008
1 0.5337890625 0.8459284334975369 0.018124999999999947 0.04265400000000012
1 0.6134375 0.8396094334975369 0.015625 0.04265399999999998
1 0.6915625 0.6868812709359606 0.016875000000000084 0.02843599999999994
1 0.694609375 0.7318617044334975 0.01187500000000008 0.06477100000000004
1 0.8137109375 0.8888705172413792 0.04500000000000004 0.13902100000000012
1 0.866953125 0.63894278817734 0.03562500000000002 0.16271700000000003
