1 0.9335546875 0.792083 0.13187499999999996 0.3125
1 0.1225 0.7109895833333333 0.09562500000000002 0.238333
1 0.2407421875 0.825625 0.11624999999999999 0.1574999999999999
1 0.3460546875 0.8215621666666667 0.09999999999999998 0.161667
1 0.4434765625 0.6503645833333334 0.06624999999999998 0.08250000000000002
1 0.4562890625 0.8030208333333334 0.050624999999999976 0.15166700000000008
1 0.5231250000000001 0.8528125000000001 0.09437500000000004 0.1408329999999999
1 0.563671875 0.8128649166666667 0.09062499999999996 0.12333299999999998
1 0.5544140625 0.6220829999999999 0.04937499999999995 0.0625
1 0.6408984375 0.835833 0.09187500000000004 0.12583399999999992
1 0.7870703125 0.9269795 0.08937499999999998 0.14083300000000007
