1 0.051272000000000005 0.40428906149341143 0.03314599999999999 0.047841999999999996
1 0.0567036875 0.36125131918008785 0.038149 0.05347099999999995
1 0.057526 0.3526940614934114 0.031895 0.04784300000000001
1 0.096848875 0.405112803806735 0.028143 0.042213999999999974
1 0.28731843749999997 0.4808001903367497 0.02939400000000003 0.05159499999999987
1 0.2984221875 0.5089431903367496 0.02313900000000002 0.05253200000000013
1 0.3328953125 0.47851231918008785 0.026892000000000027 0.05347099999999999
1 0.3785493125 0.5134046749633968 0.026890999999999943 0.03846199999999999
1 0.392504625 0.5367434172767205 0.02063799999999999 0.03470899999999994
1 0.42955687500000006 0.5415476749633968 0.028142999999999918 0.03846199999999999
1 0.43678743750000004 0.38230119033674964 0.030018999999999962 0.05065699999999994
1 0.4585221875 0.3783206749633967 0.021888999999999936 0.039400000000000046
1 0.5430263125 0.601357159590044 0.025641000000000025 0.029080999999999923
1 0.5499834375 0.5943081903367496 0.029393000000000002 0.05159500000000004
1 0.6249533125 0.6502514172767203 0.026890999999999998 0.03471
1 0.6756864375 0.6747556749633968 0.02939399999999992 0.03846199999999999
1 0.8467690000000001 0.9286790614934115 0.0331459999999999 0.04971899999999984
1 0.8663973749999999 0.9508512884333821 0.01313299999999995 0.03095700000000004
