1 0.1298828125 0.4700520833333333 0.073437 0.09791700000000003
1 0.0935549375 0.6062496666666667 0.07656199999999998 0.05208399999999994
1 0.3142580625 0.45104133333333335 0.04921900000000001 0.041666999999999975
1 0.3474604375 0.4609371666666666 0.029687999999999992 0.038542000000000076
1 0.4478515625 0.47734408333333334 0.03515600000000002 0.034375000000000044
1 0.48222681249999994 0.4838538333333333 0.04140600000000011 0.026042000000000048
1 0.70625 0.513542 0.03281199999999995 0.03333299999999998
1 0.86875 0.5200520833333334 0.03281299999999987 0.036458000000000025
1 0.9148440000000001 0.6869788333333333 0.0625 0.0885419999999999
1 0.9216799375000001 0.7557295 0.0765619999999998 0.046875
1 0.9068359375 0.5450520833333333 0.04609400000000008 0.034375000000000044
1 0.9343747499999999 0.6372395833333334 0.05468800000000018 0.051041999999999886
1 0.9591796875 0.5760413333333334 0.03749999999999998 0.04374999999999988
