1 0.0392695 0.345393125 0.016556 0.03642299999999998
1 0.0778595625 0.46095037499999997 0.03476799999999999 0.07615900000000003
1 0.15079175 0.548232875 0.024833999999999995 0.0927150000000001
1 0.18781 0.553497 0.033113000000000004 0.09602699999999997
1 0.311983 0.49091975000000004 0.033111999999999975 0.05629199999999995
1 0.3203451875 0.577439625 0.021523000000000014 0.082781
1 0.34900125 0.28893274999999996 0.03973500000000002 0.05629200000000001
1 0.399731 0.615053125 0.03145700000000001 0.09933800000000004
1 0.4660401875 0.41144975 0.02317900000000006 0.056291000000000035
1 0.483870875 0.599092375 0.028144999999999976 0.10927100000000001
1 0.5331575625 0.59713925 0.03476799999999991 0.10264899999999999
1 0.58291075 0.401942625 0.024834000000000023 0.08278200000000002
1 0.60834 0.4099235 0.03145700000000007 0.07947000000000004
1 0.6394156875 0.5519707500000001 0.038078999999999974 0.11920599999999992
1 0.6695989999999999 0.556045375 0.03145600000000004 0.10596100000000008
1 0.6821645625 0.30243725 0.03476800000000002 0.10264900000000005
1 0.7635876875 0.687901125 0.038080000000000114 0.09933799999999993
1 0.765327875 0.340813375 0.028144999999999976 0.10927200000000004
1 0.7897805625 0.6892590000000001 0.03476800000000002 0.09602699999999986
1 0.8566008125 0.519621375 0.04139000000000004 0.10596099999999992
1 0.90151575 0.969099625 0.05629200000000001 0.052979999999999916
1 0.9509718125 0.95356475 0.04139000000000015 0.08609299999999998
1 0.9681230625 0.4222375 0.049669000000000074 0.11258199999999996
