1 0.447578125 0.31500492679355785 0.06687500000000002 0.13696
1 0.05078125 0.1348477672035139 0.101875 0.10975700000000001
1 0.14167968749999998 0.17957815373352856 0.06874999999999999 0.11913699999999998
1 0.243046875 0.25256479795021963 0.09000000000000002 0.13414700000000002
1 0.32328125 0.2257726691068814 0.07124999999999998 0.13039399999999998
1 0.49796875 0.8068777613469984 0.1175 0.19981200000000005
1 0.4934375 0.8168991478770131 0.078125 0.20825500000000005
1 0.5316015625 0.49186511713030745 0.06499999999999995 0.18480299999999997
1 0.53453125 0.3110945095168375 0.07062499999999994 0.10318899999999999
1 0.5753125 0.832416055636896 0.04874999999999996 0.13789900000000002
1 0.623359375 0.5689542518301611 0.043749999999999956 0.09849899999999989
1 0.8215234375 0.20481883455344066 0.030625000000000013 0.065666
