1 0.142317375 0.358218 0.04305600000000001 0.03333300000000006
1 0.145356125 0.7367471666666666 0.036111000000000004 0.03703800000000005
1 0.18743456249999998 0.6755783333333333 0.03333400000000003 0.01296299999999991
1 0.2438154375 0.5335940833333334 0.030554999999999943 0.03518500000000002
1 0.284765625 0.6628764166666666 0.02083299999999999 0.044444000000000004
1 0.622265625 0.6588247500000001 0.02083299999999999 0.05555599999999986
1 0.6763235625 0.6250872500000001 0.03472199999999992 0.04073999999999985
1 0.71154525 0.699769 0.0722219999999999 0.06296200000000003
1 0.7501953125 0.5798900833333334 0.026388999999999996 0.035184999999999876
1 0.7901045 0.6604745 0.04861099999999996 0.048148
1 0.9018876875 0.5490158333333334 0.03749999999999998 0.05740800000000005
