1 0.40015625 0.44166700000000003 0.13375000000000004 0.125833
1 0.17488281249999998 0.08723958333333333 0.1975 0.175833
1 0.095078125 0.34203158333333333 0.036250000000000004 0.08083299999999997
1 0.4650390625 0.43145799999999995 0.08124999999999999 0.15833399999999997
1 0.4852734375 0.5765621666666666 0.09187499999999998 0.1625
1 0.5528515625 0.6196878333333333 0.03374999999999995 0.027500000000000007
1 0.5840625 0.6309899166666666 0.016874999999999973 0.030833000000000037
1 0.705234375 0.6561461666666667 0.07500000000000007 0.10083300000000002
1 0.7583203125 0.5707815833333334 0.026874999999999982 0.019165999999999943
1 0.968671875 0.08854133333333332 0.06000000000000005 0.135834
