1 0.4079296875 0.6626559166666667 0.03874999999999995 0.02916699999999987
1 0.413671875 0.10989616666666667 0.028124999999999956 0.038333000000000006
1 0.446796875 0.14151075 0.028749999999999998 0.05499999999999999
1 0.4497265625 0.5509375 0.03375 0.048333000000000036
1 0.468125 0.2083850833333333 0.03125 0.0675
1 0.474296875 0.65421875 0.02812500000000001 0.024167000000000122
1 0.5121875 0.01421875 0.04812499999999997 0.025832999999999995
1 0.558359375 0.9731774166666667 0.012499999999999956 0.013332999999999965
1 0.558359375 0.9166145833333333 0.013125000000000053 0.019166999999999934
1 0.619375 0.38442708333333336 0.03249999999999997 0.03416699999999998
