1 0.14835937500000002 0.5344692941176471 0.07562500000000001 0.07721200000000002
1 0.1590234375 0.7914151176470589 0.061874999999999986 0.07344600000000011
1 0.2189453125 0.8844550588235294 0.05750000000000002 0.08662900000000005
1 0.3065234375 0.9009916470588235 0.060624999999999984 0.08851200000000006
1 0.35640625 0.5327653529411764 0.03937499999999999 0.06402999999999996
1 0.359453125 0.9790410588235294 0.03562500000000002 0.03766399999999989
1 0.49484375 0.9672647647058824 0.05625000000000002 0.06120499999999989
1 0.5358984375 0.9786276470588235 0.06062500000000004 0.039547999999999875
1 0.6721875 0.5659024117647059 0.015625 0.04802199999999994
1 0.700390625 0.5751906470588234 0.05249999999999999 0.08851300000000004
1 0.791171875 0.6777114705882353 0.05875000000000008 0.08380399999999999
