1 0.1123828125 0.3643197730600293 0.009999999999999995 0.017822999999999974
1 0.1474609375 0.46364251537335277 0.014374999999999999 0.012195000000000077
1 0.1731640625 0.44510903074670577 0.05000000000000002 0.023451999999999928
1 0.29375 0.439822803806735 0.033125000000000016 0.042213
1 0.29875 0.4306693191800879 0.03187499999999999 0.055346999999999945
1 0.4077734375 0.43190593265007315 0.029374999999999984 0.045966000000000125
1 0.423828125 0.4296170614934114 0.03687499999999999 0.048781000000000026
1 0.574453125 0.4346056749633968 0.036250000000000004 0.038461999999999906
1 0.5876953125 0.43396628843338214 0.02562500000000001 0.030956000000000067
1 0.7005078125 0.43872638653001467 0.011249999999999982 0.010318999999999958
