1 0.1041015625 0.4992705 0.03375 0.04833400000000002
1 0.1693359375 0.479792 0.014374999999999999 0.03250000000000005
1 0.2244140625 0.49369825 0.019374999999999976 0.040000000000000036
1 0.295625 0.694792 0.03125 0.03250000000000005
1 0.3902734375 0.6751045000000001 0.030000000000000027 0.04833299999999988
1 0.4315234375 0.6583333333333333 0.029374999999999984 0.041666999999999975
1 0.47265625 0.7087499999999999 0.04062500000000002 0.0625
1 0.5069140624999999 0.5073434166666666 0.018125000000000002 0.01500000000000005
1 0.5196484375 0.6972395833333334 0.02937500000000004 0.051666999999999984
1 0.5401171875 0.5025003333333333 0.02312499999999995 0.043333000000000066
1 0.5533203125 0.6308333333333334 0.026249999999999996 0.041666999999999975
1 0.605078125 0.601458 0.036250000000000004 0.031666999999999966
1 0.6144140625 0.5022920000000001 0.018125000000000058 0.03333299999999998
1 0.623984375 0.5026559166666668 0.011874999999999969 0.02916699999999987
1 0.6944140625 0.503958 0.01937499999999992 0.031666999999999966
1 0.6963671875 0.66786425 0.021874999999999978 0.03916699999999995
1 0.7054296875 0.7009374999999999 0.03749999999999998 0.048333000000000105
1 0.7294140625 0.4976559166666667 0.018125000000000058 0.029166999999999943
1 0.7333203125 0.7357291666666667 0.02562500000000001 0.03666700000000015
1 0.7658984375 0.6479684166666666 0.030000000000000027 0.04666700000000009
1 0.7953125 0.4937496666666667 0.015625 0.02083400000000002
1 0.8576171875 0.6238024166666666 0.021874999999999978 0.045000000000000075
1 0.86625 0.6185940833333333 0.032500000000000084 0.034166000000000064
