1 0.07816406249999999 0.6995292375366569 0.049999999999999996 0.05816100000000006
1 0.1128515625 0.6885083401759531 0.035 0.06754199999999994
1 0.2523046875 0.762498788856305 0.03749999999999998 0.06378999999999997
1 0.2974609375 0.7406316158357771 0.044999999999999984 0.07129400000000014
1 0.413671875 0.7222793401759531 0.02749999999999997 0.06941899999999997
1 0.476328125 0.7147753401759532 0.036250000000000004 0.06754199999999994
1 0.529921875 0.6997018592375367 0.028750000000000053 0.04127600000000003
1 0.7698046875 0.6770152375366569 0.03749999999999998 0.05628499999999992
1 0.7928515625 0.6388454105571848 0.03500000000000003 0.04877999999999994
1 0.8880078125 0.7308408914956012 0.04249999999999998 0.07504699999999999
1 0.95515625 0.47966999413489736 0.07124999999999992 0.08630400000000009
1 0.9833984375 0.5893084428152492 0.030000000000000027 0.0806750000000001
