1 0.06459306249999999 0.44568499999999994 0.049107000000000005 0.095238
1 0.3917415 0.55710575 0.046875 0.056547999999999966
1 0.413783625 0.5604535833333334 0.020088999999999968 0.05059599999999994
1 0.571429 0.4745164166666667 0.03125 0.04464299999999991
1 0.586774125 0.48270074999999996 0.03571499999999994 0.05654800000000012
1 0.71261175 0.723958 0.024553000000000047 0.032738000000000156
1 0.7317241875 0.5377600833333332 0.022321999999999953 0.03571500000000002
1 0.7488835 0.60174875 0.046875 0.05654699999999998
1 0.8104069375 0.74348925 0.07812499999999989 0.07142900000000003
1 0.9249446250000001 0.8383554166666666 0.08258899999999991 0.07738100000000007
