1 0.483359375 0.7697610869565217 0.04375000000000001 0.05895500000000005
1 0.4896484375 0.7106658260869565 0.02937500000000004 0.05116800000000002
1 0.5265234375 0.6755566956521739 0.030000000000000027 0.04560600000000002
1 0.5464453125 0.6225083043478261 0.02562500000000001 0.03559499999999992
1 0.6345703125 0.3616092608695652 0.05687500000000001 0.08898800000000001
1 0.7226171875 0.5957502173913044 0.021874999999999978 0.061179000000000025
1 0.82 0.6257040434782608 0.03312500000000007 0.031146000000000007
1 0.8457421875 0.6755566956521739 0.023125000000000062 0.047831000000000054
1 0.9101171875 0.6597182608695653 0.053749999999999964 0.08898799999999997
1 0.946328125 0.5922719565217391 0.03687499999999999 0.052279999999999965
1 0.9617578125 0.5461180000000001 0.04249999999999998 0.0800889999999998
