1 0.0822270625 0.70859325 0.11249899999999999 0.10156300000000007
1 0.06796825000000001 0.35898487500000004 0.07031299999999999 0.05937399999999993
1 0.343359375 0.426953125 0.043749999999999956 0.035937
1 0.3619140625 0.49765625 0.08124999999999999 0.07187500000000002
1 0.432421875 0.5078119999999999 0.05937500000000001 0.06406300000000004
1 0.5986323125 0.406640625 0.057813 0.051563000000000025
1 0.6562495 0.6281255 0.11093799999999998 0.07968699999999995
1 0.7525385625 0.664062 0.12812500000000004 0.06406299999999998
1 0.7294921875 0.4240239375 0.05312499999999998 0.04531200000000002
1 0.7697270625 0.44199268750000004 0.08125000000000004 0.06874899999999995
