1 0.3855859375 0.8868229166666667 0.01375000000000004 0.03083299999999989
1 0.585625 0.9156767499999999 0.03312500000000007 0.055000000000000014
1 0.663359375 0.7941145833333333 0.013125000000000053 0.018333000000000006
1 0.6834375 0.65505175 0.016874999999999973 0.025833999999999985
1 0.708359375 0.6491145833333333 0.013124999999999942 0.02083300000000003
1 0.75171875 0.8987496666666667 0.02375000000000005 0.02166700000000003
1 0.75875 0.8812496666666666 0.03312499999999996 0.022500000000000114
1 0.8023828125 0.8667705 0.04249999999999998 0.04833399999999995
1 0.81640625 0.7732815833333334 0.008125000000000049 0.020832999999999952
1 0.856875 0.8600520833333333 0.03312499999999996 0.06583300000000003
