1 0.17883401317715958 0.8986328125 0.29643500000000006 0.16625
1 0.016105417276720352 0.31796875 0.034709 0.023749999999999993
1 0.021961932650073207 0.526484375 0.045028 0.04312499999999997
1 0.04912277306002928 0.202109375 0.01782300000000001 0.012499999999999983
1 0.08620796339677893 0.3633203125 0.06941800000000001 0.026874999999999982
1 0.15317195754026355 0.54171875 0.15947399999999998 0.05625000000000002
1 0.11547231918008784 0.3733203125 0.053471000000000046 0.02562500000000001
1 0.2561411595900439 0.206015625 0.02814300000000003 0.020625000000000004
1 0.3691594729136164 0.5311328125 0.17260799999999996 0.04125000000000001
1 0.37083389604685213 0.5026953125 0.11257000000000005 0.02562500000000001
1 0.3848435153733528 0.2403125 0.01313299999999997 0.016875
1 0.6124403074670571 0.78890625 0.23545899999999997 0.13312499999999994
1 0.5280729019033675 0.2896875 0.020638 0.01687500000000003
1 0.5649996749633968 0.282890625 0.03846199999999999 0.020625000000000004
1 0.5949044172767203 0.2887890625 0.03377099999999997 0.01874999999999999
1 0.8391586939970717 0.7451171875 0.2439019999999999 0.24124999999999996
1 0.9204204172767204 0.32546875 0.03377100000000005 0.02375000000000005
1 0.9867969019033674 0.303984375 0.0225140000000002 0.012500000000000011
