1 0.19848991666666668 0.8874609375 0.02999999999999999 0.01375000000000004
1 0.21286425 0.9207421875 0.040834 0.021874999999999978
1 0.24166633333333332 0.8752734375 0.043333999999999984 0.030625000000000013
1 0.2535940833333334 0.914921875 0.03416599999999995 0.02749999999999997
1 0.28921875 0.896171875 0.024999999999999984 0.02750000000000008
1 0.30583333333333335 0.8459765625 0.04333299999999999 0.034375000000000044
1 0.3062496666666667 0.7983984375 0.02333400000000004 0.030625000000000013
1 0.3126559166666667 0.9494140625 0.029999999999999954 0.018749999999999933
1 0.31411458333333336 0.8982421875 0.020832999999999952 0.022500000000000075
1 0.3347395833333333 0.7955078125 0.050000000000000044 0.04249999999999998
1 0.3334899166666667 0.8901171875 0.029165999999999952 0.021874999999999978
1 0.3480208333333334 0.86859375 0.02749999999999993 0.023749999999999938
1 0.3651045 0.81734375 0.04749999999999995 0.023749999999999938
1 0.3730725833333333 0.8358984375 0.04999999999999997 0.030625000000000013
1 0.37703125 0.9139453125 0.03916700000000003 0.02562500000000001
1 0.3877600833333333 0.8713671875 0.03416700000000006 0.021874999999999978
1 0.393958 0.670390625 0.031667000000000035 0.020625000000000004
1 0.41604166666666664 0.9846484375 0.05250000000000007 0.02937500000000004
1 0.4046878333333333 0.88421875 0.027500000000000007 0.023749999999999938
1 0.4123961666666667 0.4330078125 0.03666599999999994 0.010000000000000009
1 0.4321878333333333 0.2596875 0.027500000000000007 0.01749999999999996
1 0.4520836666666667 0.0300390625 0.023332999999999975 0.019375
1 0.48750033333333337 0.906875 0.04333299999999999 0.03249999999999997
1 0.47817741666666663 0.1500390625 0.01333300000000004 0.018750000000000017
1 0.51369825 0.841015625 0.03916599999999996 0.020625000000000004
1 0.52286425 0.8301171875 0.04083399999999996 0.02187500000000009
1 0.5637496666666667 0.7966015625 0.022500000000000037 0.03437499999999993
1 0.5779684166666667 0.846796875 0.04583399999999993 0.028749999999999942
1 0.6501045 0.992734375 0.04750000000000002 0.012500000000000067
1 0.74369825 0.995703125 0.03916599999999996 0.005624999999999991
1 0.7541663333333334 0.94046875 0.04333400000000006 0.02375000000000005
