1 0.1548439375 0.5125055131964809 0.046842999999999996 0.061163000000000085
1 0.1672306875 0.4782793782991202 0.03869700000000001 0.015291000000000035
1 0.36339275 0.882411064516129 0.05498999999999998 0.06727800000000002
1 0.3994096875 0.7510385131964811 0.03869700000000004 0.061161999999999946
1 0.42368293749999997 0.6489051348973607 0.046843000000000024 0.04587200000000005
1 0.41790743750000003 0.5667134809384164 0.030549999999999966 0.027522999999999933
1 0.428816375 0.6213821348973607 0.04480599999999996 0.04587200000000005
1 0.44315625 0.5344153079178885 0.04073300000000002 0.036697000000000084
1 0.4384411875 0.3477448592375366 0.022403000000000062 0.04281400000000001
1 0.44968462499999995 0.5116674809384164 0.020366000000000106 0.027522999999999933
1 0.8024180625 0.3508028592375366 0.048880000000000035 0.04281400000000001
1 0.8149725625 0.37966668621700883 0.03462299999999996 0.05198800000000004
