1 0.627421875 0.7506209439528023 0.05999999999999994 0.16336100000000017
1 0.01953125 0.7577782300884955 0.039375 0.07176499999999994
1 0.1480078125 0.7851078938053097 0.04125000000000001 0.04627000000000008
1 0.1375390625 0.39500004129793514 0.018125000000000002 0.04060500000000001
1 0.455 0.8028070088495575 0.03312499999999996 0.0812090000000002
1 0.4932421875 0.7252038200589971 0.021875000000000033 0.048158999999999966
1 0.5754296875 0.5103117138643068 0.03874999999999995 0.09348499999999993
1 0.642421875 0.6312514100294985 0.028124999999999956 0.023607000000000055
1 0.6571875 0.37610586135693214 0.04749999999999999 0.08687500000000001
1 0.9317578125 0.49986219764011797 0.135 0.114259
