1 0.0048828125 0.2696878333333334 0.01125 0.02833299999999994
1 0.0180859375 0.274792 0.015 0.03250000000000001
1 0.0869140625 0.3552600833333333 0.019375000000000003 0.03416699999999998
1 0.136875 0.8847395833333334 0.06437500000000002 0.1758329999999999
1 0.12886718749999998 0.28609408333333336 0.02187500000000002 0.034165999999999995
1 0.1462890625 0.28588575 0.019374999999999976 0.025832999999999995
1 0.182109375 0.3591145833333333 0.013124999999999998 0.019167000000000083
1 0.2412109375 0.344792 0.014374999999999999 0.03333299999999998
1 0.2630859375 0.37661458333333336 0.014375000000000027 0.018333000000000006
1 0.2950390625 0.25171875 0.018125000000000002 0.024166999999999977
1 0.3134375 0.3035940833333333 0.01687500000000003 0.034165999999999995
1 0.318984375 0.31671875 0.011875000000000024 0.024166999999999977
1 0.348984375 0.33661458333333333 0.012500000000000011 0.02083299999999999
1 0.3644140625 0.32921875 0.018125000000000002 0.02416700000000001
1 0.3894140625 0.31671875 0.01937500000000003 0.025832999999999995
1 0.40359375 0.24218783333333335 0.02375000000000005 0.027500000000000042
1 0.4276171875 0.3094795 0.023125000000000007 0.017500000000000033
1 0.4321875 0.3024475833333333 0.016874999999999973 0.019167000000000007
1 0.454609375 0.30374966666666664 0.011875000000000024 0.02083400000000002
1 0.4612109375 0.29151041666666666 0.015000000000000013 0.014999999999999977
1 0.4840625 0.30338575 0.016874999999999973 0.025832999999999995
1 0.4873828125 0.32588575000000003 0.010624999999999996 0.024165999999999983
1 0.5162109375 0.31994758333333334 0.014375000000000027 0.020000000000000018
1 0.5223828125 0.3061455 0.010000000000000009 0.017499999999999922
1 0.5406640625 0.22848991666666665 0.01937500000000003 0.029165999999999987
1 0.559140625 0.23015591666666668 0.021250000000000102 0.03083399999999999
1 0.565859375 0.29671875 0.013124999999999942 0.025832999999999995
1 0.5837109375 0.24088575 0.014375000000000027 0.024165999999999948
1 0.5884375 0.24874966666666665 0.016875000000000084 0.02083400000000002
1 0.6217578125 0.2732815833333333 0.010000000000000009 0.018333000000000006
1 0.628984375 0.2832815833333333 0.011874999999999969 0.019166000000000016
1 0.644609375 0.23791666666666667 0.013124999999999942 0.022500000000000003
1 0.6530859375 0.28588575 0.014375000000000027 0.025832999999999995
1 0.7012109375 0.2657815833333334 0.014375000000000027 0.020832999999999952
1 0.742734375 0.2786455 0.01187500000000008 0.017500000000000033
1 0.7480078125 0.25947950000000003 0.010624999999999996 0.015832999999999986
1 0.77828125 0.2706774166666666 0.009374999999999911 0.01500000000000005
1 0.82046875 0.8186461666666668 0.024375000000000036 0.09999999999999994
1 0.875859375 0.2641145833333333 0.013125000000000053 0.02083299999999999
1 0.91890625 0.2528125 0.009374999999999911 0.015832999999999986
1 0.9367578125 0.23864549999999998 0.010624999999999996 0.015834000000000015
1 0.976484375 0.1686455 0.01187500000000008 0.016666999999999987
1 0.9819140625 0.22494758333333334 0.018124999999999947 0.019166999999999972
1 0.9893359375 0.20244758333333335 0.014374999999999916 0.019166999999999972
