1 0.2190625 0.21005174999999998 0.015625 0.025834000000000024
1 0.3005859375 0.2253125 0.014374999999999971 0.017499999999999998
1 0.4100390625 0.1911455 0.01937500000000003 0.016667000000000026
1 0.442890625 0.2011455 0.02124999999999999 0.01749999999999996
1 0.5712890625 0.22755175000000002 0.01937500000000003 0.024166999999999977
1 0.61703125 0.2703125 0.008749999999999925 0.016666999999999987
1 0.653984375 0.6523961666666667 0.013125000000000053 0.03666600000000001
1 0.7203125 0.6434899166666667 0.015625 0.03083299999999996
1 0.815234375 0.65255175 0.013125000000000053 0.025834000000000062
1 0.8587109375 0.6438538333333333 0.014374999999999916 0.027500000000000007
1 0.9203125 0.58255175 0.016874999999999973 0.025833999999999985
1 0.9359375 0.5829166666666666 0.016874999999999973 0.022499999999999964
