1 0.1938671875 0.9172284480234261 0.05374999999999999 0.058105999999999915
1 0.1977734375 0.970122319180088 0.06125 0.055294999999999817
1 0.369453125 0.3759934172767203 0.036250000000000004 0.032801999999999984
1 0.3844921875 0.3542039019033675 0.02312499999999995 0.021556000000000037
1 0.47390625 0.5691746749633968 0.040000000000000036 0.03842500000000002
1 0.5213671875 0.29176067496339675 0.02312499999999995 0.038426000000000037
1 0.5467578125 0.7217623191800878 0.04249999999999998 0.0543579999999999
1 0.5623046875 0.3078099326500732 0.03875000000000006 0.04404899999999999
1 0.6421875 0.652231963396779 0.046875 0.06747899999999996
1 0.651640625 0.5729226749633969 0.05249999999999999 0.03842599999999983
