1 0.016927083333333332 0.691171875 0.034167 0.06000000000000005
1 0.08104166666666666 0.7552734375 0.054167000000000014 0.02937500000000004
1 0.08026008333333333 0.7247265625 0.034166999999999996 0.034375000000000044
1 0.4122395833333334 0.863515625 0.04999999999999997 0.08250000000000002
1 0.4702600833333333 0.8791796875 0.03416699999999998 0.03875000000000006
1 0.6669788333333333 0.4873046875 0.059167000000000046 0.03874999999999995
1 0.6763541666666666 0.82125 0.07000000000000013 0.03249999999999997
1 0.6816663333333333 0.818359375 0.043333999999999984 0.04437500000000005
1 0.9185416666666666 0.7994140625 0.05250000000000007 0.04937499999999995
1 0.9238024166666667 0.8015625 0.04583300000000001 0.048125000000000084
