1 0.0449609375 0.7807815833333334 0.014374999999999999 0.020832999999999952
1 0.3119140625 0.8929166666666667 0.01937500000000003 0.022499999999999964
1 0.3555078125 0.7124475833333334 0.010624999999999996 0.018334
1 0.36390625 0.7107815833333334 0.008750000000000036 0.018333000000000006
1 0.4381640625 0.68755175 0.018125000000000002 0.025833999999999985
1 0.46203125 0.8107815833333333 0.00874999999999998 0.018333000000000006
1 0.4950390625 0.7120836666666667 0.019374999999999976 0.022499999999999964
1 0.5019921875 0.7658850833333334 0.02250000000000002 0.06583400000000002
1 0.6363671875 0.7269270833333333 0.022499999999999964 0.03583299999999993
1 0.6480859375 0.8224475833333332 0.014375000000000027 0.019167000000000083
1 0.6677734375 0.7728128333333334 0.030625000000000013 0.059165999999999976
1 0.8290234375 0.9414059166666666 0.030000000000000027 0.09333400000000003
