1 0.6880205 0.7554401537335286 0.07916699999999999 0.11718699999999993
1 0.30546875 0.08601299414348464 0.024999999999999967 0.09218699999999999
1 0.329557625 0.2510597057101025 0.05208299999999999 0.06250000000000004
1 0.3301435625 0.1136575768667643 0.033333 0.05937499999999998
1 0.382292 0.9507640922401172 0.06354099999999996 0.0718749999999999
1 0.3853515625 0.15086296339677893 0.06458299999999995 0.06874899999999998
1 0.3904296875 0.9701043191800878 0.06874999999999998 0.05468799999999999
1 0.4064453125 0.06588579795021962 0.08958300000000002 0.13281199999999999
1 0.4932939375 0.1992999633967789 0.045833999999999986 0.06874999999999999
1 0.5135419999999999 0.16980870571010248 0.06354100000000001 0.06406300000000001
1 0.6089189375 0.0629575402635432 0.07708399999999993 0.128125
