1 0.173046875 0.59984375 0.027500000000000024 0.023749999999999938
1 0.179765625 0.596015625 0.020624999999999977 0.020625000000000004
1 0.2469140625 0.5990625 0.018750000000000017 0.015625
1 0.30171875 0.5945703125 0.023749999999999993 0.02562500000000001
1 0.379921875 0.5882421875 0.02749999999999997 0.022499999999999964
1 0.4044140625 0.589140625 0.01874999999999999 0.020625000000000004
1 0.5039843749999999 0.629296875 0.011875000000000024 0.028750000000000053
1 0.5111328125 0.62734375 0.010624999999999996 0.02375000000000005
1 0.6350390625 0.5734375 0.018750000000000044 0.015625
1 0.7524609375 0.4738671875 0.01375000000000004 0.022499999999999964
1 0.90234375 0.4480859375 0.024375000000000036 0.015000000000000013
