1 0.5630078125 0.16699458139534884 0.104375 0.104988
1 0.0068359375 0.18977106976744187 0.015 0.03425199999999999
1 0.06125 0.2713003953488372 0.033125 0.05137700000000001
1 0.155546875 0.23793544186046509 0.027499999999999997 0.04169800000000002
1 0.2115234375 0.2585498139534884 0.03 0.04839899999999994
1 0.3072265625 0.2526442790697675 0.03437499999999999 0.030528999999999973
1 0.3509375 0.2817347441860465 0.04812499999999997 0.014147000000000019
1 0.385390625 0.3794609069767441 0.020000000000000018 0.02531700000000002
1 0.404921875 0.3908541860465116 0.028749999999999998 0.05510099999999995
1 0.5259375 0.25385853488372095 0.016875000000000084 0.017125000000000022
1 0.6509375 0.1821419069767442 0.01750000000000007 0.023826999999999997
1 0.6665234375 0.17431823255813958 0.030000000000000027 0.04244199999999998
1 0.7532421875 0.20083813953488372 0.021874999999999978 0.06701400000000002
1 0.773671875 0.19320897674418605 0.028749999999999942 0.05807800000000003
1 0.87375 0.20256176744186047 0.03312499999999996 0.060313
1 0.9184375 0.9322717674418605 0.11062499999999997 0.0603129999999999
1 0.9058984375 0.18013218604651166 0.030000000000000027 0.054355999999999974
