1 0.43191443749999997 0.665805411764706 0.029676000000000036 0.04878099999999986
1 0.48579387500000004 0.47226958823529414 0.02877699999999994 0.05555599999999998
1 0.5741555625 0.7809824117647058 0.033273 0.04742500000000004
1 0.59746 0.7981671176470587 0.031474 0.07317000000000011
1 0.6249789375 0.8575559411764706 0.04586299999999999 0.06504100000000004
1 0.6703785625 0.8431968235294117 0.033273 0.04607100000000009
1 0.6887226249999999 0.771496411764706 0.020683000000000007 0.04878099999999994
1 0.7963273750000001 0.6445877647058824 0.013488999999999862 0.059620999999999924
1 0.8264179374999999 0.6584845294117647 0.044964000000000004 0.06775100000000006
1 0.8596909374999999 0.49499088235294125 0.04676300000000011 0.07994499999999989
1 0.9373381874999999 0.8326200588235293 0.05305800000000027 0.08672100000000017
