1 0.7983203125 0.39444071895424837 0.15187499999999998 0.32112900000000005
1 0.13191406249999998 0.40472328104575167 0.174375 0.179916
1 0.194375 0.43434652941176466 0.06375 0.11924699999999999
1 0.2405859375 0.44781455555555555 0.044999999999999984 0.11401700000000009
1 0.2933984375 0.742206568627451 0.06125000000000003 0.11087799999999987
1 0.3359765625 0.4808976339869281 0.06562499999999999 0.09205100000000002
1 0.62546875 0.5996938300653596 0.024375000000000036 0.042886999999999925
1 0.6476171875 0.7035097777777778 0.023125000000000062 0.057532000000000014
1 0.6862890625 0.7454745424836602 0.08187500000000003 0.11610799999999996
1 0.67328125 0.5195397516339869 0.008749999999999925 0.06276100000000003
1 0.7071484375 0.4699734117647059 0.06125000000000003 0.147489
1 0.8483984375 0.5056673856209151 0.12437500000000001 0.15585800000000005
