1 0.767265625 0.7545814375917768 0.11375000000000002 0.12794000000000008
1 0.0757421875 0.21453285903083702 0.02187499999999999 0.028221999999999983
1 0.0787890625 0.14092614390602054 0.01812499999999999 0.016933000000000045
1 0.0862890625 0.21852557415565346 0.019375000000000003 0.03856999999999998
1 0.0909375 0.150562859030837 0.01625 0.02916300000000001
1 0.1781640625 0.6176252892804699 0.080625 0.051740999999999975
1 0.2143359375 0.3723471439060206 0.04500000000000001 0.016933000000000004
1 0.2409765625 0.3681015741556534 0.06625000000000003 0.03857000000000007
1 0.485078125 0.29814400146842873 0.03562500000000002 0.022577000000000024
1 0.6723046875 0.6385510044052864 0.09999999999999998 0.06208799999999991
1 0.7818359375 0.02209543024963289 0.013749999999999929 0.024459
1 0.9328125 0.5159114317180616 0.078125 0.044214999999999983
1 0.9184375 0.5264432878120411 0.04874999999999996 0.03010399999999995
