1 0.7620703125 0.6558203125 0.150625 0.1200000000000001
1 0.0439453125 0.5391796875 0.025625000000000002 0.03874999999999995
1 0.40765625 0.489921875 0.03937499999999999 0.06
1 0.429453125 0.4770703125 0.036250000000000004 0.05812499999999998
1 0.4831640625 0.566875 0.11250000000000004 0.06312499999999999
1 0.536796875 0.48703125 0.06000000000000005 0.04062500000000002
1 0.61046875 0.81765625 0.08687500000000004 0.13312500000000005
1 0.6590234375 0.5165234375000001 0.06187500000000001 0.06124999999999997
1 0.6746484375 0.6438671875 0.09249999999999992 0.05312499999999998
1 0.668984375 0.416875 0.04437500000000005 0.06312499999999999
