1 0.36234375 0.6397441612903226 0.08687499999999998 0.16322699999999998
1 0.0283984375 0.37964123753665696 0.029375 0.05722399999999996
1 0.11875 0.1693916862170088 0.0325 0.05159499999999999
1 0.1715625 0.4124117565982405 0.017499999999999988 0.03095599999999998
1 0.2572265625 0.42813006451612906 0.03437500000000002 0.06566599999999995
1 0.4830859375 0.3955341671554253 0.04624999999999996 0.078799
1 0.5059765625 0.7939924750733138 0.06499999999999995 0.11163200000000005
1 0.6 0.3250596158357771 0.0625 0.07129400000000001
1 0.7254296875 0.325469340175953 0.038124999999999964 0.06754200000000002
1 0.7864453125 0.23095103225806451 0.026874999999999982 0.032833000000000015
1 0.828203125 0.344112788856305 0.0668749999999999 0.061914
1 0.876953125 0.8510260322580644 0.03687499999999999 0.03377100000000005
1 0.8802734375 0.2239827184750733 0.030625000000000013 0.08442800000000003
1 0.8989453125 0.7719983401759531 0.05812499999999998 0.06941800000000008
1 0.9690234375 0.2990297184750733 0.06062500000000004 0.08255100000000003
