1 0.5856250000000001 0.7240104166666667 0.18875000000000003 0.2633329999999999
1 0.0087890625 0.4597913333333334 0.01875 0.07416699999999994
1 0.29359375 0.4843753333333334 0.1175 0.13583299999999995
1 0.2912890625 0.12906216666666667 0.05062500000000003 0.038334
1 0.3928515625 0.7416145833333334 0.15875 0.14416699999999993
1 0.422890625 0.018229166666666668 0.051875000000000004 0.0375
1 0.5063671875 0.9638541666666667 0.08437499999999998 0.06916700000000005
1 0.84109375 0.9005211666666666 0.11750000000000005 0.19500000000000015
1 0.9198046875 0.2755725833333333 0.06874999999999998 0.050000000000000044
1 0.951875 0.9558336666666666 0.09437499999999999 0.08500000000000012
