1 0.0087890625 0.20020875000000002 0.01875 0.02585499999999996
1 0.0662109375 0.15667816666666665 0.013749999999999998 0.037531
1 0.07328125 0.16371608333333335 0.008749999999999994 0.035863
1 0.1350390625 0.33542391666666665 0.018125000000000002 0.03085899999999997
1 0.2836328125 0.36256333333333335 0.04125000000000001 0.07422900000000003
1 0.3744921875 0.12201508333333334 0.023125000000000007 0.035029
1 0.41796875 0.11607391666666667 0.02437499999999998 0.029191000000000005
1 0.4773828125 0.42631525000000003 0.04125000000000001 0.07089300000000003
1 0.568359375 0.2718586666666667 0.07499999999999996 0.08340299999999994
1 0.6546484375 0.24502474999999999 0.030625000000000013 0.05504600000000004
1 0.6701171875 0.2479948333333333 0.021874999999999978 0.058382000000000045
1 0.7783984375 0.4222474166666666 0.02937499999999993 0.0758970000000001
1 0.7890234375 0.2881904166666667 0.02937499999999993 0.04587199999999995
1 0.8306640625 0.16351175 0.018124999999999947 0.024186999999999976
1 0.9275390625 0.2094859166666667 0.018125000000000058 0.03085899999999997
1 0.990234375 0.22189375 0.013125000000000053 0.024186999999999997
