1 0.0909375 0.40826957686676424 0.04875 0.05909900000000001
1 0.1169921875 0.5150973191800879 0.022500000000000006 0.05347099999999999
1 0.17 0.4433203499267936 0.0325 0.07879999999999993
1 0.232734375 0.5887944480234261 0.044375 0.058160999999999956
1 0.2844140625 0.5902585768667643 0.049375 0.06003699999999999
1 0.46875 0.552208448023426 0.06312499999999999 0.05816200000000018
1 0.541640625 0.5604239326500732 0.05125000000000002 0.04596599999999996
1 0.5971484375 0.5263543191800878 0.02937499999999993 0.053471000000000074
1 0.6227734375 0.5396716749633969 0.030625000000000013 0.040337999999999936
1 0.8263671875 0.5363757057101025 0.02312499999999995 0.061913000000000024
