1 0.10449243750000001 0.8480823451327435 0.12304699999999999 0.1076699999999997
1 0.17968743750000002 0.915929418879056 0.06249999999999997 0.10619400000000007
1 0.2929686875 0.4262538702064897 0.10058600000000001 0.16519200000000006
1 0.3750005 0.6194692389380531 0.08007799999999998 0.15191699999999994
1 0.464844 0.821533640117994 0.06347599999999998 0.09587000000000002
1 0.5107426875000001 0.2566367876106195 0.039061999999999986 0.08849600000000002
1 0.57421925 0.8377576814159293 0.10351500000000002 0.13274399999999972
1 0.8466793750000001 0.705014418879056 0.04394599999999982 0.10324499999999992
1 0.9052737499999999 0.7035394926253687 0.05566400000000016 0.10177000000000003
1 0.9658204374999999 0.9719768200589972 0.06054700000000013 0.0501469999999999
1 0.9912109375 0.26696208259587023 0.014647999999999994 0.07817099999999998
