1 0.2776953125 0.5825446842105263 0.08812500000000001 0.07958800000000002
1 0.01171875 0.6061998245614034 0.025 0.04588000000000005
1 0.0449609375 0.49454587134502925 0.045000000000000005 0.0327719999999999
1 0.31890625 0.7466326374269006 0.07187500000000002 0.09175999999999994
1 0.3316015625 0.762960649122807 0.06562499999999999 0.08988800000000005
1 0.4240625 0.42929890643274854 0.016249999999999987 0.02434499999999997
1 0.4340625 0.4318118713450293 0.015625 0.034645
1 0.624296875 0.3985647777777777 0.028125000000000067 0.05617899999999999
1 0.7032421875 0.8236577777777778 0.02312499999999995 0.057115999999999736
1 0.7466015625 0.5987088245614035 0.034375000000000044 0.04587999999999997
1 0.8645703125 0.7927098830409356 0.025624999999999898 0.03089900000000013
1 0.9426953125 0.7758558830409356 0.026874999999999982 0.03183500000000011
