1 0.91984375 0.7866145833333333 0.08625000000000005 0.14416699999999993
1 0.0522265625 0.6029684166666667 0.03375000000000001 0.04666699999999994
1 0.078828125 0.6059375 0.036250000000000004 0.04833299999999996
1 0.3181640625 0.5622395833333332 0.049375 0.05166700000000005
1 0.3640234375 0.5273440833333334 0.060624999999999984 0.09833299999999993
1 0.3920703125 0.14187466666666668 0.02562500000000001 0.05333399999999999
1 0.4327734375 0.6338541666666666 0.060624999999999984 0.06833299999999998
1 0.46859375 0.15250033333333335 0.024375000000000036 0.04250000000000002
1 0.543671875 0.331458 0.02749999999999997 0.03250000000000005
1 0.5958203125 0.33369825000000003 0.026249999999999996 0.03916599999999996
1 0.6262109375 0.7516666666666666 0.07750000000000001 0.08583300000000005
1 0.6241015625 0.31359408333333333 0.03499999999999992 0.034165999999999995
1 0.706953125 0.68348925 0.036250000000000004 0.071667
1 0.7387109375 0.68619825 0.0462499999999999 0.040000000000000036
1 0.793046875 0.71817675 0.028749999999999942 0.05499999999999986
1 0.841171875 0.2862496666666667 0.028124999999999956 0.022500000000000037
1 0.88421875 0.76078125 0.055624999999999925 0.10333299999999997
1 0.95046875 0.6629684166666666 0.024375000000000036 0.046667000000000014
1 0.9833203125 0.6600003333333334 0.026249999999999996 0.04333299999999992
