1 0.2083203125 0.7158393282442749 0.02687500000000001 0.04007799999999996
1 0.2501171875 0.638494893129771 0.023125000000000007 0.03421299999999991
1 0.2875390625 0.5777674580152673 0.019374999999999976 0.030302999999999962
1 0.3019140625 0.5376894580152672 0.018125000000000002 0.03030300000000005
1 0.4533203125 0.6838891755725192 0.026875000000000038 0.03323499999999986
1 0.4496875 0.5590740229007632 0.016249999999999987 0.023460000000000036
1 0.451640625 0.6061154580152672 0.02124999999999999 0.02932600000000008
1 0.478125 0.7752819160305344 0.03125 0.056696000000000066
1 0.6227734375 0.6326298931297709 0.02937499999999993 0.034213
1 0.6501953125 0.7254938931297711 0.02562500000000001 0.03519099999999996
1 0.6487890625 0.7040538702290077 0.01937500000000003 0.014663000000000084
1 0.72109375 0.8537907633587786 0.024375000000000036 0.04594300000000002
1 0.7194140625 0.8297255877862596 0.01937500000000003 0.016617999999999928
1 0.970703125 0.7888454809160306 0.03562500000000002 0.049853999999999954
