1 0.538984375 0.4379654151436031 0.01187500000000008 0.013378000000000067
1 0.603359375 0.4317458981723237 0.011874999999999969 0.015886000000000008
1 0.638359375 0.4379654151436031 0.013125000000000053 0.013378000000000067
1 0.6411328125 0.4580324151436032 0.010624999999999996 0.014213999999999923
1 0.6904296875 0.4115173133159269 0.007499999999999951 0.030937000000000006
1 0.7265625 0.4103734151436031 0.015625 0.015050000000000003
1 0.7930078125 0.43137938120104435 0.010624999999999996 0.019231000000000022
1 0.8455859375 0.42970738120104435 0.01375000000000004 0.019230000000000025
1 0.8887890625 0.41465638120104437 0.018750000000000044 0.01839500000000002
1 0.918984375 0.4356623472584856 0.013125000000000053 0.024247999999999974
1 0.9256640625 0.4096403812010444 0.01937500000000003 0.018393999999999945
1 0.9576171875 0.4047263472584857 0.021874999999999978 0.0242469999999999
1 0.9853125 0.42970738120104435 0.015625 0.019230000000000025
