1 0.166640625 0.5109233941605839 0.020000000000000018 0.03454700000000008
1 0.2781640625 0.5140128321167884 0.018125000000000002 0.025209999999999896
1 0.295859375 0.5489679781021898 0.012500000000000011 0.021474999999999914
1 0.3039453125 0.42310237226277375 0.026874999999999982 0.05415499999999994
1 0.3230078125 0.5354888321167883 0.010000000000000009 0.02427599999999997
1 0.3674609375 0.39502468613138686 0.015000000000000013 0.027077999999999994
1 0.3855859375 0.6424056642335766 0.04562500000000003 0.04948600000000004
1 0.402109375 0.6831992262773723 0.04375000000000001 0.05789000000000009
1 0.54109375 0.5960091021897811 0.024374999999999925 0.040149000000000025
1 0.5438671875 0.7402739343065694 0.02187500000000009 0.06255899999999999
1 0.60015625 0.7728352262773722 0.040000000000000036 0.05602200000000007
1 0.6345703125 0.8569359124087591 0.02562500000000001 0.08216600000000006
1 0.685703125 0.8806860583941606 0.03562500000000002 0.08029900000000001
1 0.729375 0.902754598540146 0.03249999999999997 0.109243
1 0.7945703125 0.9212432043795621 0.057499999999999996 0.07656399999999995
1 0.8565625 0.903057700729927 0.04874999999999996 0.14752599999999993
1 0.9666015625 0.9537524744525546 0.06500000000000006 0.09056900000000015
