1 0.01171875 0.7216149166666668 0.024375 0.06083299999999984
1 0.053242187499999996 0.72796875 0.053125000000000006 0.08666699999999998
1 0.03203125 0.80505175 0.008124999999999997 0.025833999999999985
1 0.08796875 0.7535940833333333 0.024375000000000008 0.03583299999999993
1 0.2159375 0.9810940833333334 0.04749999999999999 0.034999999999999996
1 0.2158984375 0.9935413333333334 0.03 0.01083400000000001
1 0.2738671875 0.6926559166666667 0.023125000000000007 0.029167000000000016
1 0.2857421875 0.6734899166666667 0.021874999999999978 0.03083299999999989
1 0.3463671875 0.9823434166666667 0.021874999999999978 0.014166999999999893
1 0.5183984375 0.71088575 0.02937499999999993 0.025832999999999995
1 0.5253125 0.721458 0.015625 0.03250000000000005
