1 0.34609375 0.8795833333333333 0.15000000000000002 0.23083299999999993
1 0.2537890625 0.42973991666666667 0.05062500000000003 0.09333299999999996
1 0.445078125 0.6131253333333334 0.0675 0.07333300000000002
1 0.4646875 0.2760416666666667 0.046875 0.053333
1 0.49890625 0.5997399166666666 0.040000000000000036 0.0925000000000001
1 0.6065625 0.7702083333333333 0.016874999999999973 0.010833000000000018
1 0.685390625 0.45265625 0.051875000000000004 0.07083300000000008
1 0.7015625 0.4038541666666666 0.04875000000000007 0.07000000000000006
1 0.7153125 0.6475520833333334 0.015625 0.0658330000000001
1 0.7462890625 0.61651075 0.04999999999999993 0.055000000000000084
1 0.9016796875 0.31614549999999997 0.006249999999999978 0.017499999999999998
