1 0.04171875 0.8348710317460317 0.05500000000000001 0.06406299999999994
1 0.19375 0.5178430842490842 0.12562500000000001 0.16875
1 0.183046875 0.4923050805860805 0.05875 0.16171900000000006
1 0.280859375 0.555829076923077 0.13749999999999998 0.15624999999999992
1 0.2934375 0.4665240805860806 0.11124999999999999 0.16171800000000008
1 0.4260546875 0.6134970830280829 0.10062500000000002 0.16796900000000003
1 0.6516796875 0.6011930879120879 0.19374999999999998 0.17656300000000008
1 0.6287890625 0.6353250915750915 0.14437500000000003 0.1843750000000001
1 0.8129296875 0.530006105006105 0.22562499999999996 0.21015600000000004
1 0.905625 0.6671181147741146 0.1875 0.23046800000000006
