1 0.8903515625 0.0651386401179941 0.09687499999999993 0.09537300000000003
1 0.505390625 0.6515498200589971 0.020625000000000004 0.048158999999999966
1 0.55046875 0.42173726253687316 0.024375000000000036 0.03116099999999993
1 0.5876953125 0.7329381887905606 0.026875000000000093 0.03304999999999989
1 0.611796875 0.5656823362831859 0.028124999999999956 0.028328999999999927
1 0.634765625 0.5044201887905605 0.020625000000000004 0.033049999999999975
1 0.738671875 0.47685682005899704 0.05874999999999997 0.05004700000000002
1 0.766953125 0.4003063038348083 0.03687499999999999 0.06798900000000004
1 0.8675 0.2566041150442478 0.03312499999999996 0.03682700000000004
1 0.97890625 0.4898974513274336 0.040000000000000036 0.06421100000000007
1 0.9887890625 0.8425295250737465 0.01937500000000003 0.060434999999999794
