1 0.0152734375 0.7591836749633967 0.030625 0.04033800000000002
1 0.0706640625 0.6296134172767204 0.019375000000000003 0.032832999999999994
1 0.4675 0.09600083455344069 0.0625 0.06660400000000001
1 0.638125 0.4005111229868228 0.09437499999999999 0.0966220000000001
1 0.6359375 0.1387669019033675 0.015625 0.021575999999999994
1 0.663125 0.26732806149341143 0.03312500000000007 0.04690500000000004
1 0.6741015625 0.18518893265007322 0.03500000000000003 0.04408999999999999
1 0.726484375 0.4101897364568082 0.07437500000000008 0.08630399999999994
1 0.7071484375 0.1331820614934114 0.030625000000000013 0.047841999999999996
1 0.9654296875 0.04868396339677892 0.03874999999999995 0.06754299999999999
