1 0.56 0.8692295710102489 0.09499999999999997 0.151032
1 0.4215625 0.5397417730600294 0.017500000000000016 0.01876199999999988
1 0.438828125 0.8308905461200585 0.03687499999999999 0.036584999999999895
1 0.4548046875 0.5271349019033674 0.007499999999999951 0.021576000000000057
1 0.4816796875 0.8286016749633969 0.03874999999999995 0.04033799999999977
1 0.4876953125 0.6243972884333823 0.02562500000000001 0.030018999999999896
1 0.4907421875 0.6174184172767203 0.021874999999999978 0.03471
1 0.5971875 0.8344764114202049 0.04875000000000007 0.12476600000000006
1 0.8448046875 0.8967840614934114 0.038124999999999964 0.04784300000000005
1 0.8560546875 0.8780931595900439 0.03749999999999998 0.02907999999999995
