1 0.014219187500000001 0.7802046783625731 0.021557999999999997 0.0324999999999999
1 0.039239375 0.7703505438596492 0.013212000000000002 0.015834000000000074
1 0.1902910625 0.8070324970760234 0.018775999999999987 0.025832999999999884
1 0.2112869375 0.7216959064327485 0.014603000000000005 0.024167000000000115
1 0.3274495625 0.5585376783625731 0.034770999999999996 0.03250000000000009
1 0.3512570625 0.7640500409356725 0.050068999999999975 0.040000000000000056
1 0.3626201875 0.44121345029239767 0.022948000000000024 0.0375
1 0.413369375 0.8285376783625731 0.012517999999999974 0.030833999999999993
1 0.4222775 0.823537678362573 0.015994000000000064 0.03250000000000003
1 0.6096536874999999 0.9245763567251462 0.03755200000000014 0.0625
1 0.747595625 0.7530263157894738 0.020167000000000046 0.022499999999999947
1 0.85038375 0.8328944035087719 0.02433900000000011 0.050000000000000135
