1 0.267578125 0.30671875 0.036250000000000004 0.025832999999999995
1 0.316953125 0.6925520833333333 0.036250000000000004 0.06583300000000003
1 0.348671875 0.6908850833333333 0.028749999999999998 0.06750000000000005
1 0.4271875 0.3358857499999999 0.01687500000000003 0.02416600000000002
1 0.4815234375 0.31468783333333333 0.030000000000000027 0.02749999999999997
1 0.5357421875 0.5445836666666667 0.02312499999999995 0.022499999999999964
1 0.583125 0.41083333333333333 0.03249999999999997 0.04249999999999998
1 0.5934375 0.4327600833333333 0.015625 0.03416700000000006
1 0.6275 0.7522395833333334 0.03312500000000007 0.051666999999999984
1 0.66375 0.41750033333333336 0.0318750000000001 0.04333299999999999
1 0.7027734375 0.7189580000000001 0.030625000000000013 0.0324999999999999
1 0.7026171875 0.4243746666666666 0.021874999999999978 0.05333399999999999
1 0.747109375 0.644583 0.04375000000000007 0.0625
1 0.7522265625 0.4143746666666666 0.03375000000000006 0.05333400000000007
1 0.7934765625 0.59817675 0.03500000000000003 0.05666699999999988
