1 0.0361328125 0.21526186092715233 0.073125 0.19193999999999994
1 0.07890625 0.4531788410596027 0.04062500000000001 0.07423099999999994
1 0.117109375 0.521231761589404 0.07562500000000001 0.11134699999999996
1 0.16703125 0.456783344370861 0.04000000000000001 0.17815499999999992
1 0.2033984375 0.5564316158940398 0.06062500000000001 0.09331900000000005
1 0.2191015625 0.9179889536423841 0.033749999999999974 0.0657479999999999
1 0.2425390625 0.7824915364238412 0.04999999999999999 0.13043399999999988
1 0.308203125 0.603275536423841 0.09812499999999996 0.130435
1 0.3128125 0.9621928410596027 0.015625 0.07317099999999983
1 0.34109375 0.41652821192052975 0.024375000000000036 0.06998999999999998
1 0.358359375 0.39526554966887417 0.013124999999999998 0.04135700000000003
1 0.4105859375 0.3094451456953643 0.014375000000000027 0.018026999999999946
1 0.5580859375 0.8005941324503311 0.04625000000000001 0.10922599999999993
1 0.5853125 0.7242967947019867 0.078125 0.13679700000000009
1 0.6565234375 0.7073297947019866 0.12312500000000004 0.1389180000000001
1 0.6583984375 0.3548929536423841 0.02937499999999993 0.06468699999999998
1 0.713984375 0.2702955364238411 0.04312499999999997 0.130435
1 0.7178125 0.181650178807947 0.015625 0.045599000000000035
1 0.78234375 0.28638745695364237 0.05500000000000005 0.16861000000000004
1 0.864296875 0.22705611920529797 0.15375000000000005 0.19618300000000005
1 0.8576953125 0.9376516490066225 0.08875 0.12089099999999993
1 0.8440625 0.6119853245033112 0.04812499999999997 0.061505999999999936
1 0.8483203125 0.1086094370860927 0.02562500000000001 0.050901999999999975
1 0.9105859375 0.0663216953642384 0.0462499999999999 0.05938499999999999
1 0.9578515625 0.6708512913907284 0.06624999999999992 0.03499499999999999
1 0.989140625 0.471152178807947 0.020000000000000018 0.04559899999999996
