1 0.2420703125 0.5906331527165932 0.18312499999999998 0.139097
1 0.1437109375 0.738245872246696 0.17 0.2142850000000001
1 0.3176953125 0.7249732936857561 0.12062499999999998 0.11184200000000008
1 0.3869921875 0.7692608722466961 0.20937500000000003 0.2124059999999999
1 0.37484375 0.892792443465492 0.14875000000000005 0.210526
1 0.4312109375 0.634044148311307 0.10749999999999998 0.07894699999999998
1 0.613125 0.8846860161527166 0.15749999999999997 0.22744300000000003
1 0.82046875 0.8209540117474303 0.11812500000000004 0.167293
1 0.832265625 0.7015941512481645 0.05125000000000002 0.11748099999999995
1 0.940703125 0.3385207165932452 0.036250000000000004 0.03477500000000002
