1 0.7234765625 0.4992299209370425 0.15999999999999992 0.22701599999999997
1 0.0146484375 0.9398400248901903 0.030625 0.11632300000000022
1 0.2534765625 0.9421288960468522 0.09625 0.11257
1 0.2709765625 0.9487909326500733 0.03375 0.04409000000000001
1 0.30875 0.06353554612005857 0.03312499999999996 0.036586
1 0.30078125 0.10117280380673498 0.00874999999999998 0.04221400000000001
1 0.3664453125 0.9330896691068814 0.08937499999999998 0.13039400000000007
1 0.3365625 0.07415315959004393 0.01687500000000003 0.02907999999999999
1 0.371796875 0.10226922108345535 0.028124999999999956 0.07410900000000001
1 0.52875 0.09382622108345534 0.03249999999999997 0.075047
1 0.5457421875 0.15903619033674965 0.021874999999999978 0.052532999999999955
1 0.6233203125 0.6718715768667644 0.026874999999999982 0.0590999999999999
1 0.75296875 0.01171303074670571 0.024375000000000036 0.024390000000000002
1 0.924296875 0.8847734172767204 0.059374999999999956 0.03470900000000011
1 0.9457421875 0.44958873645680825 0.053749999999999964 0.08724199999999996
