1 0.6074609375 0.7903719927007301 0.07750000000000001 0.14125399999999996
1 0.0201953125 0.4572239343065693 0.026875000000000003 0.0636109999999999
1 0.0412109375 0.4679250802919707 0.04625 0.05893300000000007
1 0.283515625 0.7912236204379562 0.05125000000000002 0.08793199999999995
1 0.3334375 0.8370606204379563 0.078125 0.08793199999999987
1 0.3758984375 0.4731269343065693 0.06124999999999997 0.06267499999999997
1 0.3793359375 0.438883394160584 0.04625000000000001 0.03461199999999994
1 0.4158203125 0.43637483211678835 0.026874999999999982 0.02338599999999999
1 0.5408984375 0.37890068613138683 0.030625000000000013 0.02712900000000002
1 0.58796875 0.41912568613138684 0.024374999999999925 0.027127999999999975
1 0.59953125 0.43181054014598536 0.040000000000000036 0.03087000000000004
1 0.6877734375 0.7707696788321168 0.12312500000000004 0.1674469999999999
1 0.8365625 0.597910394160584 0.04874999999999996 0.032741000000000034
