1 0.0496484375 0.8466897184750732 0.091875 0.08262900000000001
1 0.070234375 0.8855984428152494 0.074375 0.08075199999999998
1 0.3559375 0.43977006451612904 0.04874999999999996 0.06572700000000005
1 0.3935546875 0.4062632375366569 0.03875000000000001 0.058215999999999976
1 0.4565234375 0.3343234809384164 0.030624999999999958 0.02816900000000002
1 0.476015625 0.2211202052785924 0.02124999999999999 0.026290999999999967
1 0.4864453125 0.3301557565982404 0.02562500000000001 0.030047000000000077
1 0.523828125 0.6020955131964809 0.0675 0.06009399999999999
1 0.5076171875 0.20397351319648094 0.023125000000000007 0.05915500000000002
1 0.530078125 0.6568380967741936 0.06687499999999996 0.09859099999999998
1 0.5344921875 0.27111630791788854 0.02312499999999995 0.03662
1 0.534765625 0.2097871348973607 0.020625000000000004 0.04601000000000003
1 0.6246875 0.4560282375366569 0.016875000000000084 0.05633799999999996
1 0.6844921875 0.31167192961876833 0.023125000000000062 0.021597000000000033
1 0.6955859375 0.2700617565982405 0.014375000000000027 0.030986
1 0.7564453125 0.19141985923753668 0.02562500000000001 0.042254
1 0.9040625 0.1541570322580645 0.015625 0.03474200000000003
1 0.9308203125 0.2070352052785924 0.026874999999999982 0.025352000000000003
