1 0.307890625 0.5803673938002296 0.083125 0.16176499999999994
1 0.168828125 0.5816825912743973 0.03687499999999999 0.08014700000000001
1 0.2512109375 0.7076236337543054 0.014374999999999971 0.013971000000000079
1 0.3076171875 0.7347394225028703 0.023125000000000007 0.010294000000000057
1 0.534609375 0.22591642250287022 0.011874999999999969 0.010294000000000024
1 0.5598046875 0.19103452812858784 0.0068749999999999645 0.012499999999999987
1 0.56328125 0.22297442250287028 0.008750000000000036 0.010294000000000024
1 0.6386328125 0.2465946337543054 0.010000000000000009 0.015440999999999953
1 0.650234375 0.026277267508610796 0.013124999999999942 0.027940999999999997
1 0.7387890625 0.6018318450057406 0.018750000000000044 0.02058799999999998
1 0.80828125 0.30500552812858783 0.008750000000000036 0.011763999999999997
1 0.8792578125 0.6714142112514352 0.010000000000000009 0.0066170000000000334
1 0.921640625 0.7003608450057406 0.020625000000000004 0.01911799999999991
1 0.9565625 0.4113908450057406 0.01750000000000007 0.01911799999999991
