1 0.065859375 0.67338575 0.013124999999999998 0.024165999999999983
1 0.1624609375 0.6303125 0.014374999999999999 0.016666999999999987
1 0.1706640625 0.5962496666666667 0.018125000000000002 0.020833999999999946
1 0.1753125 0.6657815833333333 0.015625 0.01916600000000009
1 0.3628125 0.518958 0.04750000000000004 0.03249999999999997
1 0.3584765625 0.4492705000000001 0.03375 0.04833399999999995
1 0.435234375 0.6170836666666667 0.013124999999999998 0.022500000000000037
1 0.576484375 0.6343753333333334 0.012499999999999956 0.011665999999999954
1 0.5871875 0.6303125 0.016874999999999973 0.016666999999999987
1 0.6898828125 0.6319795 0.010624999999999996 0.01666599999999992
1 0.700390625 0.6296878333333332 0.020625000000000004 0.027500000000000153
1 0.7821875 0.6196878333333333 0.015625 0.027500000000000007
1 0.8428125 0.6254166666666666 0.016875000000000084 0.022499999999999964
1 0.9809375 0.5856774166666666 0.015625 0.01333300000000004
