1 0.0626171875 0.8477600833333333 0.023125 0.034999999999999996
1 0.2247265625 0.5812496666666668 0.035 0.020833999999999946
1 0.2665625 0.6091145833333332 0.016250000000000042 0.019167000000000083
1 0.2946875 0.6609899166666667 0.015625 0.029166000000000025
1 0.316015625 0.6559899166666666 0.020625000000000004 0.029166000000000025
1 0.451484375 0.6354163333333332 0.043125000000000024 0.10499999999999998
1 0.619765625 0.6600003333333334 0.020625000000000004 0.04333299999999992
1 0.630859375 0.47088575000000005 0.013125000000000053 0.024165999999999983
1 0.6626953125 0.586458 0.026874999999999982 0.033333999999999975
1 0.722890625 0.6982291666666667 0.020625000000000004 0.03749999999999994
1 0.8046875 0.52421875 0.016874999999999973 0.02416700000000005
