1 0.6746875 0.7652256596980257 0.1725 0.2485119999999999
1 0.0341796875 0.09297008594657376 0.06875 0.07514799999999999
1 0.0403125 0.11245988501742159 0.0475 0.06398800000000004
1 0.3851171875 0.3415000429732869 0.05312499999999998 0.039434000000000004
1 0.436328125 0.38821128687572587 0.06812499999999999 0.08630999999999998
1 0.525 0.3771781765389082 0.156875 0.207589
1 0.594921875 0.9237076120789779 0.18437499999999996 0.15104199999999995
1 0.584296875 0.07614668408826947 0.02749999999999997 0.051340000000000004
1 0.6446875 0.023228803716608595 0.04749999999999999 0.048362999999999996
1 0.7749609375 0.1553242868757259 0.04562500000000003 0.087054
1 0.9746875 0.6015176074332171 0.04812499999999997 0.094494
1 0.9909375 0.10632612427409989 0.016249999999999987 0.055060000000000005
