1 0.029453125 0.4651494117647058 0.036875000000000005 0.049905000000000026
1 0.027773437499999998 0.24292641176470586 0.030625 0.04990600000000005
1 0.037109375 0.2564056470588235 0.012499999999999997 0.038606999999999995
1 0.07125000000000001 0.31366458823529414 0.031874999999999994 0.05555599999999998
1 0.0831640625 0.33291000000000004 0.018125000000000002 0.05273000000000001
1 0.13093749999999998 0.4707984117647059 0.016875000000000015 0.049906000000000006
1 0.1785546875 0.41400517647058815 0.037500000000000006 0.056497000000000075
1 0.2033984375 0.4808601764705882 0.030624999999999986 0.05649699999999999
1 0.3608984375 0.32725999999999994 0.029374999999999984 0.05084700000000005
1 0.4251171875 0.3732828235294117 0.023125000000000007 0.04425600000000003
1 0.5347265625 0.49404317647058826 0.034375000000000044 0.057437999999999996
1 0.545703125 0.32873058823529405 0.036250000000000004 0.054613999999999996
1 0.57046875 0.31596 0.024375000000000036 0.05178999999999999
1 0.609375 0.33908858823529414 0.03312499999999996 0.053672000000000004
1 0.63609375 0.46133011764705883 0.024375000000000036 0.02165700000000002
1 0.658125 0.2166775882352941 0.03187499999999999 0.05461400000000004
1 0.6516796875 0.45862129411764696 0.007499999999999951 0.02730700000000008
1 0.723125 0.29859858823529417 0.03187499999999999 0.05555599999999998
1 0.79234375 0.34556341176470584 0.024375000000000036 0.04802300000000005
1 0.85515625 0.6784201176470588 0.040000000000000036 0.07344699999999993
1 0.8945703125 0.4057102352941176 0.026874999999999982 0.041432000000000024
1 0.9344140625 0.712435294117647 0.04999999999999993 0.07909599999999992
1 0.9346484375 0.4523788235294117 0.029999999999999916 0.04614000000000009
