1 0.82015625 0.5421728686131387 0.07062499999999994 0.12511700000000003
1 0.08828125 0.3601155328467154 0.070625 0.170868
1 0.2412109375 0.4481052846715329 0.04625000000000001 0.13445399999999996
1 0.285390625 0.21905884671532846 0.083125 0.145658
1 0.45109375 0.3836802846715329 0.05624999999999997 0.13538700000000004
1 0.5515234375 0.4764057226277371 0.06125000000000003 0.1260510000000001
1 0.563359375 0.3863105547445255 0.04437500000000005 0.149393
1 0.672421875 0.6133869489051095 0.09062500000000007 0.18394000000000008
1 0.6690234375 0.32490830656934305 0.06062499999999993 0.11671300000000005
1 0.78171875 0.3694368686131386 0.05499999999999994 0.12325000000000001
1 0.9021875 0.5941567664233577 0.07937499999999997 0.08590099999999996
