1 0.0390625 0.44548 0.07875 0.100754
1 0.0885546875 0.4824469411764705 0.03874999999999999 0.06497200000000013
1 0.1462109375 0.557543588235294 0.04500000000000001 0.05367300000000007
1 0.195859375 0.6277531764705883 0.075625 0.05837999999999999
1 0.195234375 0.7755232941176471 0.04375000000000001 0.07909599999999992
1 0.203203125 0.7094408235294116 0.03562499999999999 0.044256000000000115
1 0.2275390625 0.3865297058823529 0.018125000000000002 0.024481999999999966
1 0.2382421875 0.4641551176470588 0.02312499999999998 0.02071500000000003
1 0.2421875 0.528713705882353 0.017500000000000016 0.025424
1 0.2483203125 0.588977705882353 0.02562499999999998 0.024482000000000007
1 0.2488671875 0.07067429411764706 0.021875000000000006 0.027306999999999998
1 0.2488671875 0.5696161176470588 0.021875000000000006 0.02165700000000002
1 0.2739453125 0.07614423529411764 0.026875000000000038 0.042372000000000014
1 0.276875 0.8847628823529411 0.03187500000000004 0.031072999999999993
1 0.2828125 0.7350448823529412 0.015625 0.0320149999999999
