1 0.0662890625 0.32981510344827586 0.018749999999999996 0.029833999999999996
1 0.1154296875 0.6435893103448277 0.03874999999999999 0.08287299999999995
1 0.2061328125 0.6455327586206896 0.041874999999999996 0.07182299999999996
1 0.2168359375 0.8068105172413793 0.015000000000000013 0.03867399999999993
1 0.2357421875 0.30011437931034485 0.021875000000000006 0.035359000000000036
1 0.3273828125 0.6674124482758621 0.04125000000000001 0.08839799999999993
1 0.33578125 0.3790532413793104 0.04062500000000002 0.032044
1 0.35625 0.6369120689655172 0.03187499999999999 0.05193300000000004
1 0.3755859375 0.33056751724137934 0.014999999999999958 0.04088400000000003
1 0.4414453125 0.6320062068965516 0.025624999999999953 0.058563000000000115
1 0.451484375 0.2682886896551724 0.012500000000000011 0.019889999999999963
1 0.469296875 0.6344827586206897 0.02812500000000001 0.06961300000000001
1 0.564453125 0.6319201724137931 0.03562500000000002 0.079558
1 0.571640625 0.3138602413793103 0.020625000000000004 0.034254000000000014
1 0.5938671875 0.6597634827586207 0.02312499999999995 0.06519399999999992
1 0.6779296875 0.6661741724137931 0.03749999999999998 0.0795580000000001
1 0.7166796875 0.8853117586206897 0.038124999999999964 0.07071799999999988
1 0.7537109375 0.8826158965517241 0.04500000000000004 0.07292800000000003
1 0.7773828125 0.6469903448275862 0.04249999999999998 0.060772999999999876
1 0.8098046875 0.666440724137931 0.03874999999999995 0.095028
1 0.903828125 0.6723183103448277 0.03687499999999999 0.08397799999999993
1 0.899765625 0.33498751724137926 0.020625000000000004 0.04088400000000003
1 0.9596875 0.31165024137931036 0.01749999999999996 0.032044
