1 0.0208984375 0.47485738120104437 0.029375 0.020066999999999953
1 0.0282421875 0.48399576240208875 0.023125 0.03762500000000004
1 0.06394531249999999 0.4821188302872063 0.025625000000000002 0.02759199999999999
1 0.1950390625 0.7509670417754569 0.080625 0.07274299999999999
1 0.256484375 0.7345085926892951 0.04375000000000001 0.06521799999999989
1 0.3788671875 0.9391817362924283 0.05375000000000002 0.11872899999999986
1 0.39875 0.2862022793733681 0.03125 0.035953000000000034
1 0.3963671875 0.33255579634464755 0.021874999999999978 0.03344400000000006
1 0.5081640625 0.27000838120104437 0.01937500000000003 0.018394000000000018
1 0.5425390625 0.3324528302872063 0.018125000000000058 0.027592000000000026
1 0.5615234375 0.44965614360313316 0.030625000000000013 0.056856000000000066
1 0.5775390625 0.623994279373368 0.04937500000000006 0.035954000000000104
1 0.6143359375 0.5627966945169712 0.04499999999999993 0.048495000000000024
1 0.685 0.4297507284595301 0.03187499999999999 0.04264199999999999
1 0.703671875 0.3137942793733682 0.028125000000000067 0.034280999999999985
1 0.7043359375 0.6114532793733681 0.014375000000000027 0.03595300000000011
1 0.7281640625 0.3098778302872063 0.018125000000000058 0.02759199999999999
1 0.888125 0.29623527937336813 0.03125 0.03428099999999995
1 0.8988671875 0.24235676240208878 0.02312499999999995 0.03678999999999996
