1 0.8153125 0.5845309166666667 0.07999999999999996 0.1224999999999999
1 0.01171875 0.63067675 0.025 0.055000000000000014
1 0.0094140625 0.31838575 0.018125 0.024165999999999983
1 0.0488671875 0.504792 0.023125 0.03166599999999997
1 0.169765625 0.46208299999999997 0.05249999999999999 0.06416700000000002
1 0.1938671875 0.39984375 0.021874999999999978 0.055000000000000014
1 0.2726171875 0.4412496666666666 0.02312499999999995 0.02083400000000002
1 0.5947265625 0.48901075 0.03374999999999995 0.055832999999999945
1 0.694921875 0.560625 0.028749999999999942 0.0324999999999999
1 0.697421875 0.5395836666666667 0.02750000000000008 0.022499999999999964
1 0.763828125 0.34776008333333336 0.03562500000000002 0.034999999999999996
1 0.8046484375 0.34442708333333333 0.02937499999999993 0.034999999999999955
