1 0.6948046875 0.16041633333333333 0.16249999999999998 0.23083399999999998
1 0.0888671875 0.5792704999999999 0.179375 0.1733340000000001
1 0.081328125 0.4240621666666667 0.160625 0.16333399999999995
1 0.15703125 0.7312499999999998 0.16562500000000002 0.19000000000000003
1 0.157890625 0.27744758333333336 0.145625 0.14416699999999993
1 0.2265625 0.15203158333333333 0.11125000000000002 0.208333
1 0.3297265625 0.612708 0.19125000000000003 0.21916699999999997
1 0.3275 0.06901041666666667 0.09562499999999996 0.14
1 0.4608984375 0.059895833333333336 0.12374999999999997 0.12083300000000001
1 0.63484375 0.061197916666666664 0.11749999999999994 0.1225
1 0.933828125 0.38286491666666667 0.13 0.24916600000000008
