1 0.157265625 0.4801358688046647 0.27125 0.289179
1 0.1104296875 0.45885685422740524 0.1325 0.3208959999999999
1 0.2978515625 0.45960240816326536 0.03375 0.10447800000000004
1 0.320859375 0.35372721574344024 0.07500000000000001 0.1268650000000001
1 0.3553125 0.6801325306122449 0.14250000000000002 0.634328
1 0.3698046875 0.2760646967930029 0.03749999999999998 0.06716499999999999
1 0.5121875 0.6237385655976676 0.2975 0.356343
1 0.6050390625 0.13287650437317783 0.08125000000000004 0.093283
1 0.6710546875 0.20243384548104956 0.03875000000000006 0.14179099999999997
1 0.9521484375 0.6242116034985423 0.09250000000000003 0.47388
