1 0.749109375 0.7715547224669603 0.07500000000000007 0.11578899999999999
1 0.4990234375 0.49943374889867836 0.999 0.4857139999999999
1 0.0596484375 0.7093155741556535 0.03 0.03909699999999996
1 0.0626484375 0.9498108604992658 0.03 0.048120000000000177
1 0.1798125 0.5967450014684287 0.017000000000000015 0.021052999999999975
1 0.2008828125 0.6960285726872246 0.009999999999999981 0.019549000000000052
1 0.2658125 0.659832859030837 0.016000000000000014 0.027067000000000035
1 0.298625 0.7768077180616739 0.03200000000000003 0.05413499999999997
1 0.3828125 0.6103145726872247 0.016000000000000014 0.01954899999999997
1 0.3946953125 0.8642727165932453 0.025999999999999968 0.03308299999999989
1 0.405859375 0.5982845726872246 0.012999999999999956 0.019549000000000052
1 0.484765625 0.6628042878120411 0.02100000000000002 0.030074999999999963
1 0.5117890625 0.661335859030837 0.018000000000000016 0.028571999999999938
1 0.5698125 0.6583644302496329 0.015999999999999903 0.024060000000000088
1 0.5987890625 0.6763027165932453 0.019000000000000017 0.033082999999999974
1 0.6735078125 0.8713678619676946 0.041999999999999926 0.06917299999999998
1 0.6817890625 0.6403895726872246 0.017999999999999905 0.019548999999999882
1 0.7125078125 0.870005146842878 0.04200000000000004 0.05714300000000006
1 0.7028125 0.6132860014684287 0.017000000000000015 0.022557000000000063
1 0.8508125 0.5561785726872248 0.016000000000000014 0.019548999999999882
1 0.933296875 0.9572587180616741 0.05999999999999994 0.05563899999999989
1 0.9668359375 0.5501290014684288 0.015000000000000013 0.021051999999999994
1 0.9848828125 0.5185845726872246 0.01100000000000001 0.019549000000000052
