1 0.1242578125 0.2067705 0.04187500000000001 0.04749999999999999
1 0.1869921875 0.06046841666666666 0.023125000000000007 0.04666700000000001
1 0.201796875 0.16697949999999998 0.02812500000000001 0.016665999999999976
1 0.255625 0.7358850833333334 0.06312499999999999 0.06666699999999996
1 0.2751171875 0.048594083333333336 0.02312499999999995 0.034166
1 0.4407421875 0.6297399166666667 0.05312500000000003 0.09333299999999989
1 0.46703125 0.5908850833333333 0.03999999999999998 0.06749999999999996
1 0.5484375 0.021458 0.016874999999999973 0.032499999999999994
1 0.5609765625 0.07885383333333333 0.03499999999999992 0.027499999999999997
1 0.9840234375 0.16458299999999998 0.030000000000000027 0.065
