1 0.7956640625 0.8557106383601757 0.11187500000000006 0.10600399999999992
1 0.133203125 0.3804251903367496 0.03562499999999999 0.05253300000000002
1 0.151484375 0.48537693265007315 0.043125 0.045966000000000125
1 0.4110546875 0.4930652884333821 0.038124999999999964 0.030957000000000123
1 0.41671875 0.46927151537335277 0.02437499999999998 0.013133000000000053
1 0.4399609375 0.3988444172767203 0.014375000000000027 0.03283300000000008
1 0.4687890625 0.4092776749633968 0.018125000000000002 0.040337999999999936
1 0.703359375 0.6559245768667643 0.043749999999999956 0.060037000000000076
1 0.7223046875 0.7949449326500732 0.06937499999999996 0.04409000000000001
1 0.704296875 0.7278589633967789 0.02749999999999997 0.06941799999999997
