1 0.0675390625 0.41838574999999995 0.018125000000000002 0.024165999999999983
1 0.0703125 0.5054166666666666 0.016875 0.022499999999999964
1 0.1209765625 0.9798961666666667 0.09687500000000002 0.03750000000000009
1 0.1307421875 0.6034375 0.021875000000000006 0.048333000000000105
1 0.1350390625 0.5418229166666667 0.019375000000000003 0.03083299999999996
1 0.1851953125 0.7421354166666667 0.02562500000000001 0.04499999999999993
1 0.313046875 0.61671875 0.02812500000000001 0.02416700000000005
1 0.346171875 0.608125 0.02749999999999997 0.031667000000000035
1 0.413671875 0.74125 0.028124999999999956 0.06333300000000008
1 0.8383984375 0.5624475833333333 0.030625000000000013 0.019167000000000007
1 0.834609375 0.4581774166666666 0.013125000000000053 0.014166000000000048
1 0.8556640625 0.4594795 0.01937499999999992 0.017499999999999998
