1 0.4533203125 0.55578125 0.12000000000000005 0.10333299999999997
1 0.2614453125 0.08078158333333334 0.026250000000000023 0.02083299999999999
1 0.3113671875 0.05385383333333333 0.021875000000000033 0.027500000000000007
1 0.431875 0.3308333333333333 0.06312499999999999 0.041667000000000044
1 0.4437109375 0.36536425 0.07750000000000001 0.040000000000000036
1 0.4953125 0.5885940833333333 0.07875000000000004 0.034999999999999996
1 0.566953125 0.5424996666666666 0.0681250000000001 0.08500000000000012
1 0.610859375 0.512083 0.07500000000000007 0.063334
1 0.6147265625 0.3864065833333334 0.06625000000000003 0.04999999999999997
1 0.6528125 0.42859341666666667 0.07874999999999999 0.07583400000000003
1 0.670546875 0.04338575 0.028750000000000053 0.025833000000000005
1 0.6913671875 0.03473925 0.021874999999999978 0.01
1 0.6963671875 0.04838575 0.02312499999999995 0.02416600000000001
