1 0.5032295 0.6361771497797356 0.07916599999999996 0.09774500000000008
1 0.3440751875 0.7848307195301029 0.02333400000000002 0.07393499999999993
1 0.3705078125 0.7923111468428782 0.04250000000000004 0.057643999999999904
1 0.437942375 0.6939980058737151 0.07583400000000001 0.08270700000000007
1 0.5063935625 0.8488790029368574 0.06583300000000003 0.042606000000000144
1 0.5027470625 0.8313350029368576 0.04999999999999993 0.04260599999999998
1 0.5572783125 0.6491004346549192 0.08833399999999991 0.08772000000000002
1 0.5879560625 0.3544987165932452 0.019166000000000016 0.03508799999999999
1 0.605338875 0.35160043171806166 0.02749999999999997 0.04636599999999999
1 0.672265625 0.3417522878120411 0.02083299999999999 0.03132800000000006
1 0.982292 0.7901964317180618 0.03249999999999997 0.04511299999999998
1 0.988098625 0.80065228928047 0.02083400000000002 0.05012599999999984
