1 0.45957081250000004 0.6818138286969253 0.07343699999999997 0.15690900000000013
1 0.022070812500000002 0.24035022108345533 0.042186999999999995 0.074942
1 0.1966796875 0.13789247877013178 0.037500000000000006 0.08196699999999998
1 0.2562495 0.535435251830161 0.04843800000000001 0.098361
1 0.2646489375 0.13408634992679355 0.04531199999999996 0.077283
1 0.325391125 0.2994844787701318 0.067187 0.07962499999999999
1 0.34765625 0.5125994787701318 0.10312500000000002 0.08196699999999997
1 0.4033203125 0.4786399633967789 0.057813 0.07025700000000006
1 0.41328175 0.6750764114202049 0.05624899999999999 0.1241220000000001
1 0.40625 0.5974917057101025 0.03125 0.06323200000000008
1 0.455858875 0.44058573645680826 0.05937600000000004 0.08665199999999991
1 0.4529296875 0.6074449633967789 0.03749999999999998 0.06791599999999996
1 0.483984375 0.7904136383601758 0.07499999999999996 0.10772799999999996
1 0.577733875 0.7078704729136165 0.0906260000000001 0.1709599999999998
1 0.62734425 0.5357238345534407 0.10312499999999991 0.06557399999999998
1 0.6546875 0.6402460863836017 0.11093799999999998 0.16393400000000002
1 0.651171875 0.715184055636896 0.09062500000000007 0.140515
1 0.67109375 0.4968028286969253 0.08749999999999991 0.156908
1 0.6962890625 0.4511232210834554 0.08125000000000004 0.07494099999999994
