1 0.39578125 0.8345023499267935 0.040000000000000036 0.076923
1 0.447734375 0.5426700307467057 0.012499999999999956 0.026265999999999855
1 0.4804296875 0.7249748653001464 0.03750000000000003 0.09005599999999989
1 0.525546875 0.5415476749633968 0.028125000000000067 0.04033800000000002
1 0.564296875 0.4926975768667642 0.028124999999999956 0.06097499999999997
1 0.602890625 0.5746523499267936 0.02124999999999999 0.07880000000000001
1 0.6715234375 0.6406870614934114 0.030625000000000013 0.04971800000000003
1 0.6745703125 0.5520250922401171 0.02562500000000001 0.0712940000000001
1 0.6776171875 0.31558293265007326 0.02312499999999995 0.04502799999999994
1 0.7034375 0.7100609019033675 0.01749999999999996 0.021576000000000057
1 0.715390625 0.410741803806735 0.020625000000000004 0.042213999999999974
1 0.7726171875 0.5792290922401171 0.021874999999999978 0.07129500000000015
