1 0.8040625 0.87692675 0.11062499999999997 0.11833400000000009
1 0.3728515625 0.8706246666666666 0.06562499999999999 0.11500000000000006
1 0.40015625 0.49911491666666663 0.040000000000000036 0.061666000000000075
1 0.4302734375 0.7689583333333334 0.060624999999999984 0.07416699999999994
1 0.46171875 0.19911458333333334 0.023749999999999993 0.020832999999999952
1 0.51734375 0.21338575 0.024375000000000036 0.025832999999999995
1 0.6476953125 0.298125 0.02562500000000001 0.031667000000000035
1 0.65578125 0.2855725833333333 0.040000000000000036 0.05000000000000001
1 0.6912890625 0.08755175 0.018125000000000058 0.025833999999999985
1 0.7166796875 0.6485416666666667 0.03874999999999995 0.053333
1 0.7316015625 0.8247399166666667 0.06625000000000003 0.09249999999999996
