1 0.9371484375 0.6841990556368961 0.09187500000000004 0.13789799999999997
1 0.02921875 0.24002802489019034 0.05625 0.11538399999999997
1 0.1073046875 0.3915592152269399 0.06937499999999999 0.16510400000000003
1 0.10296875 0.16054447877013178 0.05562500000000001 0.080676
1 0.14851562499999998 0.24605067496339675 0.051250000000000004 0.04033800000000002
1 0.2703515625 0.2740794172767203 0.03500000000000003 0.03283300000000008
1 0.3005859375 0.7224584787701319 0.044999999999999984 0.0806749999999999
1 0.3758203125 0.29874109224011713 0.02562500000000001 0.07129500000000003
1 0.4284375 0.3072541903367496 0.04749999999999999 0.05065700000000002
1 0.47234375 0.3043873133235725 0.05624999999999997 0.14446600000000004
1 0.66546875 0.8653892518301609 0.055624999999999925 0.09849899999999998
1 0.7076953125 0.30308931918008786 0.057499999999999996 0.054408999999999964
1 0.716328125 0.8179149633967788 0.06687500000000002 0.06754199999999994
1 0.82359375 0.3371589326500732 0.05499999999999994 0.04408999999999997
1 0.906171875 0.3844057057101024 0.05875000000000008 0.06378899999999993
