1 0.65015625 0.6591946076134699 0.10187500000000005 0.08442800000000011
1 0.2198828125 0.9133023499267935 0.04125000000000001 0.07879900000000012
1 0.2810546875 0.8624869326500733 0.038124999999999964 0.0459670000000001
1 0.3577734375 0.7592278345534408 0.029374999999999984 0.06472800000000001
1 0.3846484375 0.5065141229868229 0.06187500000000001 0.09568500000000005
1 0.7240625 0.9867969019033674 0.04749999999999999 0.0225140000000002
1 0.7215234375 0.5712680614934115 0.02937499999999993 0.04784299999999997
1 0.763046875 0.9759959326500732 0.028124999999999956 0.04502800000000007
1 0.820703125 0.6317179326500733 0.03687499999999999 0.04408999999999993
1 0.8770703125 0.5323951903367495 0.026874999999999982 0.05159400000000007
1 0.966796875 0.6392229326500731 0.028124999999999956 0.044090000000000094
