1 0.8616796875 0.1671651420204978 0.22562499999999996 0.299249
1 0.14046875 0.17425727086383602 0.2125 0.30394000000000004
1 0.2621875 0.3193790922401171 0.079375 0.07317100000000006
1 0.329296875 0.726596411420205 0.05937500000000001 0.12570399999999995
1 0.5002734375 0.7918428228404099 0.15500000000000003 0.2467159999999999
1 0.46359375 0.8607693499267937 0.05624999999999997 0.076923
1 0.5725781249999999 0.7220820497803806 0.16125000000000006 0.23076900000000009
1 0.546015625 0.370403803806735 0.05249999999999999 0.042213999999999974
1 0.606015625 0.15473212298682282 0.0525000000000001 0.09568500000000003
1 0.62953125 0.6252133133235726 0.040000000000000036 0.1463409999999999
1 0.6875390625 0.1512076383601757 0.08062500000000006 0.10694200000000001
1 0.6737109375 0.7634358653001464 0.04625000000000001 0.09005600000000005
1 0.867734375 0.5605667013177159 0.26250000000000007 0.631332
