1 0.0884765625 0.6189267057101026 0.03375 0.061913999999999914
1 0.3940625 0.7846960307467056 0.016250000000000042 0.023452000000000094
1 0.3994921875 0.7703264172767205 0.023125000000000007 0.034709999999999915
1 0.4642578125 0.8537463191800879 0.041874999999999996 0.05534699999999986
1 0.5076953125 0.8478197057101023 0.026874999999999982 0.06379000000000003
1 0.6266015625 0.9384018345534407 0.03500000000000003 0.06660400000000004
1 0.6995703125 0.9662030614934114 0.02562500000000001 0.04784200000000008
1 0.719765625 0.9554721903367496 0.020625000000000004 0.052532000000000044
1 0.7406640625 0.8827831595900438 0.01937499999999992 0.02814300000000003
1 0.908515625 0.9322477057101025 0.05124999999999991 0.06379000000000003
1 0.9326953125 0.9460911903367497 0.026874999999999982 0.05159399999999999
