1 0.0361328125 0.2360970525030525 0.0725 0.10546799999999998
1 0.0278125 0.5837430134310134 0.016874999999999998 0.028906999999999905
1 0.15183593750000002 0.24542004151404154 0.07687499999999999 0.08515599999999995
1 0.267109375 0.5186100256410255 0.04374999999999998 0.051562000000000094
1 0.346171875 0.5119200244200244 0.028749999999999998 0.04999999999999999
1 0.366875 0.2742280390720391 0.033125000000000016 0.07890699999999999
1 0.386796875 0.4921410085470085 0.027500000000000024 0.018750000000000055
1 0.7782421875 0.4084070341880342 0.05312500000000009 0.07031200000000008
1 0.9759375 0.018315018315018316 0.046875 0.0375
1 0.976484375 0.35987605128205125 0.04437500000000005 0.1046870000000001
1 0.975546875 0.6466370231990233 0.028749999999999942 0.046875
