1 0.4432421875 0.895452411420205 0.08437499999999998 0.12382700000000002
1 0.02640625 0.6111500307467057 0.009375000000000001 0.02345200000000001
1 0.047890625 0.6208027057101025 0.020624999999999998 0.061913999999999914
1 0.0840625 0.9218586076134699 0.016875 0.08442800000000011
1 0.153046875 0.7109028653001463 0.05937500000000001 0.08818000000000002
1 0.2521875 0.9496588345534407 0.04749999999999999 0.06660500000000001
1 0.2563671875 0.25771954612005854 0.021875000000000006 0.03658500000000002
1 0.3501171875 0.9596802210834553 0.05375000000000002 0.07598500000000011
1 0.3587109375 0.597420803806735 0.014375000000000027 0.042213999999999974
1 0.393828125 0.45217522108345537 0.03562500000000002 0.07504699999999988
1 0.5223828125 0.3451459019033675 0.011250000000000093 0.022514000000000034
1 0.5303125 0.9047009326500731 0.016249999999999987 0.04409000000000018
1 0.5645703125 0.535691159590044 0.02562500000000001 0.029080999999999923
1 0.6310546875 0.852256251830161 0.06999999999999995 0.09756100000000008
1 0.6202734375 0.5348674172767203 0.030625000000000013 0.032832999999999994
1 0.6159375 0.3291979019033675 0.015625 0.021576000000000057
1 0.6546875 0.834003159590044 0.016249999999999987 0.027203999999999832
1 0.681015625 0.7947174172767203 0.02124999999999999 0.03283300000000016
1 0.828671875 0.7349952518301611 0.05875000000000008 0.09756099999999983
1 0.8542578125 0.7894743499267934 0.04249999999999998 0.07879900000000012
1 0.936015625 0.6929656076134699 0.08250000000000002 0.08255200000000008
1 0.948515625 0.6937893499267936 0.05125000000000002 0.07880000000000001
