1 0.12936575 0.186874875 0.024510000000000004 0.027776999999999996
1 0.211383875 0.30715162500000004 0.027777999999999997 0.01960699999999993
1 0.2613804375 0.1355634375 0.031046000000000018 0.02941199999999998
1 0.32054275 0.34048806249999997 0.024509000000000003 0.017974000000000045
1 0.3518685 0.764590875 0.04738600000000004 0.06045800000000001
1 0.3751211875 0.364340625 0.022876000000000007 0.019608000000000014
1 0.400569375 0.65678625 0.04411799999999999 0.04085000000000005
1 0.394748375 0.1558480625 0.013072000000000028 0.01797399999999999
1 0.4555245 0.35290262499999997 0.01634000000000002 0.02124200000000004
1 0.4672624375 0.3476623125 0.029411999999999994 0.026144
1 0.5156441875000001 0.4019034375 0.022875999999999896 0.031046000000000018
1 0.522837625 0.166628625 0.021242000000000094 0.021241999999999983
1 0.5535453125 0.40288 0.026143000000000027 0.03268000000000004
1 0.5839520625 0.1551714375 0.017974000000000045 0.029411999999999994
1 0.6100960624999999 0.15877775 0.017974000000000157 0.024510000000000004
1 0.8146641875 0.18655575 0.022874999999999868 0.024509000000000003
1 0.8365626249999999 0.1976554375 0.021242000000000094 0.029410999999999993
1 0.9064863125 0.2375086875 0.026144000000000056 0.03758199999999998
