1 0.0872265625 0.5116513116531165 0.03375 0.06244500000000006
1 0.1428125 0.39028421680216796 0.016249999999999987 0.044231999999999994
1 0.299921875 0.2780222303523035 0.02812500000000001 0.04770200000000002
1 0.3406640625 0.24360118970189704 0.01937500000000003 0.03902900000000001
1 0.43640625 0.9122362845528454 0.04062500000000002 0.058977000000000036
1 0.4773046875 0.9145673252032519 0.03750000000000003 0.06591500000000028
1 0.59359375 0.7125412303523037 0.025000000000000022 0.04683399999999984
1 0.6151953125 0.7074452574525744 0.02562500000000001 0.05290500000000012
1 0.8683984375 0.719534135501355 0.02937500000000004 0.028621
1 0.882421875 0.732760189701897 0.028749999999999942 0.039028999999999855
