1 0.2538565625 0.46992753352769684 0.03431399999999998 0.027819000000000035
1 0.353867875 0.4479404373177842 0.027451000000000003 0.038067000000000024
1 0.4195809375 0.3659619854227405 0.014706000000000052 0.033675000000000066
1 0.574486375 0.2371503556851312 0.012745999999999924 0.019033999999999992
1 0.5784005 0.1580873556851312 0.015687000000000006 0.019034000000000013
1 0.6117458125 0.26349180758017493 0.010784000000000016 0.024889999999999978
1 0.655859375 0.14637435568513119 0.011764999999999914 0.017570000000000006
1 0.69701275 0.3732757113702624 0.02353000000000005 0.03513899999999997
1 0.696055375 0.27664998542274055 0.012745000000000006 0.03221100000000004
1 0.8558131250000001 0.4918132448979592 0.036274999999999946 0.06149299999999997
1 0.8970285 0.1419625335276968 0.01568600000000009 0.026354999999999986
1 0.9283778749999999 0.442070889212828 0.028431000000000206 0.04538800000000008
1 0.9666320625 0.2356738075801749 0.018627999999999867 0.023426000000000034
