1 0.2852734375 0.75630175 0.12374999999999997 0.08666700000000012
1 0.021484375 0.965417 0.044375 0.0650000000000001
1 0.293828125 0.617083 0.06687500000000002 0.0625
1 0.2987109375 0.1902083333333333 0.07750000000000001 0.136667
1 0.4309765625 0.14359341666666667 0.06562499999999999 0.07750000000000001
1 0.5172265625 0.58234375 0.03500000000000003 0.055000000000000014
1 0.5792578125 0.8022395833333333 0.04249999999999998 0.051666999999999984
1 0.60796875 0.7934899166666667 0.024375000000000036 0.030833000000000037
1 0.6148046875 0.6817705 0.03875000000000006 0.0483340000000001
1 0.63015625 0.6489065833333334 0.040000000000000036 0.04999999999999997
1 0.66484375 0.7418229166666667 0.024375000000000036 0.030833000000000037
1 0.757265625 0.76505175 0.020624999999999893 0.024166999999999977
1 0.7976953125 0.8358333333333333 0.02562500000000001 0.043333000000000066
1 0.8545703125 0.9826559166666667 0.02562500000000001 0.030834000000000028
1 0.930390625 0.8172399166666667 0.08250000000000002 0.09166600000000003
