1 0.482734375 0.7871336017569547 0.07500000000000001 0.1744849999999999
1 0.1827734375 0.984096159590044 0.030625000000000013 0.02814300000000003
1 0.25390625 0.9587681595900439 0.009375000000000022 0.029080999999999923
1 0.2669140625 0.9676230307467057 0.01874999999999999 0.026266000000000105
1 0.3532421875 0.9017025768667644 0.021874999999999978 0.06003799999999996
1 0.35765625 0.9389539019033674 0.009374999999999967 0.0225140000000002
1 0.667109375 0.9487477730600291 0.013124999999999942 0.019699000000000216
1 0.841484375 0.9232344172767204 0.01187500000000008 0.0328339999999998
1 0.8570703125 0.9700693191800878 0.026874999999999982 0.055347000000000195
1 0.8686328125 0.8929879019033674 0.010624999999999996 0.02063800000000025
