1 0.5582421875 0.670538926793558 0.17874999999999996 0.1369609999999999
1 0.03703125 0.45760164421669114 0.00875 0.01688599999999993
1 0.387890625 0.8577181171303074 0.05125000000000002 0.18480300000000005
1 0.43046875 0.59446660761347 0.05624999999999997 0.08442799999999995
1 0.5283203125 0.6226787057101025 0.12 0.06379000000000003
1 0.5035937500000001 0.4438023191800878 0.05499999999999999 0.053471000000000074
1 0.5875390625 0.3603834172767204 0.01937500000000003 0.032832999999999994
1 0.6026953125 0.3463114172767204 0.02562500000000001 0.032832999999999994
1 0.6627734375 0.3862375461200586 0.02937500000000004 0.03658500000000002
1 0.6743359375 0.5506310614934115 0.04625000000000001 0.04971799999999995
1 0.6854296875 0.6034616749633968 0.03749999999999998 0.0384610000000001
1 0.691328125 0.3509323191800879 0.03687499999999999 0.054408999999999964
1 0.7110546875 0.5906704480234262 0.03749999999999998 0.05628499999999992
1 0.7159375 0.34672428843338216 0.016874999999999973 0.030955999999999984
1 0.753828125 0.5108191903367496 0.036250000000000004 0.05253300000000002
