1 0.92421875 0.689868598540146 0.05500000000000005 0.10924399999999988
1 0.158203125 0.3956328905109489 0.06812499999999999 0.10364099999999998
1 0.22046875 0.570984496350365 0.05625000000000002 0.07096100000000004
1 0.2290625 0.8790034525547447 0.048750000000000016 0.11297899999999987
1 0.285625 0.27540664233576645 0.03187499999999999 0.06816099999999994
1 0.30875 0.5412242043795621 0.03312499999999996 0.07843099999999992
1 0.3446875 0.29471054014598536 0.017500000000000016 0.03174600000000002
1 0.35109375 0.38604381021897816 0.024375000000000036 0.04388399999999992
1 0.494765625 0.3493913941605839 0.020625000000000004 0.03268000000000007
1 0.519140625 0.35937395620437956 0.020625000000000004 0.04201600000000003
1 0.5621875 0.22042168613138685 0.015625 0.028010999999999994
1 0.5803125 0.709172496350365 0.04749999999999999 0.070962
1 0.568984375 0.3527192481751825 0.013125000000000053 0.036414
1 0.6159375 0.1914766861313869 0.015625 0.027077999999999974
1 0.6441796875 0.28741127007299266 0.0068749999999999645 0.014939000000000043
1 0.8706640625 0.344842102189781 0.01937500000000003 0.03828200000000006
1 0.9209375 0.3240116642335766 0.015625 0.04761900000000003
1 0.9820703125 0.33667551824817515 0.02562500000000001 0.05042000000000004
