1 0.043437500000000004 0.6590621666666666 0.046875 0.03666699999999993
1 0.218125 0.5933333333333334 0.03187499999999999 0.04249999999999998
1 0.2260546875 0.3474479166666667 0.037500000000000006 0.06000000000000002
1 0.4639453125 0.5462496666666666 0.026249999999999996 0.02083400000000002
1 0.4973046875 0.9139065833333334 0.03874999999999995 0.05166599999999999
1 0.63359375 0.41286425 0.024375000000000036 0.03916699999999995
1 0.7625 0.4182809166666666 0.03125 0.06083399999999998
1 0.790546875 0.7033333333333333 0.02749999999999997 0.043333000000000066
1 0.8090625 0.7107815833333334 0.016874999999999973 0.018333000000000006
1 0.8884375 0.4808333333333334 0.04874999999999996 0.04333299999999999
