1 0.2091796875 0.4011455 0.0062500000000000056 0.016666999999999987
1 0.2287109375 0.4369795 0.015000000000000013 0.015832999999999986
1 0.2374609375 0.44104133333333334 0.014374999999999999 0.01250000000000003
1 0.26453125 0.46151041666666665 0.00874999999999998 0.014166999999999966
1 0.423671875 0.8924996666666667 0.06 0.08333399999999995
1 0.4273828125 0.8276045 0.041874999999999996 0.048333000000000105
1 0.4854296875 0.7264065833333334 0.03875000000000001 0.04999999999999997
1 0.519296875 0.7058857499999999 0.028750000000000053 0.025833000000000144
1 0.5618359375 0.66036425 0.0462499999999999 0.04000000000000011
1 0.560546875 0.6094795 0.028750000000000053 0.01666600000000007
1 0.5742578125 0.6315621666666668 0.04249999999999998 0.036667000000000005
1 0.5814453125 0.5709899166666667 0.026249999999999996 0.030833000000000037
1 0.6269140625 0.7544788333333333 0.05062499999999992 0.05833400000000003
1 0.6598046875 0.608125 0.03875000000000006 0.031667000000000035
1 0.663828125 0.5154684166666667 0.036250000000000004 0.04583400000000001
1 0.661796875 0.6691663333333334 0.028125000000000067 0.04416699999999999
1 0.6619140625 0.5176559166666667 0.01937500000000003 0.030834000000000028
1 0.6890625 0.67005175 0.015625 0.025833999999999985
1 0.7367578125 0.4078125000000001 0.009999999999999898 0.015832999999999913
