1 0.341875 0.8449475833333334 0.15687500000000004 0.26999999999999985
1 0.013671875 0.9336461666666667 0.028125 0.09999999999999994
1 0.047734374999999996 0.9182288333333334 0.04312500000000001 0.11999999999999995
1 0.0626953125 0.9150524166666667 0.058124999999999996 0.10833300000000001
1 0.1033984375 0.8973955 0.12312500000000001 0.20333400000000004
1 0.2192578125 0.7559371666666667 0.07312499999999997 0.13083399999999998
1 0.2733203125 0.6650003333333334 0.026874999999999982 0.04333299999999992
1 0.3459375 0.7490621666666666 0.08000000000000002 0.1625000000000001
1 0.6644140625 0.2271871666666667 0.04937499999999995 0.06916700000000002
1 0.6726171875 0.2357295 0.05312499999999998 0.079166
1 0.8358984375 0.8736461666666666 0.09312500000000001 0.22583300000000017
1 0.9518359375 0.8721350833333332 0.07750000000000001 0.25333400000000017
