1 0.1652734375 0.8057900614934116 0.029374999999999984 0.04784199999999991
1 0.176171875 0.9534118345534407 0.028124999999999983 0.06472800000000009
1 0.18421875 0.6665411903367496 0.024375000000000008 0.05065700000000006
1 0.1921484375 0.629131448023426 0.029375000000000012 0.05628499999999992
1 0.19046875 0.310366803806735 0.024375000000000008 0.042214000000000015
1 0.2076171875 0.2920166749633968 0.021875000000000006 0.03846199999999999
1 0.2488671875 0.2123939326500732 0.021875000000000006 0.045966
1 0.255390625 0.20132028843338212 0.020624999999999977 0.030019000000000042
1 0.2640234375 0.5211381903367496 0.030625000000000013 0.051594000000000154
1 0.2633203125 0.5453438345534407 0.02562500000000001 0.06566599999999999
1 0.300546875 0.4945294172767203 0.02812500000000001 0.032832999999999994
1 0.3113671875 0.11554241727672035 0.023125000000000007 0.034709000000000025
1 0.353046875 0.11096567496339678 0.02812500000000001 0.04033800000000001
1 0.3619140625 0.7016620614934114 0.019374999999999976 0.048781000000000026
1 0.387265625 0.4938890307467057 0.020625000000000004 0.02345299999999998
1 0.391171875 0.10240941727672033 0.02812500000000001 0.032833
1 0.39296875 0.5125809326500731 0.024375000000000036 0.044090000000000094
1 0.4487109375 0.41914064421669106 0.013749999999999984 0.01688500000000004
1 0.4487109375 0.4377182884333821 0.013749999999999984 0.030956999999999957
1 0.5183203125 0.9347900307467057 0.02562500000000001 0.024389999999999988
1 0.5226171875 0.9598204172767203 0.021874999999999978 0.03470900000000011
1 0.5350390625 0.16638277306002927 0.018125000000000058 0.018762000000000004
1 0.6149609375 0.7152780307467057 0.014375000000000027 0.025328000000000045
