1 0.3328515625 0.7250040263929619 0.06562500000000004 0.117482
1 0.0347265625 0.3469560322580645 0.035 0.03477500000000002
1 0.0815234375 0.34026448093841644 0.030625 0.028195000000000015
1 0.0819140625 0.13432392961876832 0.018125000000000002 0.021617000000000004
1 0.1639453125 0.2736480322580645 0.02562500000000001 0.032895000000000015
1 0.1683203125 0.17372285923753666 0.02562499999999998 0.04229400000000005
1 0.192265625 0.1383090322580645 0.02124999999999999 0.032895000000000015
1 0.2428125 0.10947420527859239 0.016249999999999987 0.02443599999999998
1 0.25187499999999996 0.6281971348973606 0.031875000000000014 0.0441730000000001
1 0.3465625 0.18330948093841645 0.017500000000000016 0.027255000000000012
1 0.3940625 0.16575265395894426 0.016250000000000042 0.017857000000000012
1 0.425234375 0.14255682697947214 0.012500000000000011 0.011277999999999965
1 0.43703125 0.13879682697947213 0.008124999999999993 0.011279000000000003
1 0.4501953125 0.48158013489736073 0.02562500000000001 0.046053000000000066
1 0.4965625 0.05996337829912025 0.01749999999999996 0.015976999999999995
1 0.5007421875 0.1695501348973607 0.023125000000000062 0.046053000000000004
1 0.5801171875 0.16849758357771258 0.023125000000000062 0.03853400000000001
1 0.645234375 0.0932711026392962 0.011874999999999969 0.014098000000000006
1 0.7069921875 0.22695620527859242 0.02312499999999995 0.024435999999999937
1 0.7162890625 0.09120448093841643 0.01937500000000003 0.02725499999999999
1 0.8487109375 0.10695537829912023 0.014374999999999916 0.01691700000000001
