1 0.048671875 0.609640859030837 0.028124999999999997 0.02916300000000009
1 0.14750000000000002 0.9645724331864904 0.15749999999999997 0.06679200000000005
1 0.1444921875 0.723057287812041 0.021875000000000006 0.03104400000000008
1 0.3903125 0.9372682936857563 0.04749999999999999 0.1138279999999999
1 0.539140625 0.9184305741556533 0.020625000000000004 0.04045200000000003
1 0.6114453125 0.31135986049926573 0.02562500000000001 0.04797700000000004
1 0.621796875 0.8353478604992658 0.028124999999999956 0.047036999999999995
1 0.6920703125 0.2903651468428781 0.026875000000000093 0.05644400000000001
1 0.693046875 0.6352705741556536 0.028125000000000067 0.038569999999999896
1 0.7335546875 0.6205172878120411 0.03875000000000006 0.031043999999999995
