1 0.0340625 0.7493232500000001 0.048124999999999994 0.07249999999999994
1 0.564140625 0.5904684166666666 0.051875000000000004 0.045000000000000075
1 0.580546875 0.6233333333333334 0.028749999999999942 0.041667000000000044
1 0.5883203125 0.5958333333333333 0.026249999999999996 0.041666999999999975
1 0.5925390625 0.6363538333333333 0.018125000000000058 0.027500000000000007
1 0.694765625 0.49588575 0.020624999999999893 0.025832999999999995
1 0.741171875 0.4621878333333333 0.028124999999999956 0.028333000000000014
1 0.7564453125 0.5569270833333334 0.026874999999999982 0.035833000000000004
1 0.8120703125 0.6434375 0.026250000000000107 0.04833299999999996
1 0.8232421875 0.56817675 0.021874999999999978 0.055000000000000014
1 0.901484375 0.7490107500000001 0.043749999999999956 0.055000000000000014
