1 0.330546875 0.7617624449339206 0.21562499999999998 0.2295389999999999
1 0.094921875 0.916893146842878 0.05875 0.057385000000000075
1 0.1010546875 0.9713412892804699 0.06874999999999999 0.05268100000000002
1 0.2927734375 0.8388580058737153 0.060624999999999984 0.08278499999999997
1 0.39421875 0.7017855800293686 0.11812499999999998 0.12135500000000003
1 0.38234375 0.7824830044052864 0.08625 0.062089000000000054
1 0.4048828125 0.776196718061674 0.04124999999999995 0.053621999999999954
1 0.5159374999999999 0.5676741512481644 0.11000000000000004 0.11947300000000007
1 0.4927734375 0.6734270029368575 0.06125000000000003 0.04139299999999997
1 0.481875 0.4716515726872247 0.03187499999999999 0.01881500000000001
1 0.513515625 0.4758271439060206 0.02124999999999999 0.01693399999999986
1 0.5748046875 0.6976331483113068 0.06937499999999996 0.07714100000000003
1 0.6451171875 0.48482157268722464 0.02312499999999995 0.018815000000000096
