1 0.0068359375 0.6804288345534407 0.01375 0.06660400000000004
1 0.0341015625 0.6858293191800878 0.034374999999999996 0.05534700000000011
1 0.117265625 0.6607288345534408 0.021250000000000005 0.06566599999999999
1 0.1339453125 0.6453069633967788 0.02562500000000001 0.0694190000000001
1 0.15578125 0.4466874172767203 0.009374999999999994 0.034709000000000025
1 0.1914453125 0.6313060614934114 0.02562500000000001 0.04971799999999995
1 0.3034765625 0.623730963396779 0.03437499999999999 0.06754199999999985
1 0.2971875 0.2436927057101025 0.017500000000000016 0.06378900000000001
1 0.3547265625 0.4916453191800878 0.03437499999999999 0.05347099999999999
1 0.3620703125 0.3881577057101025 0.02562500000000001 0.061913999999999955
1 0.4020703125 0.6266592210834554 0.026874999999999982 0.07504699999999996
1 0.4528515625 0.34255941727672035 0.03374999999999995 0.03283299999999995
1 0.58125 0.6206193499267937 0.03125 0.07879899999999995
1 0.6041015625 0.4569363191800878 0.03500000000000003 0.05347099999999999
1 0.7123046875 0.09352860761347 0.03749999999999998 0.08349000000000001
1 0.8101171875 0.33775515959004393 0.022500000000000075 0.029080999999999965
1 0.9628515625 0.5530763499267937 0.03374999999999995 0.07692299999999992
1 0.9900390625 0.38582567496339676 0.018125000000000058 0.04033700000000005
