1 0.6968359375 0.7393753333333333 0.07750000000000001 0.13666599999999995
1 0.0185546875 0.9558850833333333 0.038125 0.06750000000000005
1 0.07593749999999999 0.35947883333333336 0.04750000000000001 0.05916699999999997
1 0.09625 0.5024482499999999 0.06375 0.10333300000000005
1 0.12328125 0.29578091666666667 0.04062500000000001 0.06166700000000003
1 0.218125 0.3247395833333333 0.03312499999999999 0.05166700000000005
1 0.6782421875 0.07588575 0.021874999999999978 0.025833000000000005
1 0.731171875 0.05807258333333334 0.02749999999999997 0.051667
1 0.7703515625 0.40651075000000003 0.03499999999999992 0.055000000000000014
1 0.9326171875 0.24890658333333335 0.05312499999999998 0.05166599999999999
1 0.936796875 0.14020866666666668 0.028125000000000067 0.05333300000000002
1 0.95953125 0.16510450000000002 0.040000000000000036 0.048332999999999994
