1 0.0090625 0.14047047058823528 0.015625 0.03295600000000001
1 0.009882812500000001 0.10080629411764706 0.010624999999999999 0.027306999999999998
1 0.068828125 0.12499205882352941 0.0049999999999999906 0.03672299999999999
1 0.0984765625 0.4765007058823529 0.034375 0.07533000000000009
1 0.120859375 0.19067270588235297 0.013124999999999984 0.026365000000000027
1 0.15765625 0.1453585294117647 0.008750000000000008 0.01883200000000003
1 0.3104296875 0.7982162941176472 0.19374999999999998 0.17702499999999993
1 0.248984375 0.20720929411764707 0.011874999999999997 0.027306999999999998
1 0.5024609375 0.22486694117647058 0.014375000000000027 0.016949000000000033
1 0.5442578125 0.24204929411764703 0.009999999999999898 0.027306999999999998
1 0.7169140625 0.9297576470588235 0.14312499999999995 0.13841799999999999
1 0.879609375 0.2391081176470588 0.011874999999999969 0.02165700000000002
