1 0.118359375 0.5639751420204978 0.16875 0.3001880000000001
1 0.015390625 0.910513288433382 0.020624999999999998 0.030957000000000207
1 0.0404296875 0.7393704172767203 0.03875 0.034709000000000025
1 0.15328125 0.9606182210834552 0.03937499999999999 0.07504700000000021
1 0.225390625 0.7086409326500733 0.020624999999999977 0.04596599999999988
1 0.249375 0.7993373191800878 0.03312499999999996 0.05440900000000013
1 0.375 0.6331820614934115 0.03187499999999999 0.04971899999999992
1 0.379453125 0.716557803806735 0.03562500000000002 0.042213999999999974
1 0.5196484375 0.18594436310395315 0.18562500000000004 0.37335799999999997
1 0.5022656249999999 0.83743060761347 0.02062500000000006 0.08442799999999995
1 0.5716015625 0.6226787057101025 0.03499999999999992 0.061914
1 0.614375 0.6007609326500731 0.03187499999999999 0.044090000000000094
1 0.641796875 0.7270352210834553 0.028124999999999956 0.075046
1 0.68734375 0.7706691903367495 0.024374999999999925 0.05065600000000001
1 0.6830078125 0.9935472576866765 0.011249999999999982 0.008443000000000006
1 0.826171875 0.8156971903367496 0.028124999999999956 0.05159500000000012
1 0.8341015625 0.500613448023426 0.03374999999999995 0.05628600000000006
1 0.8438671875 0.9791075461200585 0.02312499999999995 0.03752400000000026
1 0.8923828125 0.4960377057101025 0.041874999999999996 0.06191400000000008
