1 0.0371875 0.3283203125 0.016875 0.026875000000000038
1 0.12996093749999998 0.3364453125 0.013749999999999998 0.02562500000000001
1 0.170390625 0.3264453125 0.020625000000000004 0.02562500000000001
1 0.1918359375 0.2534375 0.015000000000000013 0.016875
1 0.25289062500000004 0.2684375 0.01999999999999999 0.015625
1 0.271640625 0.321640625 0.019999999999999962 0.020625000000000004
1 0.38078125 0.7353515625 0.07124999999999998 0.06499999999999995
1 0.3926953125 0.2587890625 0.02562500000000001 0.01874999999999999
1 0.404765625 0.2664453125 0.020625000000000004 0.02562500000000001
1 0.43828125 0.736484375 0.070625 0.04437500000000005
1 0.4549609375 0.6751171875 0.04625000000000001 0.05437499999999995
1 0.5 0.68171875 0.09375 0.11749999999999994
1 0.503359375 0.6330859375 0.043125000000000024 0.04500000000000004
1 0.569921875 0.5833984375 0.12124999999999997 0.09250000000000003
