1 0.0511328125 0.5222910948905108 0.073125 0.17833800000000005
1 0.01171875 0.539357204379562 0.024375 0.07656399999999995
1 0.01625 0.5248253503649635 0.031875 0.07469600000000001
1 0.08921875 0.47908801459854017 0.056249999999999994 0.120449
1 0.1947265625 0.30121018248175185 0.035 0.09710499999999998
1 0.20984375 0.29326535036496354 0.056249999999999994 0.07469699999999994
1 0.331328125 0.7272686204379563 0.09937500000000005 0.08776899999999989
1 0.57296875 0.2206737664233577 0.11875000000000002 0.08590099999999998
1 0.5748828125 0.7391035182481752 0.1050000000000001 0.05135399999999997
1 0.693203125 0.462793204379562 0.06687500000000002 0.07843100000000008
1 0.7235546875 0.4731819124087591 0.03875000000000006 0.08216600000000006
1 0.8848828125 0.507492496350365 0.07250000000000001 0.07096100000000004
1 0.9798046875 0.5119387445255474 0.038124999999999964 0.10550899999999999
