1 0.214453125 0.9615562210834553 0.06687500000000002 0.07410900000000016
1 0.2548046875 0.8911119019033674 0.006249999999999978 0.020638000000000083
1 0.3605078125 0.8532902884333822 0.010624999999999996 0.0318950000000001
1 0.442578125 0.9452405095168374 0.03687499999999999 0.1050660000000002
1 0.5030859375000001 0.8252538286969253 0.10874999999999996 0.157598
1 0.5149609375 0.8294264172767204 0.014374999999999916 0.03470899999999994
1 0.5567578125 0.7895002884333822 0.011249999999999982 0.03095700000000004
1 0.5663671875 0.7487504172767203 0.021874999999999978 0.03471000000000008
1 0.5637109375 0.6996286442166911 0.014375000000000027 0.01688500000000004
1 0.6048046875 0.8038699019033675 0.007499999999999951 0.02157600000000014
1 0.62890625 0.8064563865300146 0.008750000000000036 0.009381000000000065
1 0.6443359375 0.757079159590044 0.014375000000000027 0.02908099999999984
1 0.679921875 0.7732027979502195 0.05999999999999994 0.133208
1 0.6766796875 0.7873967730600292 0.007500000000000062 0.0178230000000001
1 0.8059765625 0.6858033806734992 0.06499999999999995 0.100375
1 0.9695703125 0.5978508960468522 0.05812499999999998 0.11350799999999998
1 0.9773828125 0.2985135768667643 0.04249999999999998 0.05909900000000001
