1 0.13621093750000002 0.6138886666666666 0.04625 0.08444499999999995
1 0.2749609375 0.7379862222222222 0.04625000000000001 0.041110999999999995
1 0.285546875 0.5409023333333334 0.02812500000000001 0.07333400000000001
1 0.3086328125 0.4993056666666667 0.009999999999999953 0.02222199999999989
1 0.3230078125 0.6469444444444444 0.011249999999999982 0.014443999999999926
1 0.3311328125 0.6213884444444444 0.010624999999999996 0.015556000000000026
1 0.3715625 0.3732637777777778 0.016874999999999973 0.02555599999999996
1 0.486171875 0.6025694444444444 0.02812500000000001 0.04555599999999998
1 0.4859375 0.8453473333333333 0.016249999999999987 0.07555499999999998
1 0.5551171875 0.5724302222222222 0.021874999999999978 0.040000000000000036
1 0.6434375 0.4338888888888889 0.015625 0.02888900000000004
1 0.710390625 0.49736111111111114 0.020624999999999893 0.03666699999999996
