1 0.926171875 0.8742441229868229 0.09062500000000007 0.0947469999999999
1 0.030234375 0.44469715959004386 0.013124999999999998 0.029080000000000116
1 0.031484374999999995 0.41081190190336747 0.011875 0.021576000000000057
1 0.0554296875 0.4819926442166911 0.006249999999999999 0.015009000000000005
1 0.06453125 0.32251764421669105 0.008750000000000008 0.016886000000000012
1 0.1130078125 0.5980611903367496 0.04125000000000001 0.05253300000000002
1 0.1346875 0.3674313865300146 0.015625 0.011257000000000017
1 0.1404296875 0.39140951537335295 0.006249999999999978 0.014071999999999918
1 0.1696484375 0.4922415461200586 0.030625000000000013 0.036584999999999895
1 0.1737109375 0.3949781595900439 0.015000000000000013 0.02720499999999997
1 0.19515625 0.3924617730600292 0.008750000000000008 0.017824000000000072
1 0.20640625 0.42529477306002933 0.00874999999999998 0.019700000000000023
1 0.2249609375 0.47524128843338215 0.013749999999999984 0.030956999999999957
1 0.2566796875 0.4120475153733528 0.007500000000000007 0.012194999999999994
1 0.26515625 0.3435675153733529 0.008124999999999993 0.01313299999999997
1 0.268359375 0.36578390190336746 0.013124999999999998 0.020638
1 0.26765625 0.4300990307467057 0.009375000000000022 0.025329000000000018
1 0.2835546875 0.37264851537335286 0.007500000000000007 0.013133000000000053
1 0.325859375 0.44751115959004395 0.011874999999999969 0.027204
1 0.3475 0.5893195768667643 0.03250000000000003 0.06003800000000004
1 0.33953125 0.47254154612005855 0.009374999999999967 0.03658499999999998
1 0.34203125 0.3531760307467057 0.008124999999999993 0.023452999999999943
1 0.385546875 0.776638963396779 0.05937500000000001 0.06941899999999986
1 0.3690625 0.36390790190336747 0.015625 0.020637000000000027
1 0.37953125 0.41216177306002927 0.008750000000000036 0.018762000000000046
1 0.3919140625 0.5257139326500733 0.01874999999999999 0.04596699999999985
1 0.4004296875 0.3624437730600293 0.007500000000000007 0.018760999999999993
1 0.403984375 0.44751115959004395 0.011874999999999969 0.027204
1 0.4129296875 0.36285564421669103 0.007500000000000007 0.015009000000000005
1 0.4242578125 0.38706128843338206 0.010000000000000009 0.030957
1 0.4280078125 0.3620309019033675 0.010000000000000009 0.021575999999999932
1 0.4317578125 0.4140377730600293 0.010000000000000009 0.018761999999999963
1 0.4373046875 0.3365886442166911 0.006249999999999978 0.015010000000000018
1 0.4516796875 0.33887751537335287 0.007500000000000007 0.013133000000000011
1 0.46140625 0.36889551537335286 0.00874999999999998 0.013133999999999982
1 0.479609375 0.4867969019033675 0.013124999999999998 0.021575999999999974
1 0.4823046875 0.3618033865300147 0.007500000000000007 0.00938099999999994
1 0.495234375 0.4038330307467057 0.013124999999999942 0.026266000000000022
1 0.50765625 0.39767890190336747 0.008749999999999925 0.021575999999999974
1 0.5179296875 0.3562886442166911 0.0068749999999999645 0.015947999999999952
1 0.5315234375 0.5525070614934114 0.02937500000000004 0.048779999999999976
1 0.5444140625 0.40833967496339674 0.018124999999999947 0.0384610000000001
1 0.5711328125 0.40653377306002925 0.010000000000000009 0.019698999999999967
1 0.572109375 0.4496156749633967 0.013124999999999942 0.0384610000000001
1 0.577578125 0.36097964421669104 0.004999999999999893 0.015009000000000005
1 0.5823046875 0.3510725153733528 0.007500000000000062 0.014070999999999986
1 0.58640625 0.4130997730600293 0.009375000000000022 0.018761999999999963
1 0.596484375 0.4031926442166911 0.01187500000000008 0.015009999999999976
1 0.6079296875 0.3577527730600293 0.007500000000000062 0.01969999999999998
1 0.66078125 0.3519404172767204 0.07125000000000004 0.032832999999999994
1 0.67265625 0.4144496442166911 0.009375000000000022 0.015009999999999976
1 0.678359375 0.46210828843338214 0.011874999999999969 0.030956999999999957
1 0.6830078125 0.3895335153733528 0.010000000000000009 0.014072000000000001
1 0.7027734375 0.5613619326500732 0.030000000000000027 0.04409000000000001
1 0.7061328125 0.4102857730600293 0.010000000000000009 0.018761999999999963
1 0.733515625 0.42968715959004394 0.020625000000000004 0.02720499999999997
1 0.73078125 0.372236644216691 0.008749999999999925 0.01688500000000004
1 0.7385546875 0.36033925768667646 0.007500000000000062 0.007504999999999905
1 0.7405078125 0.3962147730600293 0.010000000000000009 0.017823000000000016
1 0.7448046875 0.42863490190336745 0.007500000000000062 0.021575999999999974
1 0.7555859375 0.5108892884333821 0.015000000000000013 0.030957000000000123
1 0.8078125 0.5151674172767203 0.016249999999999987 0.03377099999999997
1 0.8191796875 0.4129855153733529 0.007499999999999951 0.01313399999999994
1 0.8304296875 0.4144496442166911 0.0068749999999999645 0.01688599999999993
1 0.8424609375 0.4309237730600293 0.01375000000000004 0.017822999999999933
1 0.8669921875 0.5635797057101025 0.023125000000000062 0.06378999999999994
1 0.875859375 0.45572564421669104 0.013125000000000053 0.016886000000000012
1 0.9236328125 0.40694564421669105 0.010000000000000009 0.015009000000000005
1 0.9521875 0.5511130307467057 0.016875000000000084 0.026266000000000022
1 0.9633984375 0.5907405461200586 0.030625000000000013 0.03658500000000006
1 0.9542578125 0.5219177730600293 0.010000000000000009 0.018762000000000046
1 0.9592578125 0.5358755153733528 0.010000000000000009 0.014071000000000028
1 0.992734375 0.47970377306002926 0.012500000000000067 0.018762000000000046
