1 0.4496484375 0.7391881512481645 0.060624999999999984 0.12030099999999992
1 0.0284765625 0.1287578604992658 0.034375 0.04793199999999999
1 0.08375 0.667408718061674 0.033125 0.05357199999999999
1 0.119296875 0.13563057415565347 0.02812500000000001 0.03853399999999998
1 0.3259375 0.678687718061674 0.048750000000000016 0.05545099999999993
1 0.356875 0.25669471806167404 0.033125000000000016 0.05545099999999993
1 0.3655078125 0.4016664331864905 0.04250000000000004 0.06484999999999995
1 0.4447265625 0.5311907165932452 0.03375 0.03477399999999996
1 0.88703125 0.22074486343612337 0.039999999999999925 0.088346
1 0.9214453125 0.21522386049926576 0.026875000000000093 0.04793300000000003
