1 0.9408203125 0.22435269985358713 0.08937499999999998 0.15478399999999998
1 0.00390625 0.5592574172767205 0.00875 0.032832999999999994
1 0.01171875 0.743946159590044 0.024375 0.02908100000000009
1 0.018320312499999998 0.5418193499267936 0.026875000000000003 0.076923
1 0.028984375 0.9867969019033674 0.012499999999999997 0.0225140000000002
1 0.0341796875 0.5321666749633968 0.0075 0.0403380000000001
1 0.057265625 0.5221375710102489 0.051250000000000004 0.150094
1 0.075625 0.9769339326500731 0.031875 0.04409000000000018
1 0.093125 0.5911524172767203 0.033125 0.032832999999999994
1 0.093359375 0.5351650307467057 0.012500000000000011 0.02439000000000007
1 0.1069921875 0.49329280380673496 0.02187499999999999 0.04221400000000014
1 0.133671875 0.6028836691068814 0.06 0.13039399999999998
1 0.1249609375 0.505444644216691 0.014375000000000013 0.016885000000000122
1 0.12648437499999998 0.5210940307467058 0.013125000000000012 0.02532799999999996
1 0.1592578125 0.7841439633967788 0.04124999999999998 0.06848
1 0.1512890625 0.5188493191800878 0.019375000000000003 0.05347099999999999
1 0.16453125 0.6363388345534406 0.008750000000000008 0.06472800000000001
1 0.19109375 0.42299818448023424 0.056249999999999994 0.14259000000000005
1 0.1858203125 0.5010694787701317 0.02687500000000001 0.08067600000000004
1 0.182734375 0.7318654172767204 0.013124999999999998 0.034708999999999775
1 0.1998828125 0.544704448023426 0.010624999999999996 0.05816100000000004
1 0.49515624999999996 0.5320983631039532 0.540625 0.373358
1 0.2954296875 0.6958419882869693 0.10124999999999998 0.18292599999999995
1 0.3141015625 0.7548007920937043 0.06625000000000003 0.22514099999999998
1 0.722578125 0.6979542210834554 0.03562500000000002 0.07504699999999996
1 0.80890625 0.4512631595900439 0.008749999999999925 0.029081000000000006
1 0.823125 0.39907293265007326 0.03312499999999996 0.04596599999999996
1 0.8334375 0.3622594172767204 0.01749999999999996 0.03470899999999998
1 0.97828125 0.3240536573938506 0.04062500000000002 0.31238200000000005
