0 0.2119140625 0.848125 0.08124999999999999 0.2824999999999999
0 0.0465234375 0.8131774166666667 0.091875 0.263333
0 0.1272265625 0.8238020833333334 0.065 0.2549999999999999
0 0.2759765625 0.8053645833333333 0.03375 0.20666700000000007
0 0.3333984375 0.80796875 0.06062500000000004 0.213333
0 0.3435546875 0.4207815833333333 0.03875000000000001 0.14500000000000002
0 0.384140625 0.74375 0.020625000000000004 0.06416700000000002
0 0.4378125 0.7891663333333333 0.04749999999999999 0.16749999999999998
0 0.470390625 0.7982815833333333 0.020625000000000004 0.14500000000000002
0 0.5034375 0.75546875 0.016874999999999973 0.08666699999999998
0 0.5728515625 0.86973925 0.06625000000000003 0.25833400000000006
0 0.62375 0.8873440833333334 0.06312499999999999 0.2225
0 0.6244140625 0.7497395833333332 0.01937500000000003 0.05000000000000012
0 0.6537109375 0.7971350833333334 0.04500000000000004 0.12916700000000012
0 0.663984375 0.7434375000000001 0.013125000000000053 0.04833299999999996
0 0.7104296875 0.8417708333333334 0.06999999999999995 0.2141669999999999
0 0.7716015625 0.7813545 0.03374999999999995 0.11166600000000004
0 0.80421875 0.7789059166666666 0.025000000000000022 0.09333400000000003
0 0.8353125 0.7467708333333333 0.015625 0.09000000000000001
0 0.9578515625 0.8796874999999998 0.06499999999999995 0.23666700000000018
0 0.9857421875 0.8748958333333333 0.023125000000000062 0.2466670000000001
