0 0.931953125 0.20854166666666665 0.1293749999999999 0.17833300000000005
0 0.0446875 0.2771354166666667 0.016875 0.046667000000000014
0 0.1189453125 0.27828091666666666 0.058124999999999996 0.18583400000000005
0 0.129296875 0.2842711666666667 0.028124999999999983 0.13083299999999995
0 0.275625 0.24942675 0.03249999999999997 0.11916699999999998
0 0.296015625 0.26755175000000003 0.05249999999999999 0.15083399999999994
0 0.3551171875 0.26005174999999997 0.021875000000000033 0.02416700000000005
0 0.441796875 0.21505174999999999 0.02812500000000001 0.025834000000000024
0 0.4691015625 0.2329163333333333 0.034999999999999976 0.106667
0 0.5096875000000001 0.2167184166666667 0.048750000000000016 0.10916700000000003
0 0.6200390625 0.18640625 0.01937500000000003 0.008332999999999998
0 0.7193359375 0.17411458333333332 0.013749999999999929 0.019167000000000007
0 0.746484375 0.17640625 0.013125000000000053 0.010000000000000009
0 0.7833203125 0.19593750000000001 0.05812499999999998 0.17249999999999996
0 0.83015625 0.19333366666666665 0.039999999999999925 0.08583299999999998
0 0.8753125 0.19578125 0.04874999999999996 0.10166700000000002
