0 0.0185546875 0.7543447613469986 0.03875 0.19981299999999994
0 0.4990234375 0.4992679355783309 0.999375 0.9990620000000001
0 0.068984375 0.8066597496339678 0.13687500000000002 0.38273900000000016
0 0.1486328125 0.8179868477306003 0.135625 0.36116300000000007
0 0.1071875 0.9479412518301611 0.0475 0.09943700000000004
0 0.2143359375 0.9606182210834552 0.10750000000000001 0.07504700000000021
0 0.2818359375 0.8942340190336749 0.108125 0.20731700000000008
0 0.44484375 0.8965218901903367 0.14875000000000005 0.20356500000000016
0 0.590625 0.9069109882869693 0.1256250000000001 0.1829270000000001
0 0.6928125 0.9692455768667642 0.078125 0.05909900000000026
0 0.9123828125 0.8942340190336749 0.16749999999999998 0.20544099999999996
0 0.9092578125 0.13469985358711567 0.135 0.272045
0 0.9402734375 0.9105497306002929 0.09249999999999992 0.17636000000000004
