0 0.7558203125 0.07240494117647059 0.08937499999999998 0.11665099999999999
0 0.0946484375 0.5977018823529412 0.124375 0.18062100000000006
0 0.2066796875 0.6875694117647059 0.16375 0.29821300000000006
0 0.2976953125 0.6245071764705882 0.08937500000000004 0.15616200000000008
0 0.3578125 0.6153695882352941 0.048750000000000016 0.0536220000000001
0 0.4704296875 0.613910411764706 0.03749999999999998 0.098777
0 0.5127734374999999 0.6076176470588235 0.029374999999999984 0.0893689999999999
0 0.6115234375 0.6154348823529412 0.02937499999999993 0.08090299999999995
0 0.6278125 0.6367910588235294 0.04749999999999999 0.13546600000000006
0 0.8869921875 0.5915707647058823 0.053750000000000075 0.10912499999999997
