0 0.12088508333333335 0.8199609375 0.06583399999999999 0.07687500000000003
0 0.3523958333333333 0.2104296875 0.12083300000000004 0.06875
0 0.38000000000000006 0.60453125 0.12749999999999997 0.13312500000000005
0 0.5006253333333334 0.8641015625 0.07333299999999994 0.09749999999999992
0 0.7260416666666666 0.29789062499999996 0.3033330000000001 0.11437500000000003
0 0.6601045 0.6334375 0.04750000000000002 0.11124999999999996
0 0.7174999999999999 0.2349609375 0.12750000000000003 0.076875
0 0.7072913333333334 0.6502734375 0.07499999999999989 0.09250000000000003
0 0.76515625 0.6591015625 0.07083300000000008 0.09750000000000003
0 0.8042184166666666 0.506484375 0.10916700000000008 0.13687499999999997
0 0.8188545 0.666015625 0.11166599999999989 0.11499999999999999
