0 0.051455125 0.42763384684684685 0.037014 0.09490699999999994
0 0.07097424999999999 0.5292480720720721 0.040778 0.14583300000000002
0 0.2292866875 0.5446756666666667 0.07026299999999999 0.13425999999999988
0 0.296264375 0.45646267567567567 0.04454199999999997 0.15393500000000002
0 0.344571375 0.5367052702702704 0.04391400000000001 0.14351899999999992
0 0.439502625 0.4801493063063062 0.021328999999999987 0.21296300000000012
0 0.4999470625 0.2793796756756757 0.04893400000000003 0.15161999999999998
0 0.512701375 0.5277593423423423 0.04454199999999997 0.28587899999999994
0 0.5867233125 0.4896705135135136 0.026976 0.22916699999999993
0 0.6696044375000001 0.44934942342342343 0.0294859999999999 0.04745400000000002
0 0.7177934375 0.7747055855855856 0.09347499999999997 0.3738429999999999
0 0.7123476875 0.5414790900900901 0.070264 0.18287
0 0.8107645 0.6064379099099099 0.04830699999999999 0.2199070000000001
