0 0.8873046875 0.679659541727672 0.19374999999999998 0.6060040000000001
0 0.0615234375 0.5610753953147877 0.12375 0.874297
0 0.08101562500000001 0.12298682284040996 0.145625 0.24765500000000001
0 0.1987890625 0.5976431742313324 0.236875 0.8011260000000001
0 0.19125 0.09956076134699854 0.126875 0.19981200000000002
0 0.25234375 0.10372563250366032 0.056249999999999994 0.197936
0 0.32375 0.6174833704245973 0.1575 0.7607880000000001
0 0.306015625 0.18667128257686677 0.083125 0.12101300000000001
0 0.345390625 0.13763682869692534 0.08374999999999999 0.15759800000000004
0 0.4295703125 0.6404351800878477 0.15125 0.7101319999999999
0 0.6051953125 0.5809155915080527 0.3075 0.8339590000000001
0 0.6534375 0.6532264070278184 0.07937499999999997 0.6913700000000002
0 0.7605859375 0.6987191551976574 0.13874999999999993 0.5947469999999999
