0 0.04296875 0.743096583613917 0.08625 0.500719
0 0.150390625 0.6406663569023568 0.3025 0.7155180000000001
0 0.3776953125 0.6285509719416386 0.37 0.6120690000000001
0 0.597421875 0.5776495331088664 0.21499999999999997 0.40158000000000005
0 0.723203125 0.5835388069584736 0.16125 0.2823279999999999
0 0.728125 0.5312751447811448 0.125 0.291667
0 0.855078125 0.8607481380471381 0.286875 0.276581
0 0.7876953125 0.5106671414141414 0.12062499999999998 0.2844830000000001
0 0.8361328125 0.49334076992143655 0.135625 0.20689700000000008
0 0.8993359375 0.45504607070707065 0.07750000000000001 0.14296
0 0.9683984375 0.6000300404040405 0.06125000000000003 0.0818969999999999
