0 0.1305768125 0.819777125 0.07314900000000002 0.19259300000000001
0 0.1915004375 0.75448525 0.02962899999999999 0.10185200000000005
0 0.224059125 0.75263325 0.03611199999999998 0.10277800000000004
0 0.25656825 0.7510340624999999 0.03981499999999999 0.11203700000000005
0 0.2751378125 0.775766375 0.04166599999999998 0.13796300000000006
0 0.29782975 0.7362845 0.024073999999999984 0.07963000000000009
0 0.40857193750000004 0.7896415 0.04629599999999995 0.17314800000000008
0 0.6418038125 0.7297529375 0.04166700000000001 0.07777699999999987
0 0.777300125 0.83654525 0.162037 0.19537000000000004
0 0.7614361875 0.7888959375000001 0.0851860000000001 0.109259
