0 0.60082675 0.6964586666666667 0.055035000000000056 0.11666599999999994
0 0.026882 0.6669791666666667 0.03126999999999999 0.10083300000000002
0 0.0563090625 0.769167 0.050657 0.12749999999999995
0 0.146716625 0.7089586666666667 0.051906999999999995 0.11499999999999999
0 0.1411316875 0.8269794999999999 0.038774 0.14250000000000007
0 0.1416795625 0.5336979166666667 0.033770999999999995 0.12249999999999998
0 0.1704475625 0.5881246666666667 0.03439699999999998 0.11583399999999999
0 0.21144912500000002 0.5520833333333334 0.036273 0.106667
0 0.25812274999999996 0.53328125 0.02376500000000001 0.10333300000000005
0 0.2889540625 0.624167 0.049406000000000005 0.12749999999999995
0 0.287045 0.5466666666666667 0.03189500000000001 0.08416699999999995
0 0.32902312499999997 0.5934895833333332 0.036272000000000026 0.11416700000000006
0 0.3945689375 0.7162496666666667 0.046277999999999986 0.14583399999999994
0 0.3986384375 0.47067708333333336 0.030644000000000005 0.09666700000000006
0 0.4077019375 0.5206770833333333 0.04502799999999996 0.09833300000000007
0 0.4050466875 0.63828125 0.038773999999999975 0.10333299999999997
0 0.4630534375 0.52328125 0.029393999999999976 0.10333300000000005
0 0.513426 0.5598955 0.06316499999999992 0.205
0 0.5721028125 0.5438545 0.042526000000000064 0.11000000000000003
0 0.576995625 0.2338541666666667 0.020637000000000016 0.06833299999999998
0 0.587309125 0.38328091666666664 0.036273 0.06000000000000005
0 0.583248625 0.4215625 0.020638000000000045 0.07916699999999999
0 0.604195125 0.4598440833333333 0.03627199999999997 0.098333
0 0.609043875 0.3483336666666667 0.027517000000000014 0.08416599999999996
0 0.6764656874999999 0.4767708333333333 0.038774000000000086 0.08916700000000007
0 0.6889736875 0.48791633333333334 0.038774000000000086 0.10499999999999998
0 0.685341875 0.42416633333333337 0.027517000000000014 0.04249999999999998
0 0.7732474375 0.4456770833333334 0.029393000000000002 0.09833299999999993
0 0.8526193750000001 0.3836979166666667 0.07504699999999986 0.12333299999999998
