0 0.21796875 0.44581079795021966 0.05562500000000001 0.13226999999999994
0 0.2380078125 0.43368589604685204 0.04250000000000001 0.11163200000000012
0 0.285625 0.46617712298682284 0.095 0.09474600000000002
0 0.3887109375 0.3813631903367496 0.014999999999999958 0.052532999999999976
0 0.405 0.3764359575402636 0.03187499999999999 0.15947499999999995
0 0.430625 0.38266118448023423 0.03187500000000004 0.14258900000000002
0 0.4547265625 0.3816089267935579 0.03437499999999999 0.13695999999999994
0 0.4905078125 0.40373699414348463 0.04249999999999998 0.09286999999999998
0 0.5108203124999999 0.3567446749633968 0.025625000000000064 0.03846199999999995
0 0.543046875 0.38911392679355783 0.028124999999999956 0.13508399999999995
0 0.5665625 0.3719821903367497 0.01750000000000007 0.051594999999999995
0 0.7219921875 0.33667696339677894 0.02312499999999995 0.06941799999999997
