0 0.093359375 0.5289431806543387 0.04312500000000001 0.15300499999999995
0 0.0780078125 0.5219615519203413 0.010000000000000009 0.05373400000000004
0 0.15109375 0.7435998904694168 0.14875 0.412568
0 0.1171875 0.5352052304409672 0.046875 0.14754099999999998
0 0.14015624999999998 0.5271211806543386 0.03937500000000001 0.15300599999999992
0 0.165234375 0.538276081081081 0.043125000000000024 0.1639340000000001
0 0.5509375 0.5626746600284496 0.765625 0.2686699999999999
0 0.2453515625 0.5759277368421053 0.09687499999999999 0.31693999999999994
0 0.6016406249999999 0.7131034879089616 0.20812500000000006 0.3469940000000001
0 0.619921875 0.6757718862019915 0.21625000000000005 0.2987250000000001
0 0.7326953125 0.6846539857752489 0.05687500000000001 0.287796
0 0.8398828125 0.7639224651493599 0.26 0.40528199999999975
0 0.77078125 0.642594759601707 0.07125000000000004 0.25774100000000005
0 0.81140625 0.6003190312944523 0.07062500000000005 0.168489
0 0.8971875 0.6889214110953058 0.20375 0.2969030000000001
0 0.8433203125 0.5829114793741109 0.05750000000000011 0.11930799999999997
0 0.8789453125 0.5401765519203414 0.026874999999999982 0.05282299999999992
0 0.9059375 0.4801795021337127 0.0475000000000001 0.059198999999999995
0 0.8962109375 0.5371579772403984 0.013749999999999929 0.06010899999999989
0 0.9144140625 0.5419975519203414 0.018124999999999947 0.05282399999999998
0 0.9253125 0.5282236017069701 0.016249999999999987 0.04826999999999999
0 0.9683984375 0.6101121308677099 0.06125000000000003 0.15664900000000004
0 0.956953125 0.44301312660028447 0.03562500000000002 0.04462600000000006
0 0.9496875 0.5172956017069701 0.016249999999999987 0.046448000000000066
0 0.964140625 0.5016996514935989 0.020625000000000004 0.04098399999999994
0 0.9816015625 0.4878556287339972 0.034375000000000044 0.10109299999999999
0 0.9851953125 0.4517216017069702 0.026874999999999982 0.046448000000000066
