0 0.2216015625 0.6955947163814181 0.09625000000000003 0.514107
0 0.4615234375 0.6638750709046455 0.06187499999999996 0.3761759999999999
0 0.588359375 0.5387362420537897 0.19999999999999996 0.30564300000000005
0 0.5407421875 0.6204325232273837 0.05312499999999998 0.19279000000000016
0 0.678125 0.7327106797066015 0.06374999999999997 0.5297810000000001
0 0.737578125 0.7524618630806845 0.06812499999999999 0.45768100000000017
0 0.7771875 0.32181142542787283 0.140625 0.23197400000000007
0 0.90234375 0.35616733985330074 0.05625000000000002 0.266458
0 0.914140625 0.7406737652811736 0.05124999999999991 0.49843299999999985
0 0.9507421875 0.3313382053789732 0.05437500000000006 0.318182
