0 0.0732421875 0.6014367613469985 0.148125 0.19981300000000002
0 0.0340234375 0.67833382284041 0.061875 0.24765500000000001
0 0.174296875 0.647149307467057 0.06 0.2363970000000001
0 0.1594140625 0.581193411420205 0.019375000000000003 0.12476499999999992
0 0.1776953125 0.5581091229868228 0.02562499999999998 0.09662300000000003
0 0.2044921875 0.6432388901903368 0.05374999999999999 0.2035649999999999
0 0.2606640625 0.5984471229868228 0.019374999999999976 0.09662300000000011
0 0.27484375 0.5957463806734993 0.02437499999999998 0.1022520000000001
0 0.2939453125 0.602014767203514 0.026874999999999982 0.10975599999999983
0 0.2971484375 0.5242939633967788 0.02937500000000004 0.06941800000000005
0 0.3201171875 0.5911706383601757 0.021874999999999978 0.10787899999999999
0 0.364375 0.5419777672035139 0.033125000000000016 0.10975599999999999
0 0.436640625 0.5945279882869693 0.05249999999999999 0.18386499999999997
0 0.53328125 0.5945279882869693 0.039999999999999925 0.18386499999999997
0 0.5798046875 0.5915997306002929 0.03874999999999995 0.17636099999999993
