0 0.3963763125 0.6199072184873949 0.056943999999999995 0.13142200000000004
0 0.19533431250000002 0.45319110084033615 0.025693999999999967 0.063321
0 0.2818359375 0.41115244537815127 0.015278000000000014 0.07048999999999997
0 0.4044485625 0.49621961344537807 0.190278 0.16845900000000003
0 0.5622610625000001 0.45013313445378145 0.019444999999999935 0.08124200000000009
0 0.5822701874999999 0.4582734789915967 0.021528000000000103 0.088411
0 0.5957903750000001 0.49300120168067224 0.04444399999999993 0.12305900000000007
0 0.68463575 0.48818184033613454 0.025000000000000022 0.106332
0 0.6878251875 0.476720512605042 0.022916999999999965 0.10872199999999992
0 0.712456375 0.5791651344537815 0.043749999999999956 0.08363199999999997
0 0.7754560625 0.5075204957983194 0.018055000000000043 0.10035899999999986
