0 0.306641 0.7929688333333332 0.12597600000000003 0.24479200000000004
0 0.044921875 0.6809895 0.08984400000000001 0.14322899999999997
0 0.4990234375 0.6367184166666666 0.999023 0.2643230000000001
0 0.1259763125 0.8307290833333334 0.245117 0.3164059999999999
0 0.1435550625 0.7200515833333334 0.11230400000000001 0.17578199999999988
0 0.138671625 0.5533855 0.01953200000000002 0.04947900000000013
0 0.176758 0.5455731666666667 0.032226000000000005 0.06901000000000009
0 0.2236325 0.7864584999999998 0.07910199999999995 0.17447900000000013
0 0.21289075 0.5494788333333332 0.025389999999999996 0.05859400000000011
0 0.2568355 0.5507814166666666 0.016602000000000006 0.04557300000000001
0 0.3105468125 0.5911454166666666 0.04199200000000003 0.17057299999999995
0 0.345702875 0.55598975 0.028320999999999985 0.055989000000000066
0 0.4414058125 0.8124996666666666 0.13476600000000005 0.3020840000000001
0 0.518555125 0.47526025 0.28613200000000005 0.07031300000000007
0 0.510742 0.6796871666666666 0.032226999999999895 0.09895900000000009
0 0.534179375 0.7031253333333334 0.042969000000000035 0.10546799999999996
0 0.5654298125 0.77734375 0.07324200000000003 0.14973999999999998
0 0.5546870625 0.5494790833333334 0.018554999999999988 0.06770799999999995
0 0.5859371875 0.67708325 0.053711000000000064 0.10286499999999998
0 0.5830081874999999 0.55208375 0.022461000000000064 0.055989000000000066
0 0.6572261875000001 0.8281247500000001 0.14746099999999995 0.17968799999999993
0 0.62988325 0.6953124166666668 0.040038999999999936 0.07552099999999988
0 0.6601558125 0.6731768333333333 0.07324299999999995 0.1510419999999999
0 0.655273625 0.5598955833333333 0.02050799999999997 0.08203100000000003
0 0.680663875 0.5559895 0.027343999999999924 0.078125
0 0.6933597499999999 0.4895835833333333 0.024414000000000047 0.05078100000000004
0 0.7148439375 0.48567758333333333 0.014648000000000105 0.050780999999999965
0 0.7636718125 0.6992190833333334 0.07226599999999994 0.16015599999999988
0 0.7441405 0.5429689999999999 0.016602000000000006 0.06380199999999998
0 0.780273125 0.56510375 0.03613299999999997 0.11848999999999998
0 0.837891125 0.6419271666666666 0.06738200000000016 0.10156200000000008
0 0.8496097499999999 0.678385 0.08691399999999994 0.12630299999999992
0 0.8378908749999999 0.7473961666666668 0.05957000000000001 0.10026000000000002
0 0.928711375 0.8554688333333332 0.138671 0.2773440000000001
0 0.924804875 0.7096354166666666 0.058594000000000035 0.13932299999999995
0 0.94531275 0.6250001666666666 0.025390000000000024 0.070312
0 0.969726375 0.6367185833333334 0.04394599999999993 0.08203099999999997
0 0.9863281875000001 0.7161455 0.02343699999999993 0.07942700000000007
0 0.9892575000000001 0.5950521666666666 0.01757799999999987 0.10026000000000002
