0 0.5291013125 0.6479163333333333 0.05781299999999989 0.1354169999999999
0 0.12988231249999999 0.6765621666666667 0.05703200000000001 0.06875000000000009
0 0.276952875 0.6752604166666666 0.05937500000000001 0.10937499999999993
0 0.38925831250000004 0.6497395833333334 0.058593000000000006 0.14583299999999996
0 0.39218725 0.5351559166666666 0.03984399999999999 0.1229170000000001
0 0.3955075625 0.4213538333333333 0.035155999999999965 0.12083400000000004
0 0.4326171875 0.3091145833333333 0.05312499999999998 0.11458300000000003
0 0.43691381250000005 0.20390658333333334 0.04218799999999989 0.08124999999999999
0 0.43593699999999996 0.5098961666666667 0.03281300000000004 0.13125
0 0.45644556249999996 0.3789059166666666 0.03437499999999999 0.15624999999999997
0 0.498046375 0.23749999999999996 0.04296900000000009 0.158333
0 0.56093725 0.48958299999999993 0.03906299999999996 0.15625
0 0.579687 0.5273440833333334 0.03203200000000006 0.13020799999999996
0 0.5957033749999999 0.36510383333333335 0.042969000000000035 0.15312499999999996
0 0.60781225 0.5395833333333333 0.03906299999999996 0.13541700000000004
0 0.6458986875 0.41614616666666665 0.03906200000000004 0.13125
0 0.6666013125 0.6414065833333332 0.057031000000000054 0.08333299999999995
0 0.6615236875 0.2591149166666667 0.03906200000000004 0.12291599999999998
0 0.6767578125 0.31562533333333337 0.041406000000000054 0.13750000000000004
0 0.726172125 0.14973958333333334 0.03593700000000011 0.11249999999999998
0 0.725 0.22838541666666665 0.03125 0.14062499999999997
0 0.7519528750000001 0.6359371666666668 0.028905999999999876 0.03854199999999993
