0 0.2983203125 0.3420293725490196 0.08875 0.15732199999999996
0 0.0029296875 0.5376545163398694 0.00625 0.023430999999999914
0 0.0073828125000000005 0.500467705882353 0.01125 0.024267999999999932
0 0.0134765625 0.5363473267973857 0.0024999999999999988 0.020082999999999927
0 0.023828125 0.5380203267973855 0.005000000000000001 0.020084
0 0.0630859375 0.5066915163398693 0.015624999999999993 0.023430999999999914
0 0.26828125 0.8353656928104575 0.10250000000000001 0.327196
0 0.60765625 0.6557826993464053 0.07187500000000002 0.17740599999999995
0 0.7066015625 0.7531658366013072 0.09750000000000003 0.19163099999999986
0 0.9678125 0.6740396143790849 0.04875000000000007 0.148117
