0 0.07828125 0.4994795 0.134375 0.2675
0 0.1103515625 0.84484375 0.221875 0.306667
0 0.2736328125 0.59588575 0.51 0.524166
0 0.32109375 0.6902086666666666 0.27499999999999997 0.554166
0 0.6223828125 0.5069795 0.1974999999999999 0.2666659999999999
0 0.6575390625 0.5724479166666666 0.23749999999999993 0.31000000000000005
0 0.714453125 0.6890628333333334 0.34875 0.62
0 0.819296875 0.5695836666666667 0.09062499999999996 0.2725
0 0.8794140625 0.57875 0.11312500000000003 0.3133329999999999
0 0.9251171875 0.6642708333333333 0.14749999999999996 0.465
0 0.9744140625 0.6857812500000001 0.04937500000000006 0.351667
