0 0.074375 0.2767203513909224 0.12687500000000002 0.553471
0 0.2195703125 0.4464796954612006 0.183125 0.7232640000000001
0 0.2057421875 0.11273792093704246 0.11625000000000002 0.22701699999999997
0 0.4617578125 0.19472913616398244 0.16625000000000006 0.390244
0 0.6812109375 0.608882953147877 0.17062500000000003 0.727016
0 0.6851953125 0.0951683748169839 0.11937500000000001 0.190432
0 0.832890625 0.43714285505124456 0.176875 0.749531
0 0.87515625 0.08052708638360176 0.13375000000000004 0.163227
0 0.870234375 0.1229686017569546 0.07562499999999994 0.17542300000000002
0 0.9648046875 0.4592596325036603 0.06874999999999998 0.198874
0 0.9666015625 0.07174231332357248 0.06500000000000006 0.144465
