0 0.09171875 0.6716142499999999 0.15000000000000002 0.4775
0 0.0928515625 0.4807815833333333 0.12874999999999998 0.14499999999999993
0 0.1884375 0.47375033333333333 0.04749999999999999 0.10499999999999998
0 0.28296875 0.6909378333333334 0.21187500000000004 0.465
0 0.2709375 0.46354200000000007 0.04749999999999999 0.09416599999999997
0 0.2990625 0.4594274166666667 0.04812499999999997 0.07583299999999997
0 0.3588671875 0.43546875 0.05437500000000001 0.08749999999999998
0 0.458203125 0.7297395833333332 0.16125000000000006 0.4250000000000001
0 0.639765625 0.40546908333333337 0.05125000000000002 0.12916599999999998
0 0.7584375 0.65265625 0.17312499999999997 0.4458329999999999
0 0.7712109375 0.42880241666666663 0.04499999999999993 0.045000000000000005
0 0.82875 0.5041663333333334 0.09437499999999999 0.16833399999999998
0 0.8357421875 0.4900003333333333 0.08500000000000008 0.16916600000000007
0 0.839375 0.5418746666666666 0.06437500000000007 0.1775
0 0.8621875 0.45541633333333337 0.046875 0.10500000000000005
