0 0.0205078125 0.7951705294117647 0.0425 0.11958500000000005
0 0.08207031249999999 0.4842971764705882 0.0575 0.2080980000000001
0 0.1324609375 0.7993605294117647 0.013750000000000012 0.06779599999999997
0 0.156953125 0.8033588823529412 0.036250000000000004 0.0809799999999999
0 0.2167578125 0.8044064705882353 0.041874999999999996 0.13370999999999983
0 0.5221484375 0.7987564705882353 0.030625000000000013 0.132768
0 0.5819921875 0.7565218235294118 0.02312499999999995 0.046139999999999924
0 0.6019140625 0.7642881764705882 0.018124999999999947 0.05649699999999999
0 0.627109375 0.7598764117647059 0.01187500000000008 0.04990500000000011
0 0.6344921875 0.7729422352941175 0.02312499999999995 0.042373000000000195
0 0.6471875 0.7544064705882353 0.015625 0.034839999999999885
0 0.655390625 0.7730584117647058 0.020625000000000004 0.048964000000000014
0 0.6960546875 0.8458268823529412 0.03875000000000006 0.18079000000000012
0 0.6987109375 0.7569352352941177 0.014375000000000027 0.042371999999999965
0 0.74734375 0.7695770588235294 0.05625000000000002 0.08662900000000014
0 0.946640625 0.7546911176470589 0.020000000000000018 0.07344699999999993
0 0.962890625 0.7560988235294117 0.020625000000000004 0.09510300000000013
