0 0.524765625 0.4733336666666667 0.11375000000000002 0.2108329999999999
0 0.080078125 0.6980732499999999 0.16125 0.258333
0 0.116953125 0.6259371666666667 0.098125 0.25666700000000003
0 0.2169140625 0.66401075 0.14437499999999998 0.1808330000000001
0 0.32984375 0.7192708333333334 0.21187500000000004 0.339167
0 0.2698046875 0.45661491666666665 0.06875 0.18583300000000005
0 0.291171875 0.61473925 0.059374999999999956 0.134167
0 0.4044921875 0.4907809166666666 0.08500000000000002 0.18583400000000005
0 0.4284375 0.5891145833333332 0.07874999999999999 0.14416700000000007
0 0.5133984375 0.7781774166666667 0.249375 0.3891659999999999
0 0.60078125 0.8376562499999999 0.41562499999999997 0.32166700000000015
0 0.68453125 0.6225520833333333 0.16437499999999994 0.19166699999999995
