0 0.072890625 0.5680729166666667 0.083125 0.34166699999999994
0 0.0244140625 0.560625 0.05 0.15666700000000003
0 0.14140625 0.57682325 0.039999999999999994 0.196666
0 0.285546875 0.4827086666666667 0.027500000000000024 0.053333
0 0.3152734375 0.5119274166666666 0.030625000000000013 0.07749999999999997
0 0.3673828125 0.5829690833333333 0.07250000000000001 0.253333
0 0.401953125 0.5069274166666666 0.036250000000000004 0.07583300000000011
0 0.431796875 0.5063541666666667 0.028124999999999956 0.06833299999999998
0 0.464375 0.5729690833333333 0.06375000000000003 0.25333299999999986
0 0.548203125 0.625417 0.09937499999999999 0.3150000000000001
0 0.5282421875 0.5066663333333333 0.02187500000000009 0.041666999999999975
0 0.6453515625 0.5865621666666666 0.06562499999999993 0.2874999999999999
0 0.67890625 0.5040621666666667 0.039999999999999925 0.038334000000000014
0 0.7640625 0.5117708333333334 0.04812499999999997 0.09083299999999994
0 0.7966796875 0.5069274166666666 0.03750000000000009 0.07583300000000011
0 0.855859375 0.6419788333333334 0.10687500000000005 0.43249999999999994
0 0.8796484375 0.6110940833333333 0.12312500000000004 0.41000000000000014
