0 0.405625 0.6859371666666666 0.09437499999999999 0.256667
0 0.1119140625 0.6732809166666667 0.018125000000000002 0.061666999999999916
0 0.1319921875 0.7085416666666666 0.023125000000000007 0.053333
0 0.2276171875 0.7167190833333333 0.021874999999999978 0.06750000000000005
0 0.257421875 0.7048434166666667 0.027499999999999997 0.13833399999999996
0 0.29078125 0.7007815833333334 0.040000000000000036 0.14499999999999993
0 0.3253515625 0.7174996666666668 0.03375 0.08416700000000003
0 0.3699609375 0.7130208333333332 0.04625000000000001 0.151667
0 0.46890625 0.7200524166666668 0.03999999999999998 0.10749999999999993
0 0.514609375 0.7284895833333334 0.044375 0.1133329999999999
0 0.5498828125 0.7158329999999999 0.04125000000000001 0.12750000000000009
0 0.588203125 0.6949996666666666 0.036250000000000004 0.08416700000000017
0 0.6059375 0.7266145833333333 0.04874999999999996 0.14333299999999993
0 0.65234375 0.7179166666666666 0.055625000000000036 0.14749999999999996
0 0.672109375 0.6669270833333334 0.011874999999999969 0.03416699999999991
0 0.70015625 0.65932325 0.039999999999999925 0.07083299999999992
0 0.7185546875 0.7201041666666667 0.06875000000000009 0.1308329999999999
0 0.7652734375 0.7178649166666666 0.06062500000000004 0.12250000000000005
0 0.7819921875 0.6873961666666667 0.021874999999999978 0.03750000000000009
0 0.799921875 0.70557325 0.02749999999999997 0.13499999999999993
0 0.8401171875 0.7219795000000001 0.023125000000000062 0.14083299999999999
