0 0.184375 0.3934457188872621 0.09437499999999999 0.35834900000000003
0 0.049765625 0.4722092767203514 0.0525 0.21106899999999998
0 0.08984375 0.5239963499267936 0.024374999999999994 0.07692300000000009
0 0.0906640625 0.47482941727672034 0.019375000000000003 0.032832999999999994
0 0.1208984375 0.5242238653001464 0.029375 0.09005600000000014
0 0.1173828125 0.4712617730600293 0.009999999999999995 0.017822999999999933
0 0.1556640625 0.4911892884333821 0.018125000000000002 0.03001899999999998
0 0.3072265625 0.49410882869692535 0.03437499999999999 0.15572299999999992
0 0.3303125 0.5218476749633968 0.016874999999999973 0.03846199999999999
0 0.352890625 0.5149830614934114 0.020625000000000004 0.04784299999999997
0 0.3655859375 0.4621619516837482 0.04625000000000001 0.249531
0 0.4 0.44463656515373357 0.03312499999999996 0.24202599999999994
0 0.475546875 0.3713348726207907 0.15250000000000002 0.4746720000000001
0 0.46234375 0.5229181537335286 0.02437499999999998 0.11913699999999998
