0 0.046875 0.891290489051095 0.095 0.21288500000000002
0 0.498046875 0.886858905109489 0.99625 0.22315600000000013
0 0.0834765625 0.8865254744525547 0.034375 0.09056899999999998
0 0.14984375 0.9075039489051095 0.11875 0.182073
0 0.181328125 0.9058960583941604 0.036250000000000004 0.08029900000000018
0 0.2140625 0.9196793065693433 0.048750000000000016 0.11484599999999975
0 0.26667968750000004 0.9029546569343067 0.131875 0.18954200000000002
0 0.3246484375 0.9277271824817518 0.06187500000000001 0.09803899999999995
0 0.3989453125 0.903361802919708 0.12062500000000004 0.18487399999999998
0 0.5038671875 0.9124623868613138 0.14750000000000002 0.17273500000000022
0 0.5680078125 0.7488492700729926 0.10375000000000001 0.41643299999999994
0 0.6686328125 0.8769440291970804 0.1675000000000001 0.24183
0 0.6176953125 0.9236360583941607 0.057499999999999996 0.08029899999999984
0 0.693828125 0.719445102189781 0.09875 0.43977600000000006
0 0.7064453125 0.7359176715328467 0.08875 0.3081230000000001
0 0.83578125 0.9025465109489051 0.19687500000000002 0.19141000000000002
0 0.97046875 0.9654156423357664 0.05625000000000002 0.0672270000000001
0 0.9759375 0.7468922846715329 0.046875 0.13632099999999991
