0 0.6635546875 0.5347364568081991 0.28833299999999995 0.92
0 0.01171875 0.27733894582723284 0.025 0.33999999999999997
0 0.0460810625 0.43813689604685213 0.049999999999999996 0.11249999999999996
0 0.0622265625 0.03513909224011713 0.065 0.0725
0 0.1105078125 0.46745973645680816 0.04166700000000001 0.085
0 0.27554687499999997 0.4509224011713031 0.37166699999999997 0.7825
0 0.1959375 0.03953147877013177 0.17333300000000001 0.08
0 0.12740918750000002 0.4487445095168375 0.021665999999999977 0.1025
0 0.18240918750000001 0.38245973645680825 0.023332999999999993 0.08499999999999992
0 0.192578125 0.4626390922401172 0.036667000000000005 0.07249999999999998
0 0.2074091875 0.39245973645680815 0.02166599999999999 0.08500000000000005
0 0.2124091875 0.19721083455344068 0.023332999999999993 0.06499999999999999
0 0.2294795 0.20117496339677893 0.016665999999999986 0.06749999999999999
0 0.2557421875 0.2173901903367496 0.023332999999999993 0.05000000000000001
0 0.2790751875 0.22489019033674962 0.021666999999999992 0.052500000000000026
0 0.3223955 0.045995607613469984 0.07833400000000001 0.08249999999999999
0 0.4248046875 0.03367496339677892 0.09999999999999998 0.07
0 0.426432625 0.15781844802342607 0.020000000000000018 0.05749999999999999
0 0.4274091875 0.26617496339677893 0.021665999999999963 0.06999999999999997
0 0.4457421875 0.4670314787701318 0.021666999999999992 0.07999999999999989
0 0.44752637500000003 0.15867496339677892 0.013332999999999984 0.06749999999999999
0 0.4521220625 0.2697108345534407 0.018334000000000017 0.06499999999999997
0 0.486484375 0.2653184480234261 0.04333300000000001 0.05749999999999997
0 0.5207295000000001 0.4562335285505124 0.08000000000000002 0.31000000000000005
0 0.6205205 0.042818448023426055 0.235 0.0575
0 0.5294795 0.27824670571010246 0.01666599999999996 0.0625
0 0.5663154375 0.46056734992679355 0.030000000000000027 0.07750000000000001
0 0.571432625 0.3061749633967789 0.020000000000000018 0.06750000000000003
0 0.80244825 0.03074670571010249 0.10333300000000001 0.0625
0 0.8821748125 0.4600988286969253 0.04166599999999998 0.15750000000000006
0 0.938307625 0.03635431918008784 0.11499999999999999 0.05500000000000001
0 0.9085546875 0.24031844802342606 0.03833299999999995 0.05750000000000005
0 0.935390625 0.4630966325036603 0.05166700000000002 0.1975
0 0.96171875 0.21617496339677889 0.025000000000000022 0.0675
0 0.9624091875 0.292997803806735 0.023332999999999937 0.0425
0 0.983671875 0.22049780380673498 0.028333000000000053 0.0425
0 0.988098625 0.30342606149341145 0.020000000000000018 0.047499999999999994
