0 0.25082031250000003 0.83890625 0.05812500000000001 0.26000000000000006
0 0.296171875 0.8459895833333334 0.05937500000000001 0.23749999999999996
0 0.355 0.8318225833333334 0.06437500000000002 0.23749999999999996
0 0.613046875 0.66640625 0.559375 0.2583330000000001
0 0.393125 0.8120836666666666 0.03125 0.14666600000000005
0 0.4401171875 0.7955725833333332 0.05437500000000001 0.17583400000000005
0 0.502734375 0.7814580000000001 0.04375000000000001 0.15833399999999997
0 0.532265625 0.8140100833333334 0.051875000000000004 0.22333399999999992
0 0.575234375 0.82067675 0.07500000000000007 0.305
0 0.6733203125 0.8470836666666667 0.05812499999999998 0.27249999999999996
0 0.78734375 0.8059899166666668 0.055625000000000036 0.28083300000000005
0 0.8535546875 0.78473925 0.03750000000000009 0.13499999999999993
0 0.932734375 0.79598925 0.043749999999999956 0.19583400000000006
0 0.958671875 0.8076045000000001 0.028125000000000067 0.1741659999999999
0 0.9858203125 0.8009375 0.026249999999999996 0.17249999999999988
