0 0.191171875 0.6512481538461539 0.05875 0.22932999999999992
0 0.0751953125 0.6287340769230769 0.15125 0.23622
0 0.2518359375 0.5511326153846153 0.015000000000000013 0.07086600000000011
0 0.2700390625 0.5421506923076924 0.01937500000000003 0.06495999999999989
0 0.34125 0.5382136923076923 0.06312499999999999 0.06495999999999999
0 0.3908203125 0.5579554615384617 0.02562500000000001 0.044291999999999936
0 0.4690625 0.5463261538461539 0.015625 0.028543999999999937
0 0.51671875 0.5588826923076923 0.024375000000000036 0.06594499999999995
0 0.5481640625 0.528734076923077 0.018124999999999947 0.03641699999999997
0 0.568828125 0.6007173846153847 0.03562500000000002 0.0895669999999999
0 0.5668359375 0.5360536153846154 0.014999999999999902 0.03149600000000008
0 0.590234375 0.555748 0.013125000000000053 0.08070899999999999
0 0.654453125 0.6230403846153846 0.03562500000000002 0.051181000000000004
0 0.7175390625 0.568543 0.01937500000000003 0.082677
0 0.734140625 0.5793122307692308 0.020625000000000004 0.10433099999999994
0 0.7605078125 0.5318109999999999 0.010624999999999996 0.04035400000000008
0 0.8026171875 0.5289829230769231 0.02312499999999995 0.046259000000000015
