0 0.657226125 0.5486729292035398 0.06738300000000008 0.36578099999999997
0 0.38476543750000003 0.5221236342182891 0.09277399999999997 0.37610600000000005
0 0.37695300000000004 0.5368727404129794 0.03125 0.33185899999999996
0 0.4326175625 0.5339234041297936 0.03515600000000002 0.30531
0 0.4833984375 0.5442481504424779 0.09179700000000002 0.3554570000000001
0 0.5166012499999999 0.5280234041297935 0.0400390000000001 0.303835
0 0.5400395 0.5560473303834809 0.078125 0.30825900000000006
0 0.5927733125 0.5442474365781711 0.05664099999999994 0.262537
0 0.708007875 0.5427724041297934 0.09082000000000012 0.3038349999999999
0 0.7744145625 0.5383481415929203 0.06542900000000007 0.27581100000000003
