0 0.50296875 0.319661270863836 0.08687499999999998 0.30300099999999996
0 0.52625 0.18422499414348462 0.03187499999999999 0.09193200000000003
0 0.622890625 0.3220806207906296 0.176875 0.37992499999999996
0 0.554921875 0.19008150951683747 0.028124999999999956 0.10506500000000003
0 0.6653515625 0.21282302489019034 0.03499999999999992 0.11538500000000003
0 0.726875 0.2666021420204978 0.09562499999999996 0.3001869999999999
0 0.771796875 0.2871441054172767 0.09124999999999994 0.36866699999999997
0 0.8851953125 0.30613362079062956 0.0881249999999999 0.37898699999999996
0 0.9108984375 0.16249057686676427 0.02937500000000004 0.05910000000000001
0 0.952421875 0.1996458653001464 0.06000000000000005 0.08818000000000002
