0 0.0866840625 0.2462915904059041 0.01894699999999999 0.123506
0 0.106912375 0.24201362730627304 0.01263099999999999 0.12749000000000002
0 0.260127625 0.22976766420664205 0.052630999999999956 0.139442
0 0.292898375 0.6199706937269374 0.07473700000000005 0.5418319999999999
0 0.2863671875 0.8881820332103321 0.05368400000000001 0.21115500000000012
0 0.30375437499999997 0.17177044280442808 0.012631000000000059 0.09561799999999998
0 0.3364618125 0.27254829520295204 0.01052599999999998 0.059760999999999974
0 0.4191631875 0.2780321070110701 0.02210500000000004 0.227091
0 0.5362335 0.3743695166051661 0.01578999999999997 0.10756999999999996
0 0.571098125 0.5727206236162362 0.06736799999999998 0.33067699999999994
0 0.594572 0.3454671439114392 0.031579000000000024 0.231075
0 0.607355875 0.719675180811808 0.027368999999999977 0.23904300000000012
0 0.6254791875 0.4496400701107011 0.02210500000000004 0.21912399999999996
0 0.6257075 0.8003705535055351 0.015789000000000053 0.11155399999999999
0 0.8397716875 0.23329522140221404 0.006315999999999988 0.04780899999999999
