0 0.0270703125 0.2357295 0.026875000000000003 0.079166
0 0.135625 0.23281216666666668 0.1875 0.09999999999999998
0 0.2280859375 0.22682325 0.014999999999999986 0.07166599999999997
0 0.2484375 0.2232809166666667 0.016250000000000014 0.06166699999999999
0 0.2996875 0.22713575 0.01687500000000003 0.08666599999999998
0 0.372578125 0.22140591666666665 0.130625 0.09333400000000003
0 0.5065234375000001 0.5878128333333333 0.373125 0.6841660000000002
0 0.4471875 0.2273955 0.015625 0.07916699999999999
0 0.5194140625 0.21880175 0.01937500000000003 0.08749999999999998
0 0.5305078125 0.20130241666666668 0.010624999999999996 0.045000000000000005
0 0.5571875 0.22218716666666669 0.016250000000000098 0.06833400000000005
0 0.5869921875 0.2273955 0.02312499999999995 0.07916699999999999
0 0.619453125 0.22734341666666666 0.036250000000000004 0.14000000000000004
0 0.6566796875 0.23093716666666664 0.03874999999999995 0.13250000000000006
0 0.728203125 0.22395833333333334 0.09812500000000002 0.07416699999999998
0 0.8308203125 0.2277604166666667 0.05687500000000001 0.07583299999999997
0 0.9278125 0.22677083333333334 0.14187499999999997 0.089167
0 0.9755859375 0.249583 0.014375000000000027 0.06416699999999997
