0 0.153203125 0.9767446470588236 0.03687499999999999 0.04048999999999995
0 0.1801171875 0.9477764117647057 0.085625 0.09981100000000002
0 0.1937109375 0.9618481176470589 0.046249999999999986 0.07250399999999986
0 0.2034375 0.43178000000000005 0.016875 0.05273000000000001
0 0.2587890625 0.9523682352941175 0.049375 0.09227800000000005
0 0.2474609375 0.36822629411764707 0.013750000000000012 0.02730700000000004
0 0.2478515625 0.4091277058823529 0.0037499999999999756 0.025424
0 0.269609375 0.40017741176470584 0.012500000000000011 0.04802200000000002
0 0.2819921875 0.5898558235294118 0.023125000000000007 0.04613899999999986
0 0.5009375 0.5983831176470589 0.017500000000000016 0.07156299999999995
0 0.5862890625 0.6259224705882352 0.01937500000000003 0.08380399999999999
0 0.892265625 0.5159325294117647 0.020625000000000004 0.06968000000000012
