0 0.4110546875 0.811594699853587 0.03875000000000001 0.15384599999999993
0 0.0068359375 0.6652354787701318 0.01375 0.08161299999999996
0 0.0228125 0.6652354787701318 0.015625 0.08161299999999996
0 0.08249999999999999 0.7171453133235723 0.0625 0.1463420000000001
0 0.1187890625 0.7423859941434847 0.01812499999999999 0.09287099999999987
0 0.1442578125 0.7001719941434847 0.010624999999999996 0.09287100000000004
0 0.15609375 0.8337487057101025 0.024375000000000008 0.061913999999999914
0 0.1757421875 0.7727467672035139 0.02312499999999998 0.10975599999999999
0 0.1853515625 0.7794270248901903 0.03375 0.11538500000000015
0 0.2194921875 0.7702745402635431 0.021875000000000006 0.1266420000000001
0 0.36125 0.8252710497803807 0.188125 0.22889399999999985
0 0.602109375 0.8099903748169839 0.23062500000000002 0.19230699999999992
0 0.62 0.9633189633967789 0.03249999999999997 0.06941800000000005
0 0.7538671875 0.8881058286969253 0.021874999999999978 0.1575979999999999
0 0.784375 0.9173701844802341 0.03312499999999996 0.142589
0 0.7991015625 0.9029304729136164 0.03375000000000006 0.1716699999999999
0 0.815546875 0.9289247979502195 0.028124999999999956 0.13414700000000013
0 0.934609375 0.8693256076134699 0.04375000000000007 0.08442800000000011
0 0.9903125 0.9773458038067349 0.016874999999999973 0.042214000000000224
