0 0.4294916875 0.5705729166666668 0.193751 0.4666669999999999
0 0.03125 0.5955729166666667 0.0625 0.09166699999999994
0 0.10390625 0.6054690833333334 0.039063 0.06666599999999996
0 0.1302739375 0.6445315833333334 0.045312000000000005 0.08333299999999995
0 0.1341801875 0.5929690833333333 0.02187499999999999 0.06666599999999996
0 0.1751953125 0.6265628333333334 0.057813 0.12083299999999997
0 0.2359375 0.625 0.04843800000000001 0.125
0 0.28984325 0.6239586666666667 0.04062499999999997 0.11666599999999987
0 0.3103515625 0.5588541666666668 0.03437499999999999 0.06874999999999994
0 0.35292918749999996 0.6236979166666666 0.05312500000000003 0.12291700000000001
0 0.43789012499999996 0.6497399166666668 0.06718800000000003 0.09166600000000003
0 0.50859375 0.58880175 0.024999999999999967 0.08750000000000006
0 0.5328125 0.6125003333333333 0.04843799999999998 0.10625000000000002
0 0.5841796875 0.59557325 0.06874999999999998 0.13541600000000006
0 0.625390625 0.5992184166666666 0.051563000000000025 0.108334
0 0.678515625 0.6130208333333332 0.051562 0.08958300000000004
0 0.7271484375 0.6106774166666668 0.029687999999999937 0.07708300000000001
0 0.757812 0.5898434166666666 0.0625 0.07708400000000008
0 0.8201166875 0.6265625 0.0687509999999999 0.141667
0 0.7953125 0.6080725833333332 0.015625 0.11250000000000011
0 0.851563 0.5979166666666668 0.03125 0.08541699999999992
0 0.8931635625000001 0.579167 0.034375000000000044 0.0625
0 0.9044921875 0.6140625 0.05312499999999998 0.07916700000000006
0 0.942578125 0.5999996666666666 0.035937999999999914 0.08333400000000002
0 0.9677734375 0.5945309166666667 0.06093799999999994 0.12291700000000001
