0 0.0166015625 0.9648295768667642 0.035156 0.05957000000000024
0 0.030599375 0.715809803806735 0.01302 0.04101599999999995
0 0.0393879375 0.6108306749633968 0.014323000000000002 0.0400389999999999
0 0.0481775 0.9799716749633968 0.015625 0.03808500000000005
0 0.12011693749999999 0.9785075461200585 0.014323000000000002 0.03613200000000009
0 0.240885125 0.8798253074670572 0.192709 0.23632799999999995
0 0.19205725 0.604481803806735 0.008464 0.04199299999999991
0 0.4182940625 0.9716663191800878 0.17578099999999997 0.053711000000000016
0 0.3818361875 0.8788915768667643 0.02343700000000004 0.059570999999999874
0 0.397786375 0.4594679019033675 0.012369999999999937 0.02148399999999997
0 0.4215498125 0.8754694787701317 0.042316999999999994 0.07910099999999999
0 0.421224 0.9667885461200586 0.03125 0.03710900000000005
0 0.4215499375 0.4999932884333822 0.014321999999999946 0.031249999999999917
0 0.4251305 0.9106321903367497 0.01692699999999997 0.05175799999999989
0 0.470703625 0.8759633191800879 0.02083299999999999 0.053711000000000016
0 0.496744375 0.9633629633967788 0.04361999999999999 0.06933500000000005
0 0.482421375 0.6840726749633969 0.012369999999999992 0.03808599999999993
0 0.4918618125 0.5185465461200586 0.009765999999999997 0.03515600000000001
0 0.5224610625 0.9799716749633968 0.018880000000000008 0.03808500000000005
0 0.5221351249999999 0.4287067730600293 0.005209000000000019 0.019530999999999923
0 0.5823569375 0.9633629633967788 0.04492200000000013 0.06933500000000005
0 0.7226564999999999 0.666005803806735 0.015625 0.04199200000000003
0 0.7792972499999999 0.9750869326500732 0.03971300000000011 0.045898000000000036
0 0.7958986874999999 0.4370051595900439 0.007812000000000152 0.027344000000000077
0 0.9052734375 0.8060588784773058 0.18684899999999993 0.3847650000000001
0 0.8479818124999999 0.731435803806735 0.01041700000000001 0.041991999999999946
0 0.883463125 0.6245026749633967 0.005209000000000019 0.04003900000000007
