0 0.470703125 0.3043694690265487 0.942881 0.22374999999999998
0 0.0719229375 0.5950221238938054 0.10844399999999998 0.11625000000000008
0 0.1448481875 0.5929977876106194 0.021522999999999987 0.09000000000000014
0 0.1749473125 0.5960730088495575 0.02566199999999999 0.08250000000000009
0 0.2039203125 0.5929977876106194 0.026490000000000014 0.09000000000000014
0 0.22748062500000002 0.5717477876106194 0.020695999999999992 0.09000000000000005
0 0.2571984375 0.5669727138643067 0.029801000000000022 0.09375
0 0.4770993125 0.5495980825958702 0.027318000000000064 0.07874999999999997
0 0.494864625 0.5527728613569322 0.019868000000000052 0.08749999999999998
0 0.5105936249999999 0.5427728613569321 0.02069500000000002 0.08749999999999998
0 0.5322651875 0.5432227138643068 0.02152300000000007 0.09249999999999996
0 0.5928506875 0.5520722713864307 0.10099399999999992 0.11125000000000002
0 0.7152121874999999 0.5260730088495575 0.02235100000000012 0.0825
0 0.7578382499999999 0.5396718289085546 0.0703640000000001 0.12875000000000003
0 0.8155723125000001 0.5331969026548673 0.05794699999999997 0.12625000000000003
0 0.868105625 0.518447640117994 0.052153000000000005 0.09500000000000004
0 0.94647625 0.5231969026548673 0.10347699999999993 0.12624999999999995
