0 0.7868359375 0.5287322957540262 0.07624999999999993 0.41838600000000004
0 0.14828125 0.46479259590043925 0.07125000000000001 0.26547799999999994
0 0.170625 0.4191319267935579 0.03125 0.135085
0 0.2037109375 0.5006671112737922 0.076875 0.277674
0 0.2270703125 0.38527360761347 0.026874999999999982 0.08442699999999997
0 0.259375 0.4683170805270863 0.06312500000000001 0.254221
0 0.2865234375 0.45029150366032206 0.030625000000000013 0.1941830000000001
0 0.325859375 0.5001774245973646 0.07500000000000001 0.42120099999999994
0 0.3071484375 0.35374631918008786 0.030625000000000013 0.05347099999999999
0 0.3857421875 0.5419526149341142 0.11562499999999998 0.4690430000000001
0 0.4374609375 0.5132662650073206 0.04625000000000001 0.39493500000000004
0 0.4912890625 0.5415407437774524 0.111875 0.47279599999999994
0 0.516875 0.3687994787701318 0.03312500000000007 0.08067599999999991
0 0.555078125 0.5304239399707174 0.0675 0.43058199999999996
0 0.6208203125 0.5557260014641289 0.12062499999999998 0.479362
0 0.66609375 0.5408571976573938 0.08687499999999992 0.4371480000000001
0 0.6995703125 0.47938972474377745 0.05812499999999998 0.2673539999999999
0 0.73203125 0.4645199209370425 0.039999999999999925 0.22701699999999994
0 0.838046875 0.4735332093704246 0.06000000000000005 0.2560969999999999
0 0.885390625 0.4729369824304538 0.05249999999999999 0.2729830000000001
0 0.9408203125 0.5262159092240117 0.08875 0.40994299999999995
0 0.983125 0.4745854670571011 0.03187499999999999 0.26172599999999996
