0 0.2996875 0.8220143333333333 0.04749999999999999 0.07333299999999987
0 0.3915625 0.8277778888888889 0.20500000000000002 0.27999999999999997
0 0.3064453125 0.6788197777777778 0.02562500000000001 0.02444399999999991
0 0.329140625 0.6833335555555555 0.05124999999999996 0.113333
0 0.333046875 0.6270134444444444 0.028124999999999956 0.045556000000000076
0 0.43 0.7804857777777778 0.18812500000000004 0.2755559999999998
0 0.4292578125 0.7343056666666666 0.16687500000000005 0.27111100000000005
0 0.514453125 0.7079166666666666 0.25499999999999995 0.396667
0 0.516328125 0.6786804444444444 0.193125 0.2955560000000001
0 0.565 0.5974997777777777 0.283125 0.43111099999999997
