0 0.1885546875 0.7252655475841875 0.10062499999999999 0.51501
0 0.2456640625 0.6374005959004392 0.04999999999999999 0.263602
0 0.283828125 0.6240390805270863 0.03687499999999999 0.2523449999999999
0 0.355 0.6401444978038067 0.0625 0.28424000000000016
0 0.4108203125 0.6169027920937042 0.02562500000000001 0.22514
0 0.4301953125 0.643440467057101 0.026875000000000038 0.26172600000000007
0 0.4753125 0.6194623382137627 0.04874999999999996 0.2598499999999999
0 0.516796875 0.6284055285505125 0.05937500000000001 0.3076920000000001
0 0.5483984375 0.6409240805270865 0.02937500000000004 0.2542219999999999
0 0.597578125 0.6449487554904831 0.06687500000000002 0.290807
0 0.638125 0.6535319516837482 0.03187499999999999 0.251407
0 0.7133203125 0.6463687247437774 0.057499999999999996 0.26735500000000006
0 0.77125 0.6529357247437775 0.06312499999999999 0.269231
0 0.8530078125 0.38444114787701317 0.04249999999999998 0.20825500000000005
