0 0.0888671875 0.2913616398243045 0.17875 0.584428
0 0.1847265625 0.17569546120058566 0.12812500000000002 0.35178200000000004
0 0.3126953125 0.17862371888726208 0.08937500000000004 0.35741100000000003
0 0.3821875 0.15080527086383602 0.07937499999999997 0.30394
0 0.5895703125 0.060029282576866766 0.08937499999999998 0.12288900000000001
0 0.656640625 0.04978038067349927 0.05249999999999999 0.10225099999999998
0 0.6753125 0.01903367496339678 0.01750000000000007 0.038462
0 0.7534765625 0.05856515373352855 0.06500000000000006 0.11726099999999998
0 0.8229296875 0.07027818448023426 0.06937500000000008 0.140713
0 0.8930859375 0.09663250366032211 0.04625000000000001 0.194184
0 0.9268359375 0.15666178623718888 0.07687499999999992 0.315197
