0 0.1935514375 0.62187175 0.031224000000000002 0.08607600000000004
0 0.21238256249999998 0.57733725 0.034599000000000046 0.039661999999999975
0 0.21261037500000002 0.356287875 0.013502000000000014 0.027847999999999984
0 0.227173875 0.624451375 0.028691999999999995 0.07594899999999993
0 0.22104937500000002 0.3598440625 0.013501999999999986 0.017721000000000042
0 0.2585780625 0.363304 0.018564999999999998 0.032912
0 0.299169 0.40803 0.032912 0.03291099999999997
0 0.349536875 0.4719848125 0.028691999999999995 0.04135000000000005
0 0.38244787500000005 0.6136129375 0.02869199999999994 0.07679400000000003
0 0.409983125 0.6121434375 0.036287000000000014 0.09367099999999995
0 0.42131450000000004 0.486993625 0.016878000000000004 0.051476999999999995
0 0.43819250000000004 0.49232275 0.01687699999999992 0.05485200000000007
0 0.660738375 0.854762125 0.07594899999999993 0.16202499999999997
0 0.6622564999999999 0.6782315625 0.04810100000000006 0.0962019999999999
0 0.7299466875 0.6787618125 0.03797499999999998 0.10464200000000001
0 0.758723625 0.6800035 0.05232099999999995 0.10970500000000005
0 0.7727195625000001 0.67441025 0.034598999999999935 0.10295299999999996
0 0.8044738124999999 0.6903956250000001 0.04135 0.11392399999999991
