0 0.07625 0.057715052186177715 0.064375 0.112815
0 0.14796874999999998 0.06510286600846263 0.05500000000000001 0.09657
0 0.19921875 0.06313005218617772 0.056249999999999994 0.11101099999999998
0 0.2315234375 0.040395242595204515 0.030624999999999986 0.07942199999999999
0 0.3662890625 0.5036449619181947 0.174375 0.4088439999999999
0 0.334921875 0.15796897038081806 0.09062500000000001 0.316787
0 0.4190625 0.0465444287729196 0.14125 0.094765
0 0.41984375 0.17679710860366715 0.08625 0.17599299999999998
0 0.7309765625 0.4292613779971791 0.535 0.6362819999999999
0 0.61953125 0.34385400987306064 0.22812500000000002 0.5640790000000001
0 0.7568359375 0.04231311706629055 0.48375 0.08574
0 0.566328125 0.07051786600846262 0.06812499999999999 0.09837599999999999
0 0.7490625 0.06628655430183357 0.07937500000000008 0.08935000000000003
0 0.8642578125 0.1528236713681241 0.073125 0.172383
0 0.8716015625 0.059687866008462626 0.06562500000000004 0.097473
0 0.9228515625 0.04581024259520451 0.06562500000000004 0.081227
0 0.9415625 0.14379867136812413 0.07937500000000008 0.174187
