0 0.0927734375 0.5693229166666667 0.186875 0.15499999999999994
0 0.195 0.5784371666666667 0.03312499999999999 0.13249999999999992
0 0.2306640625 0.5656249999999999 0.049375 0.1566670000000001
0 0.2596484375 0.5408336666666668 0.030000000000000027 0.0841659999999999
0 0.289765625 0.5521874999999999 0.05187499999999995 0.11166700000000003
0 0.343828125 0.56057325 0.036250000000000004 0.134166
0 0.5190625 0.5674475833333333 0.328125 0.14500000000000002
0 0.377265625 0.5813545 0.020625000000000004 0.11083299999999996
0 0.687890625 0.5659899166666666 0.05249999999999999 0.1550000000000001
0 0.7186328125 0.5535416666666667 0.041874999999999996 0.17916700000000008
0 0.7525390625 0.5526045 0.04937499999999995 0.17250000000000001
0 0.8067578125 0.5563024166666667 0.04125000000000001 0.17083299999999993
0 0.8376953125 0.5357809166666666 0.026875000000000093 0.060834000000000055
0 0.8658203125 0.5189059166666666 0.026249999999999996 0.09166699999999994
