0 0.5350390625 0.43429934407027815 0.05062500000000003 0.16698
0 0.0641015625 0.5730939707174231 0.06625 0.45591
0 0.1053125 0.5023674729136163 0.048125 0.1707320000000001
0 0.14347656250000002 0.6121157554904831 0.09624999999999999 0.2926830000000001
0 0.235703125 0.6788080746705709 0.12937499999999996 0.3442769999999999
0 0.2176953125 0.43946359590043926 0.08875000000000002 0.265479
0 0.2663671875 0.5127565710102489 0.11625000000000002 0.15197000000000005
0 0.3219921875 0.47958179795021966 0.053749999999999964 0.13226999999999994
0 0.41015625 0.7781921976573939 0.19687500000000002 0.4390250000000001
0 0.362109375 0.43627238067349927 0.044375 0.100375
0 0.392421875 0.4420847364568082 0.02812500000000001 0.08724200000000004
0 0.4346484375 0.3963203133235725 0.06062500000000004 0.14634099999999997
0 0.4665625 0.4979319267935578 0.109375 0.13696000000000008
0 0.4650390625 0.48370250951683746 0.080625 0.10412700000000008
0 0.4599609375 0.39009508638360174 0.044999999999999984 0.161351
0 0.60671875 0.7121325475841875 0.14875000000000005 0.5131329999999998
0 0.5999609375 0.44531060761347 0.04625000000000001 0.08442800000000003
0 0.620546875 0.42103486530014644 0.028124999999999956 0.09005599999999997
0 0.7433984375 0.7881694245973645 0.186875 0.42026300000000016
0 0.7108203125 0.5263456017569546 0.08875 0.1754230000000001
0 0.7796875 0.527397859443631 0.10999999999999999 0.17917499999999995
0 0.8472265625 0.6877944245973645 0.15937500000000004 0.4212010000000001
0 0.9068359375 0.636453878477306 0.14 0.384615
0 0.941640625 0.5156070131771595 0.114375 0.297373
