0 0.37960995168374817 0.614140625 0.2514079999999999 0.77
0 0.5001584172767203 0.5482421875 0.032832999999999994 0.08562500000000006
0 0.5537426749633968 0.5512109375 0.03846199999999999 0.07687499999999992
0 0.5829379326500732 0.550390625 0.04596599999999996 0.08374999999999999
0 0.6200490614934113 0.554140625 0.048779999999999976 0.08374999999999999
0 0.6941580614934114 0.555 0.04878000000000006 0.09375
0 0.7577637057101025 0.5581640625 0.061914 0.08187500000000003
0 0.8464698345534407 0.5541015625 0.06660399999999987 0.09750000000000003
0 0.8865793191800879 0.5651171875 0.054408999999999964 0.08562500000000006
0 0.9544640922401171 0.558984375 0.07223200000000006 0.10562499999999997
