0 0.02734375 0.697986 0.05625 0.5966670000000001
0 0.0951171875 0.5240976666666667 0.05374999999999999 0.17777699999999996
0 0.14949218749999998 0.6455555555555557 0.08562499999999999 0.6144440000000001
0 0.2025 0.4716667777777778 0.15749999999999997 0.30777800000000005
0 0.2341796875 0.5425693333333333 0.13187499999999996 0.32333299999999987
0 0.3184765625 0.46999955555555556 0.034999999999999976 0.11222299999999999
0 0.343359375 0.5204865555555556 0.07437499999999997 0.332222
0 0.386796875 0.5029167777777778 0.09125 0.368889
0 0.5390625 0.5934028888888889 0.32999999999999996 0.8099999999999999
0 0.6375390625 0.4315976666666666 0.018124999999999947 0.05222199999999999
0 0.7821875 0.5576392222222223 0.26625 0.882222
0 0.6670703125 0.44722266666666655 0.02562500000000001 0.08444400000000006
0 0.9429296875 0.5775 0.10062500000000008 0.375556
0 0.9265234375 0.45291711111111116 0.030625000000000013 0.03666600000000001
0 0.9755859375 0.508264 0.04625000000000001 0.2188889999999999
