0 0.21428571428571427 0.965703125 0.42892800000000003 0.06687500000000002
0 0.03922093506493506 0.63484375 0.07231900000000001 0.05624999999999991
0 0.11969822077922078 0.632578125 0.043226 0.06812499999999999
0 0.17856072727272726 0.648359375 0.05486300000000002 0.07500000000000007
0 0.20869531168831168 0.66421875 0.024937999999999957 0.05625000000000002
0 0.2584651298701299 0.6899609375 0.06151299999999998 0.07687500000000003
0 0.28449402597402595 0.6109765625 0.054032000000000024 0.06500000000000006
0 0.3434609350649351 0.5842578125 0.07065600000000001 0.073125
0 0.3397213246753247 0.7226171875 0.049875 0.05312499999999998
0 0.395829935064935 0.7408984375 0.07231900000000008 0.09187500000000004
0 0.3884541168831169 0.0146484375 0.03408200000000005 0.03
0 0.4184304285714286 0.55078125 0.05735599999999996 0.07125000000000004
0 0.46009683116883116 0.5458984375 0.06317499999999991 0.06125000000000003
0 0.46404502597402597 0.7755859375 0.05403199999999995 0.07687499999999992
0 0.4693973246753247 0.0462890625 0.049875 0.049374999999999995
0 0.5387546233766234 0.5144921874999999 0.047382000000000035 0.05312500000000003
0 0.5495085324675324 0.80421875 0.06650000000000006 0.08750000000000002
0 0.5559507272727273 0.074140625 0.0565259999999999 0.051250000000000004
0 0.6007856363636364 0.47828125 0.07481300000000003 0.07125000000000004
0 0.6228663376623376 0.832890625 0.07564400000000007 0.08250000000000002
0 0.6228663376623376 0.1053515625 0.07730600000000015 0.065
0 0.6685871168831168 0.1242578125 0.03574399999999991 0.042499999999999996
0 0.695912935064935 0.86125 0.07231900000000001 0.09562500000000007
0 0.6871853246753248 0.4425 0.04987599999999984 0.06312499999999999
0 0.7354514155844156 0.4170703125 0.03158800000000002 0.05687500000000001
0 0.7484384285714286 0.1576171875 0.059018999999999947 0.05437500000000001
0 0.7905725324675325 0.919609375 0.06566899999999994 0.07562500000000005
0 0.826991038961039 0.1923046875 0.07896899999999991 0.07
0 0.8965058311688313 0.9610546875 0.06317500000000006 0.06999999999999995
0 0.8956235194805195 0.220859375 0.040730999999999906 0.044375
0 0.9584855324675324 0.244296875 0.06650100000000003 0.05937499999999998
0 0.9887766103896105 0.257421875 0.020781999999999922 0.027499999999999997
