0 0.1439453125 0.6560260818070818 0.119531 0.16601500000000016
0 0.2923830625 0.5676440695970697 0.08124999999999999 0.14062499999999992
0 0.27578125 0.575205039072039 0.039844000000000046 0.08007799999999995
0 0.3064455625 0.6399110744810745 0.09765600000000002 0.14941399999999994
0 0.308984125 0.5149120793650794 0.09843800000000003 0.1601559999999999
0 0.31874949999999996 0.3784290463980464 0.046875 0.09375
0 0.369140625 0.4665690671550672 0.052344 0.134766
0 0.5191403750000001 0.5754871965811966 0.20078199999999996 0.3945319999999999
0 0.44589893750000004 0.4570440537240537 0.046092999999999995 0.10839899999999991
0 0.4814455625 0.3613420586080586 0.03515600000000002 0.11816399999999994
0 0.6705075625 0.4460610671550672 0.06640599999999997 0.13671899999999995
0 0.695703125 0.5725290793650795 0.09843800000000003 0.15917999999999988
0 0.6953122500000001 0.3801410598290598 0.03906299999999985 0.12109400000000003
0 0.765625 0.499773072039072 0.06328100000000003 0.14453199999999994
