0 0.4137890625 0.7730155191740414 0.14312499999999995 0.3418319999999998
0 0.109375 0.7947426991150442 0.22 0.2927290000000001
0 0.395625 0.5165629764011799 0.78125 0.12181299999999995
0 0.055156250000000004 0.5849107138643067 0.071875 0.09348400000000003
0 0.073515625 0.5264108702064897 0.051250000000000004 0.16619400000000006
0 0.2384375 0.5859172300884955 0.07812500000000003 0.07176600000000011
0 0.2248828125 0.5337311651917405 0.04125000000000001 0.15486299999999995
0 0.3233984375 0.5773023775811209 0.06124999999999997 0.06610000000000003
0 0.4046875 0.5747655988200591 0.048750000000000016 0.05665699999999995
0 0.4574609375 0.5594772300884956 0.04625000000000001 0.07365499999999998
0 0.5497265625 0.5739927876106196 0.09625000000000006 0.0887629999999999
0 0.5458984375 0.5696930412979351 0.02937500000000004 0.038716000000000125
0 0.609140625 0.5444860825958702 0.05125000000000002 0.07743100000000001
0 0.6987890625 0.7295866991150443 0.17437500000000006 0.293674
0 0.6326953125 0.5575348938053097 0.026874999999999982 0.04627000000000008
0 0.675859375 0.5529297463126843 0.043749999999999956 0.05193599999999998
0 0.74046875 0.5314997876106194 0.05499999999999994 0.08876299999999998
0 0.7853125 0.5283162300884956 0.04749999999999999 0.07176599999999994
0 0.85265625 0.6693402477876106 0.13312500000000005 0.2322950000000001
0 0.8073046875 0.49668682005899706 0.03750000000000009 0.04910299999999991
0 0.841484375 0.6082133126843657 0.10625000000000007 0.14919700000000002
0 0.8601171875 0.5354028200589971 0.08499999999999996 0.04910299999999991
0 0.8633203125 0.4978101887905604 0.02562500000000001 0.03493900000000011
0 0.8819921875 0.5232436725663717 0.053750000000000075 0.053823999999999955
0 0.9096875 0.49071541887905606 0.04875000000000007 0.10481599999999991
0 0.9578515625 0.5027577138643068 0.03499999999999992 0.09254
