0 0.1584046875 0.8738177500000001 0.037594000000000016 0.15030099999999993
0 0.2114848125 0.8714170833333332 0.04210599999999998 0.12825700000000007
0 0.2615234375 0.6685844166666666 0.12330799999999997 0.264529
0 0.2167571875 0.7777481666666666 0.022555999999999993 0.038076000000000075
0 0.35705631250000003 0.7318493333333334 0.02706799999999998 0.0741480000000001
0 0.4105865625 0.7477795833333333 0.034586000000000006 0.08216400000000013
0 0.42554625 0.8565854166666668 0.03909800000000002 0.13827699999999998
0 0.4457783125 0.7485832499999999 0.027067000000000008 0.07214400000000006
0 0.46134274999999997 0.8486711666666666 0.024060000000000026 0.132265
0 0.48487531250000004 0.7412691666666666 0.027067999999999925 0.07014000000000002
0 0.6450775 0.7067838333333333 0.07969900000000008 0.152304
0 0.742960375 0.61611475 0.10676600000000003 0.0861729999999999
0 0.7081926875 0.7564060833333333 0.007518999999999942 0.03607200000000003
0 0.723445875 0.8298314999999999 0.028572000000000042 0.14228500000000008
0 0.7376629375 0.78805275 0.015037999999999996 0.11823600000000016
0 0.7599076874999999 0.8186111666666666 0.03759400000000013 0.1302610000000001
0 0.7867595000000001 0.77762575 0.016541999999999946 0.15029999999999996
0 0.7933019375 0.65660275 0.015037999999999996 0.05611199999999994
0 0.8069142499999999 0.74698625 0.009022000000000086 0.040080000000000116
0 0.8166798749999999 0.8366471666666667 0.028571000000000124 0.132265
0 0.825408375 0.61210675 0.012030000000000096 0.08617299999999999
0 0.8535302499999999 0.6029921666666667 0.009023000000000003 0.06813700000000004
0 0.8693891874999999 0.8666054166666667 0.02255600000000013 0.13827699999999998
0 0.8630796875 0.57284075 0.006014999999999993 0.024047999999999996
0 0.864662 0.5635226666666666 0.001502999999999921 0.0220440000000001
0 0.8948748750000001 0.8252233333333333 0.028570999999999902 0.13627299999999995
0 0.9314923125 0.9267254166666667 0.02706799999999998 0.14028099999999988
0 0.939088625 0.6148126666666668 0.02105299999999999 0.08416899999999987
0 0.9770544375 0.61832225 0.030074999999999963 0.07214499999999997
0 0.9805115625 0.7844414166666667 0.034585999999999895 0.13827599999999998
