0 0.0234375 0.9438906383601756 0.0475 0.10788000000000021
0 0.0302734375 0.7687844729136164 0.061875 0.17073200000000002
0 0.0419921875 0.6252133133235726 0.085 0.14352699999999996
0 0.07320312500000001 0.45267541142020506 0.06687499999999999 0.12570399999999987
0 0.0941015625 0.9198865710102488 0.09749999999999999 0.1500940000000001
0 0.0823828125 0.3354845095168375 0.041249999999999995 0.10318999999999999
0 0.1219921875 0.751030571010249 0.11562499999999999 0.15196999999999988
0 0.124375 0.6456669575402635 0.095625 0.1594750000000001
0 0.1252734375 0.3962319941434846 0.061874999999999986 0.092871
0 0.192265625 0.5317029267935578 0.08374999999999999 0.13696
0 0.19828125 0.3972842518301611 0.071875 0.09849899999999998
0 0.236015625 0.34381325183016104 0.05125000000000002 0.09756100000000004
0 0.25187499999999996 0.07027818448023426 0.06437499999999999 0.141651
0 0.2562109375 0.4698148653001463 0.04562499999999997 0.08911800000000016
0 0.264296875 0.40085289604685204 0.06 0.111632
0 0.2848046875 0.6439753133235724 0.10000000000000003 0.144465
0 0.284921875 0.7953490863836018 0.09062500000000001 0.16135099999999986
0 0.28 0.5455464114202049 0.06437499999999999 0.12476500000000017
0 0.3076953125 0.34797812298682285 0.05687500000000001 0.09662299999999995
0 0.35265625 0.9384901537335284 0.13437500000000002 0.11913700000000023
0 0.3762890625 0.06149341142020498 0.11249999999999999 0.123827
0 0.3923046875 0.8237896998535872 0.10124999999999995 0.15384599999999993
0 0.38140625 0.6496292518301611 0.07187500000000002 0.09943700000000004
0 0.406328125 0.4681232210834553 0.06687500000000002 0.07504700000000004
0 0.403828125 0.3508622210834554 0.03687499999999999 0.07504699999999992
0 0.4326953125 0.5498504787701317 0.08812500000000001 0.0797370000000001
0 0.4864453125 0.6450535095168375 0.08812500000000001 0.10318900000000003
0 0.5151171875 0.8143827613469986 0.11687499999999995 0.19981199999999988
0 0.50953125 0.5519549941434846 0.07062500000000005 0.09287000000000006
0 0.516484375 0.36744960761347 0.043749999999999956 0.08255199999999996
0 0.573203125 0.42865312298682284 0.0675 0.09474699999999998
0 0.60046875 0.5561630248901903 0.08750000000000002 0.11538500000000007
0 0.602265625 0.9502291229868229 0.08250000000000002 0.09568499999999996
0 0.5859375 0.35971709224011716 0.04874999999999996 0.07035599999999995
0 0.620859375 0.824201571010249 0.10624999999999996 0.150094
0 0.6333203125 0.4108992210834554 0.057499999999999996 0.075047
0 0.6443359375 0.6617541537335286 0.07687500000000003 0.1191369999999999
0 0.63625 0.19813857686676425 0.03312500000000007 0.05909900000000003
0 0.656875 0.36786147877013176 0.06374999999999997 0.08067599999999996
0 0.66328125 0.47690799414348456 0.07187499999999991 0.09286999999999998
0 0.684140625 0.19479744802342602 0.0525000000000001 0.05722400000000001
0 0.707421875 0.43446547877013175 0.06000000000000005 0.08161400000000002
0 0.7329296875 0.8090783133235725 0.09999999999999998 0.14634100000000014
0 0.7473046875 0.7157081229868228 0.09999999999999998 0.09568400000000007
0 0.7374609375 0.19848034992679353 0.04625000000000001 0.07879899999999998
0 0.75953125 0.503288251830161 0.07062500000000005 0.09849900000000006
0 0.7730078125 0.5829109941434846 0.0731250000000001 0.09099500000000009
0 0.7644921875 0.3663531903367497 0.053749999999999964 0.051594999999999995
0 0.77859375 0.4267329633967789 0.05625000000000002 0.06941900000000002
0 0.791640625 0.20230244802342606 0.05249999999999999 0.057223000000000024
0 0.8475390625 0.5223478653001463 0.08062500000000006 0.09005600000000005
0 0.864140625 0.8421388286969254 0.11375000000000002 0.15759899999999988
0 0.849765625 0.7054322825768666 0.083125 0.12289000000000001
0 0.843203125 0.4257248653001464 0.0668749999999999 0.08818000000000002
0 0.8469921875 0.20335470571010245 0.053749999999999964 0.06285199999999999
0 0.8677734375 0.587716251830161 0.09187499999999993 0.09849900000000006
