0 0.11061956249999999 0.6633001111111111 0.12857100000000002 0.5380710000000001
0 0.2406413125 0.7399803333333334 0.245715 0.5126900000000001
0 0.5609211875 0.7638977777777778 0.4600000000000001 0.4644670000000002
0 0.42535700000000004 0.5572916666666666 0.12571399999999994 0.11675100000000002
0 0.4741243125 0.4579106666666666 0.02571400000000007 0.08629400000000015
0 0.528247625 0.565284888888889 0.05142899999999995 0.279188
0 0.6177961875 0.4490888888888889 0.05285699999999993 0.12182700000000003
0 0.741685125 0.5670387777777778 0.0985720000000001 0.15228399999999997
0 0.8492241875 0.4418797777777778 0.05285700000000004 0.08883299999999997
0 0.9255750625000001 0.6840366666666666 0.1428569999999999 0.304568
