0 0.530703125 0.6978125 0.06749999999999995 0.26666700000000015
0 0.017578125 0.9538017499999999 0.036875 0.08833400000000013
0 0.052734375 0.7127600833333334 0.105625 0.4108339999999999
0 0.154296875 0.6905725833333333 0.09062500000000001 0.30083400000000005
0 0.2037890625 0.7141663333333333 0.14375 0.4191670000000001
0 0.1816015625 0.70651075 0.06625 0.305
0 0.3495703125 0.7116142499999999 0.11937500000000001 0.3525
0 0.36546875 0.7300003333333334 0.1175 0.4183329999999999
0 0.43671875 0.69 0.05625000000000002 0.2508330000000001
0 0.5607421875 0.661458 0.02312499999999995 0.15750000000000006
0 0.5866796875 0.667083 0.03749999999999998 0.18916699999999986
0 0.5944921875 0.655417 0.021874999999999978 0.1875
0 0.620390625 0.6609895833333334 0.051875000000000004 0.23749999999999996
0 0.65328125 0.6609375 0.039999999999999925 0.1741670000000001
0 0.655234375 0.6685416666666666 0.043749999999999956 0.17916700000000008
0 0.6841015625 0.6484371666666666 0.03500000000000003 0.13166700000000006
0 0.6967578125 0.62817675 0.010624999999999996 0.055000000000000084
0 0.7288671875 0.6661458333333333 0.053749999999999964 0.18250000000000002
0 0.7855859375 0.6706253333333333 0.04499999999999993 0.20000000000000004
0 0.813984375 0.6524479166666667 0.04437500000000005 0.18583299999999983
0 0.859296875 0.6421875 0.028750000000000053 0.11000000000000003
0 0.868515625 0.6456770833333333 0.020625000000000004 0.0966669999999999
0 0.91046875 0.6438545 0.024374999999999925 0.10999999999999995
0 0.9137890625 0.6392184166666667 0.018124999999999947 0.10833399999999986
0 0.9349609375 0.6341666666666667 0.014375000000000027 0.08416699999999995
0 0.9465625 0.6464059166666666 0.016874999999999973 0.0916670000000001
0 0.9540625 0.636042 0.016874999999999973 0.09583300000000006
0 0.966640625 0.6408336666666666 0.020625000000000004 0.08583300000000005
0 0.97328125 0.62317675 0.008125000000000049 0.055000000000000014
0 0.983359375 0.6272395833333334 0.013124999999999942 0.051666999999999984
0 0.9868359375 0.6352604166666667 0.014375000000000027 0.07750000000000012
0 0.993359375 0.637083 0.011874999999999969 0.06416700000000015
