0 0.081796875 0.9777365741556533 0.028124999999999997 0.04041300000000017
0 0.5078515625 0.8347572980910427 0.03437499999999999 0.17575199999999985
0 0.5151953125 0.7847138619676945 0.026875000000000093 0.06860899999999993
0 0.5390234375 0.8991367283406754 0.030625000000000013 0.1983080000000001
0 0.560078125 0.8456837254038179 0.03562500000000002 0.15789499999999992
0 0.7941015625 0.6799070367107195 0.40937500000000004 0.5159779999999999
0 0.6142578125 0.839162584434655 0.041874999999999996 0.1832709999999999
0 0.685546875 0.9154107209985315 0.05874999999999997 0.09586500000000024
0 0.7290234375 0.9243970102790017 0.06125000000000003 0.14661599999999986
0 0.7780078125 0.9095347268722469 0.04125000000000001 0.17763099999999987
0 0.8104296875 0.9293897239353891 0.03749999999999998 0.13721800000000003
0 0.8383203125 0.9528878634361234 0.057499999999999996 0.09022499999999997
0 0.8963671875 0.9100052966226136 0.05437499999999995 0.15413500000000008
0 0.901796875 0.9492457209985316 0.05874999999999997 0.09680400000000006
0 0.9658984375 0.7767810117474303 0.030625000000000013 0.1654130000000001
