0 0.001953125 0.21327170588235292 0.005625 0.023539999999999974
0 0.02140625 0.2283784117647059 0.039375 0.09887
0 0.15515625 0.20091352941176474 0.009374999999999994 0.01883299999999997
0 0.2118359375 0.3225599411764706 0.10750000000000001 0.26647899999999997
0 0.2076953125 0.22467629411764706 0.026874999999999982 0.07721200000000002
0 0.3212109375 0.2723275882352941 0.044999999999999984 0.15442500000000003
0 0.3537890625 0.3120334705882353 0.050000000000000044 0.23352200000000004
0 0.4729296875 0.3061511176470588 0.07000000000000006 0.222222
0 0.51484375 0.289689 0.05624999999999997 0.152543
0 0.6222265625 0.32568117647058825 0.06500000000000006 0.256121
0 0.75625 0.3952006470588236 0.125 0.4406780000000001
0 0.96328125 0.264689 0.07125000000000004 0.100754
0 0.97109375 0.3484079411764706 0.055625000000000036 0.21657200000000004
