0 0.7053065902578797 0.7380664375 0.11600000000000002 0.18690299999999993
0 0.054441260744985676 0.3695306875 0.11 0.19508899999999996
0 0.36465329512893985 0.7184625 0.05999999999999999 0.07912700000000006
0 0.4169226361031519 0.7100758125000001 0.04800000000000003 0.0736699999999999
0 0.45414326647564474 0.398637375 0.10199999999999995 0.07503399999999999
0 0.5107392550143266 0.5121596875000001 0.11799999999999997 0.16234700000000007
0 0.6126819484240688 0.3689819375 0.08000000000000004 0.046384999999999954
0 0.6507106017191977 0.5008433125 0.10000000000000002 0.15143200000000007
0 0.8653352435530086 0.1745995625 0.136 0.15825399999999998
0 0.8916618911174785 0.681214625 0.1659999999999999 0.23874499999999999
