0 0.516875 0.5849996666666666 0.03125 0.08583400000000012
0 0.5162890625 0.5728645833333333 0.018125000000000058 0.08333300000000003
0 0.789921875 0.7587503333333334 0.31000000000000005 0.48
0 0.6653125 0.6640100833333333 0.04812499999999997 0.2225
0 0.714140625 0.7194274166666667 0.11499999999999999 0.32749999999999996
0 0.6792578125 0.7574479166666667 0.04250000000000009 0.18666699999999992
0 0.7618359375 0.6880729166666666 0.07750000000000001 0.3425000000000001
0 0.8091796875 0.6103125 0.03874999999999995 0.14083300000000007
0 0.86984375 0.7971878333333334 0.15000000000000002 0.4025
0 0.836640625 0.5656253333333333 0.020625000000000004 0.07416599999999995
0 0.8854296875 0.6236458333333333 0.07000000000000006 0.18416700000000005
