0 0.4795990618556701 0.180953125 0.22937599999999994 0.255333
0 0.13406230780559647 0.397317375 0.224346 0.16800000000000004
0 0.14505581590574373 0.84013575 0.232394 0.21200000000000008
0 0.1555517673048601 0.5569062499999999 0.196177 0.25866700000000004
0 0.13414468630338733 0.27573925 0.13682100000000003 0.133334
0 0.23891767010309278 0.2627158125 0.12374300000000006 0.135334
0 0.3155216539027983 0.829458 0.11368199999999996 0.15733399999999997
0 0.5331057349042709 0.782953125 0.17303799999999997 0.254667
0 0.8054199646539028 0.783234375 0.15694199999999994 0.23066699999999996
0 0.8748369646539029 0.6940703125 0.15794699999999992 0.24466700000000008
