0 0.220703125 0.6213538333333334 0.067969 0.30833400000000005
0 0.095703125 0.6776045 0.192188 0.641666
0 0.1416013125 0.55755175 0.025781 0.05625000000000006
0 0.1634763125 0.5726565833333334 0.025782 0.08125000000000004
0 0.18046900000000002 0.5981770833333334 0.03125 0.1281249999999999
0 0.1970708125 0.5770833333333334 0.010937000000000002 0.041666999999999975
0 0.205859375 0.56276075 0.011719000000000007 0.024999999999999984
0 0.27832056250000003 0.635417 0.06484299999999996 0.3125
0 0.299609375 0.55494825 0.013280999999999987 0.04062499999999999
0 0.3179685 0.5786458333333334 0.016405999999999976 0.057291999999999975
0 0.401953375 0.630208 0.07499999999999996 0.314584
0 0.5494143125 0.4848961666666667 0.21328100000000005 0.16354099999999994
0 0.7025388125 0.5749996666666667 0.04218799999999989 0.11458399999999995
0 0.7474614375 0.6046871666666668 0.06171799999999994 0.16354199999999994
0 0.7826176875 0.6255208333333334 0.03906199999999993 0.11979199999999997
0 0.949219 0.6236975833333332 0.09375 0.3625000000000001
