0 0.05640625 0.5737343572474377 0.1025 0.4652900000000001
0 0.0974609375 0.5914595344070279 0.10875 0.2166979999999999
0 0.1175 0.5841388901903368 0.0625 0.203565
0 0.16640625 0.8433053440702782 0.07125000000000001 0.16697899999999996
0 0.234296875 0.39100893411420207 0.1525 0.5215759999999999
0 0.28140624999999997 0.32312516105417277 0.19562500000000002 0.503752
0 0.28453125 0.8422530863836019 0.10249999999999998 0.16135099999999994
0 0.56109375 0.5055008799414348 0.274375 0.8611629999999999
0 0.5740624999999999 0.5023805490483163 0.2675 0.9915570000000001
0 0.7948828125 0.29512235724743774 0.198125 0.46529099999999995
0 0.7955078125 0.7342423938506589 0.135625 0.395873
0 0.8680078125 0.6861459399707174 0.198125 0.4315199999999999
0 0.8629296875 0.282935074670571 0.13187499999999996 0.3442780000000001
