0 0.92171875 0.23932661126005364 0.08750000000000002 0.137457
0 0.021484375 0.7422750643431636 0.044375 0.06872799999999996
0 0.0244140625 0.35447689008042893 0.05 0.09450199999999996
0 0.0834765625 0.49973251206434316 0.12812500000000002 0.07731999999999993
0 0.089375 0.545917581769437 0.125625 0.06615099999999996
0 0.1015234375 0.8511741340482574 0.029375000000000012 0.05841899999999994
0 0.14015624999999998 0.3484931689008043 0.1025 0.05326500000000001
0 0.1636328125 0.841449581769437 0.04250000000000001 0.06701100000000007
0 0.1816015625 0.8758812037533512 0.03437499999999999 0.04639200000000014
0 0.2620703125 0.8822060991957105 0.02562500000000001 0.06185499999999982
0 0.31703125 0.23750464611260055 0.10250000000000004 0.13402099999999997
0 0.4125390625 0.2913177506702413 0.080625 0.117698
0 0.564921875 0.45495554691689 0.09124999999999994 0.07044700000000004
0 0.591328125 0.40502358176943704 0.06812499999999999 0.06443300000000003
0 0.5909375 0.8612095817694368 0.04749999999999999 0.06615100000000004
0 0.6524609375 0.8416201689008044 0.04625000000000001 0.05154699999999988
0 0.6984765625 0.8204167211796246 0.06499999999999995 0.04553300000000017
0 0.691328125 0.8489373083109919 0.03687499999999999 0.030069000000000127
0 0.7421484375 0.813854616621984 0.06187500000000001 0.06013799999999995
0 0.791328125 0.30024992493297586 0.0668749999999999 0.08848800000000002
0 0.7951171875 0.7916882037533512 0.053749999999999964 0.04725099999999996
0 0.8792578125 0.7507257560321716 0.07250000000000001 0.03865999999999989
0 0.895390625 0.7235446514745308 0.083125 0.05584200000000003
0 0.90359375 0.7014822037533511 0.08625000000000005 0.04639200000000014
0 0.9296875 0.5274617211796248 0.10999999999999999 0.04295499999999982
0 0.91 0.553508273458445 0.06374999999999997 0.035224000000000165
0 0.95484375 0.3818649249329759 0.08750000000000002 0.09106499999999998
0 0.9753125 0.6161566514745309 0.04749999999999999 0.055841999999999954
0 0.9755859375 0.6572896863270777 0.04500000000000004 0.04897000000000004
