0 0.28963575 0.778125 0.08750000000000002 0.15625
0 0.05223958333333334 0.5879296875 0.04999999999999999 0.06875000000000009
0 0.10244758333333333 0.58484375 0.018334 0.05625000000000002
0 0.14572916666666666 0.576875 0.036667000000000005 0.06312499999999999
0 0.471458 0.66546875 0.031666999999999966 0.08687499999999992
0 0.593333 0.95125 0.12749999999999995 0.09499999999999997
0 0.6895315833333333 0.7794921875 0.08249999999999995 0.14812499999999995
0 0.7735934166666666 0.7315625 0.07749999999999997 0.07874999999999999
0 0.8079684166666666 0.7202734375 0.04583400000000015 0.15500000000000003
0 0.8433333333333334 0.5710546875 0.04333299999999992 0.07000000000000006
0 0.8524475833333334 0.71046875 0.018334 0.15000000000000002
0 0.88171875 0.5810546875 0.025832999999999995 0.06874999999999998
0 0.9380725833333333 0.5840234375 0.050834000000000046 0.06187500000000001
