0 0.0766015625 0.4386450588235294 0.09687499999999999 0.13747700000000004
0 0.135 0.4246256470588235 0.031875 0.19114899999999999
0 0.175390625 0.41838417647058823 0.05125000000000002 0.20621399999999995
0 0.2400390625 0.4259171764705883 0.04999999999999999 0.20715599999999984
0 0.3034375 0.41254252941176467 0.07937499999999997 0.270245
0 0.33015625 0.41490282352941177 0.04062500000000002 0.2467039999999999
0 0.3766796875 0.38308641176470587 0.06937499999999996 0.39924699999999996
0 0.4025390625 0.28477082352941174 0.018125000000000002 0.04425599999999995
0 0.410625 0.33413664705882357 0.03312499999999996 0.09039499999999993
0 0.4327734375 0.45404900000000004 0.06187499999999996 0.20150700000000007
0 0.4231640625 0.2955296470588235 0.01874999999999999 0.09039600000000003
0 0.4344140625 0.28128947058823534 0.018125000000000002 0.08474599999999997
0 0.4762109375 0.25422641176470584 0.015000000000000013 0.04990600000000009
0 0.5217578125 0.3705908823529412 0.073125 0.4821089999999999
0 0.5503125 0.246281 0.016249999999999987 0.05084700000000005
0 0.5783203125 0.3128397647058824 0.02562500000000001 0.05932199999999998
0 0.7501953125 0.5065751176470589 0.37 0.5715629999999999
0 0.5913671875 0.24074717647058824 0.02187500000000009 0.05743899999999998
0 0.616875 0.44830235294117643 0.06437500000000007 0.36346500000000004
0 0.680078125 0.3589512941176471 0.130625 0.6789069999999999
0 0.7834765625 0.18633276470588236 0.09750000000000003 0.210923
0 0.841796875 0.2855956470588235 0.028124999999999956 0.038606999999999995
0 0.92609375 0.4392686470588235 0.05624999999999991 0.23917099999999997
0 0.977734375 0.3655343529411765 0.04312499999999997 0.463276
