0 0.7012890625 0.6491827247437775 0.14312499999999995 0.26829299999999984
0 0.022109375 0.6833665959004392 0.044375 0.26360200000000017
0 0.048515625 0.6281597920937042 0.05125 0.22514000000000017
0 0.0951171875 0.5510965959004392 0.085625 0.26547799999999994
0 0.1662109375 0.4156343806734993 0.04625000000000001 0.10131299999999999
0 0.2183984375 0.07360109224011714 0.030000000000000027 0.07129399999999998
0 0.244921875 0.07566044802342607 0.02812500000000001 0.058162
0 0.2932421875 0.4082877979502195 0.05375000000000002 0.13414600000000002
0 0.3199609375 0.4007827979502196 0.04625000000000001 0.13414600000000002
0 0.3103125 0.08012293265007321 0.015625 0.04596699999999999
0 0.33859375 0.0758889633967789 0.02437499999999998 0.067542
0 0.3624609375 0.3885877979502196 0.044999999999999984 0.13320800000000008
0 0.3619921875 0.07250467496339678 0.023125000000000007 0.038460999999999995
0 0.3756640625 0.06664815959004393 0.018125000000000002 0.027204
0 0.4066015625 0.3814946691068814 0.03437499999999999 0.12945600000000002
0 0.4431640625 0.09783267496339677 0.018125000000000002 0.040338
0 0.4710546875 0.3825469267935578 0.03749999999999998 0.1350840000000001
0 0.4721875 0.09678041727672033 0.016250000000000042 0.03470999999999999
0 0.511328125 0.37504192679355786 0.03687499999999999 0.13696099999999997
0 0.5018359375 0.0998930307467057 0.015000000000000013 0.02345199999999999
0 0.5479296875 0.3714742825768667 0.03749999999999998 0.12288900000000005
0 0.6 0.372754055636896 0.03125 0.13883700000000004
0 0.64375 0.37568231332357244 0.03312499999999996 0.14446499999999998
0 0.6746484375 0.370878055636896 0.030625000000000013 0.13789799999999997
0 0.6781640625 0.10616141727672035 0.018749999999999933 0.032833000000000015
0 0.7044921875 0.11126428843338214 0.022500000000000075 0.030019
0 0.882890625 0.3963203133235725 0.05124999999999991 0.14634099999999997
0 0.920625 0.4053595402635431 0.03312499999999996 0.1266410000000001
0 0.944453125 0.40723554026354325 0.03687499999999999 0.1285169999999999
0 0.9653125 0.3992745095168374 0.04749999999999999 0.10412800000000001
0 0.9762109375 0.42224454026354313 0.04562500000000003 0.12758000000000005
