0 0.009765625 0.6708105925925926 0.02 0.19009899999999996
0 0.048828125 0.7484357654320988 0.098125 0.3702969999999999
0 0.07906250000000001 0.7542114320987654 0.048749999999999995 0.19999999999999996
0 0.15726562500000002 0.8300326666666668 0.14625 0.33465399999999995
0 0.3469140625 0.9196190740740742 0.04999999999999999 0.15247499999999986
0 0.3953515625 0.6147903580246913 0.003750000000000031 0.04950499999999995
0 0.41625 0.9378499753086419 0.033125000000000016 0.11881200000000003
0 0.440859375 0.8115268765432099 0.011875000000000024 0.09108899999999998
0 0.4983203125 0.8728453703703704 0.08937499999999998 0.24554499999999999
0 0.6371875 0.8405754074074074 0.14249999999999996 0.31485199999999997
0 0.6023828125 0.7248077777777778 0.010624999999999996 0.059405999999999924
0 0.792265625 0.670743086419753 0.08250000000000002 0.3405940000000001
0 0.81046875 0.5398847530864197 0.05500000000000005 0.17425799999999997
0 0.8546875 0.4793733333333333 0.046875 0.17029700000000003
0 0.9125 0.3288656049382716 0.0625 0.38019800000000004
