0 0.0146484375 0.4325003333333333 0.029375 0.044166000000000004
0 0.0534765625 0.42484375 0.033749999999999995 0.05499999999999994
0 0.12625 0.41765625 0.03187499999999999 0.071667
0 0.25984375000000004 0.43734375 0.149375 0.05666700000000002
0 0.3799609375 0.40781283333333335 0.014375000000000027 0.05750000000000003
0 0.5037109375 0.4424479166666666 0.23249999999999998 0.06166700000000006
0 0.5760156249999999 0.7875003333333334 0.3012500000000001 0.41833300000000007
0 0.5525 0.5351045 0.03249999999999997 0.048333000000000105
0 0.7195703125 0.4479684166666667 0.02562500000000001 0.04499999999999993
0 0.744765625 0.4310934166666667 0.020625000000000004 0.07583399999999996
0 0.7619140625 0.4344274166666667 0.018124999999999947 0.07583299999999997
0 0.9557421875 0.46807325 0.08562500000000006 0.134166
