0 0.12503906250000002 0.6251564444444444 0.08083299999999997 0.3907609999999999
0 0.18020799999999998 0.6307245497076024 0.09416700000000003 0.36454499999999995
0 0.209296875 0.43675653216374266 0.06 0.11985000000000007
0 0.2483466875 0.4703164035087719 0.069166 0.15106099999999997
0 0.2678251875 0.6469216198830409 0.08416699999999999 0.347066
0 0.3169658125 0.6499937251461988 0.07333400000000001 0.320849
0 0.3230595625 0.46504355555555554 0.065834 0.11360800000000001
0 0.38682325 0.6469216198830409 0.07083299999999998 0.347066
0 0.3852470625 0.46860849707602337 0.04999999999999999 0.127341
0 0.4369140625 0.45816059064327486 0.050000000000000044 0.10237199999999999
0 0.45015625 0.6284415380116959 0.07083300000000003 0.365793
0 0.48453125 0.4731096608187135 0.03999999999999998 0.08489400000000001
0 0.51348925 0.6408926081871344 0.07166700000000004 0.34831500000000004
0 0.5343876875 0.4816676023391813 0.03749999999999998 0.10112399999999999
0 0.565390625 0.6375087251461988 0.05166700000000002 0.31960099999999997
0 0.584557625 0.45922853216374265 0.05166599999999999 0.11860200000000005
0 0.6236064375 0.6508147485380117 0.06166700000000003 0.31335799999999997
0 0.6408203125 0.4552366140350877 0.05833299999999997 0.098627
0 0.679583 0.6315136432748538 0.063334 0.3395749999999999
0 0.6910810625 0.4614786140350878 0.050000000000000044 0.09862699999999992
0 0.73625 0.631693701754386 0.0625 0.32709099999999985
0 0.7527998125 0.46129855555555555 0.07416599999999995 0.11360800000000001
0 0.7902734375 0.6401867836257309 0.06166700000000003 0.305867
0 0.83380175 0.6208846783625731 0.08666699999999994 0.33208499999999985
