0 0.0078125 0.496721251830161 0.0175 0.09943700000000012
0 0.1148046875 0.5566804363103953 0.03875000000000001 0.23921199999999992
0 0.2813671875 0.5590748477306002 0.241875 0.361163
0 0.1887890625 0.5909603440702781 0.05000000000000002 0.16791700000000012
0 0.223125 0.6021030863836018 0.0325 0.1632269999999999
0 0.2609375 0.5822551727672035 0.04812500000000003 0.322701
0 0.3431640625 0.5575665592972181 0.11250000000000004 0.3330210000000001
0 0.43640625 0.604137503660322 0.04062500000000002 0.19418400000000002
0 0.4855078125 0.6034971171303074 0.04249999999999993 0.18480300000000005
0 0.5421875 0.48516663836017565 0.046875 0.10788000000000005
0 0.54 0.5269859882869693 0.03312499999999996 0.18292699999999992
0 0.5571484375 0.6035854363103953 0.06125000000000003 0.23827399999999996
0 0.6865625 0.6535856149341143 0.11125000000000007 0.46904300000000004
0 0.702109375 0.6244863938506588 0.07437499999999997 0.3958730000000001
