0 0.3286458333333333 0.3842578125 0.05750000000000003 0.104375
0 0.35458300000000004 0.4089453125 0.06333399999999996 0.12
0 0.4409375 0.321015625 0.04750000000000002 0.11437499999999995
0 0.47234375 0.5022265625 0.05666700000000002 0.09750000000000003
0 0.4696354166666667 0.316875 0.045000000000000005 0.09562499999999996
0 0.482917 0.406875 0.06416600000000001 0.09562500000000002
0 0.5233850833333333 0.5240625 0.06583400000000002 0.11124999999999996
0 0.5948961666666667 0.8285546875 0.161666 0.13124999999999998
0 0.5570315833333334 0.6630859375 0.08250000000000002 0.10750000000000004
0 0.6132288333333333 0.8770703125 0.12083400000000004 0.08875
0 0.6495833333333333 0.614453125 0.106667 0.13
