0 0.29359341666666666 0.9434375 0.07750000000000001 0.11062499999999997
0 0.0546875 0.9221484375 0.110833 0.15437500000000004
0 0.49953091666666666 0.8833203125 0.9983340000000002 0.213125
0 0.21984375 0.9419140625 0.05499999999999997 0.11312500000000003
0 0.2530208333333333 0.894140625 0.027500000000000007 0.05125000000000002
0 0.3500003333333333 0.92234375 0.04333299999999999 0.08687500000000004
0 0.48765658333333334 0.9509765625 0.11416599999999999 0.09625000000000006
0 0.6862499999999999 0.938125 0.06333300000000001 0.09562499999999996
0 0.733542 0.9431640625 0.09583299999999999 0.11187500000000006
0 0.78348925 0.735078125 0.07083399999999991 0.06812499999999999
0 0.8334375 0.731328125 0.04750000000000002 0.06687500000000002
0 0.9213541666666666 0.69921875 0.07000000000000013 0.15000000000000002
