0 0.005859375 0.3564944346549192 0.013125 0.08552600000000002
0 0.039609375 0.3887431483113069 0.04375 0.07894699999999998
0 0.101328125 0.4172907209985316 0.068125 0.09398499999999994
0 0.15382812499999998 0.43508986196769456 0.068125 0.06860899999999993
0 0.14390625 0.30163086196769456 0.039999999999999994 0.06766900000000006
0 0.1478125 0.3799915741556535 0.016874999999999973 0.03853400000000002
0 0.1847265625 0.4057201468428781 0.03437500000000002 0.05827
0 0.1943359375 0.26814957415565344 0.015000000000000013 0.04041399999999994
0 0.2148046875 0.2793074375917768 0.037500000000000006 0.12876
0 0.2325 0.39585057709251104 0.06437499999999999 0.07988699999999994
0 0.2132421875 0.36483671659324524 0.021874999999999978 0.03477500000000002
0 0.30183593750000004 0.5078650146842879 0.139375 0.20770699999999992
0 0.2544921875 0.36465986049926574 0.021875000000000006 0.04793299999999999
0 0.2733203125 0.26333271659324525 0.026874999999999982 0.03477499999999998
0 0.2838671875 0.25428628928046987 0.021874999999999978 0.052632000000000026
0 0.318046875 0.40472014831130687 0.05874999999999997 0.07894800000000005
0 0.3058984375 0.2572231468428781 0.029374999999999984 0.058271000000000024
0 0.3174609375 0.36924200293685755 0.04500000000000004 0.04229300000000001
0 0.3208203125 0.26251057415565343 0.02562500000000001 0.040414000000000026
0 0.356015625 0.2513494317180617 0.020625000000000004 0.046053000000000024
0 0.3664453125 0.2643905741556535 0.02562500000000001 0.04041299999999996
0 0.385 0.2509388604992658 0.033125000000000016 0.049812000000000016
0 0.4100390625 0.2546978604992658 0.018125000000000002 0.047931999999999926
0 0.43609375 0.26521271659324525 0.02437499999999998 0.03477500000000002
0 0.452109375 0.4151748663729809 0.04375000000000001 0.13157900000000008
0 0.4633984375 0.2643905741556535 0.030625000000000013 0.03853400000000002
0 0.4848828125 0.43132758296622614 0.041874999999999996 0.16259400000000002
0 0.547578125 0.49024272980910427 0.12937500000000002 0.21992500000000004
0 0.5124609375 0.44771615418502203 0.04562500000000003 0.15977500000000003
0 0.5798046875 0.38140100440528635 0.03749999999999998 0.06202999999999993
0 0.5895703125 0.3671282878120411 0.026874999999999982 0.031015000000000053
0 0.6324609375 0.38733371806167405 0.04500000000000004 0.05545099999999997
0 0.6345703125 0.3759388604992658 0.026875000000000093 0.04699200000000005
0 0.6553125 0.3671282878120411 0.01750000000000007 0.031015000000000053
0 0.6840234375 0.3717672892804699 0.02937499999999993 0.05075199999999998
0 0.696953125 0.4088907195301028 0.03562500000000002 0.07518800000000003
0 0.8253125 0.6654607430249633 0.26625 0.4050750000000001
0 0.8275 0.48019958296622617 0.09375 0.16353399999999998
0 0.8191015625 0.39949271953010274 0.034375000000000044 0.07518799999999998
0 0.862265625 0.41041800734214384 0.05125000000000002 0.10338300000000011
0 0.8540234375 0.33241114684287815 0.02937500000000004 0.056390999999999976
0 0.8701953125 0.38474943318649046 0.026874999999999982 0.06578900000000001
0 0.919765625 0.4177012922173275 0.05125000000000002 0.09210599999999997
0 0.981875 0.40536643465491917 0.03312499999999996 0.08646599999999999
