0 0.0244140625 0.7643172820512821 0.05 0.1650249999999999
0 0.034453125 0.6588673333333334 0.066875 0.16912899999999997
0 0.101328125 0.5621885384615385 0.068125 0.17898199999999997
0 0.14296875 0.5504923333333334 0.05499999999999999 0.16666699999999995
0 0.18203125 0.8067705384615385 0.070625 0.27750399999999986
0 0.225 0.6999496153846153 0.06437499999999999 0.23234800000000003
0 0.28 0.7113556923076924 0.06312500000000001 0.18555
0 0.3114453125 0.7014592307692308 0.057499999999999996 0.16174000000000013
0 0.3212109375 0.5233802307692307 0.04562499999999997 0.06239700000000003
0 0.3587890625 0.5290705897435898 0.05062500000000003 0.081281
0 0.3775 0.3802067435897436 0.03249999999999997 0.08949099999999999
0 0.401328125 0.7975807948717949 0.06812500000000005 0.2914619999999999
0 0.39453125 0.5256288461538462 0.03937499999999999 0.09277500000000002
0 0.4059765625 0.42853346153846145 0.034999999999999976 0.12397400000000001
0 0.4715625 0.38462823076923086 0.10999999999999999 0.06321799999999994
0 0.4621875 0.8073326923076922 0.07874999999999999 0.2857139999999999
0 0.44390625 0.4505427179487179 0.03937499999999999 0.13793100000000003
0 0.5135546875 0.4384431025641025 0.13249999999999995 0.10673199999999995
0 0.5186328125 0.27000171794871797 0.010624999999999996 0.03612399999999998
0 0.5290625 0.2830366153846154 0.01749999999999996 0.031199000000000025
0 0.5701171875 0.39939405128205124 0.053750000000000075 0.10509000000000004
0 0.583515625 0.2832388205128205 0.05249999999999999 0.041051
0 0.69046875 0.5933875384615385 0.05500000000000005 0.1789819999999999
0 0.7573046875 0.3206458717948718 0.16249999999999998 0.04433499999999992
0 0.7390234375 0.589181435897436 0.06062500000000004 0.17405599999999996
0 0.7446484375 0.3964821794871794 0.030000000000000027 0.060755000000000114
0 0.767421875 0.40002502564102566 0.028749999999999942 0.05336600000000005
0 0.7796875 0.4128455384615385 0.046875 0.07881800000000003
0 0.8697265625 0.31730423076923076 0.06562499999999993 0.06321900000000004
0 0.9053515625 0.3961222307692308 0.03374999999999995 0.06239700000000003
0 0.9089453125 0.3340407179487179 0.026249999999999996 0.03612500000000001
0 0.951640625 0.3768661025641026 0.05125000000000002 0.10673200000000002
0 0.9882421875 0.4291654358974359 0.021874999999999978 0.07389100000000005
