0 0.571875 0.515766703601108 0.0625 0.11529900000000001
0 0.046484874999999995 0.49387924653739607 0.05937500000000001 0.08425700000000015
0 0.1029296875 0.49027053739612186 0.07031199999999999 0.10421299999999999
0 0.19921824999999999 0.49997249584487535 0.07187600000000002 0.09977800000000007
0 0.28828125 0.5130032880886427 0.07187500000000002 0.08647399999999995
0 0.3537109375 0.5188289972299169 0.04531300000000005 0.06651799999999995
0 0.44765625 0.49719574515235454 0.07187500000000002 0.11751699999999995
0 0.466015625 0.4800354986149584 0.020311999999999997 0.035476000000000014
0 0.515625 0.4916555789473684 0.0625 0.10643100000000001
0 0.635546375 0.5152202880886427 0.07499999999999996 0.08647399999999995
0 0.72265625 0.5221454958448754 0.07187500000000002 0.10199499999999996
0 0.8093745 0.5188166620498614 0.07968799999999998 0.11086400000000002
0 0.9607416875000001 0.5155114986149585 0.037500999999999785 0.035477000000000085
