0 0.0712890625 0.4963393147877013 0.144531 0.622255
0 0.1542965 0.5095169648609078 0.14257799999999998 0.547584
0 0.2607425 0.4963394128843338 0.10937500000000003 0.6002929999999999
0 0.32324200000000003 0.5358713821376281 0.15625000000000003 0.579795
0 0.3427738125 0.4890191244509517 0.105468 0.572474
0 0.4521489375 0.5329431859443631 0.17089799999999994 0.6193259999999999
0 0.59082025 0.5095173206442166 0.10156299999999996 0.5314780000000001
0 0.6396488124999999 0.5036605226939971 0.07324200000000003 0.4011710000000001
0 0.8027340625 0.5139093938506588 0.08105499999999999 0.398243
0 0.8662112499999999 0.5080527130307467 0.07128900000000016 0.44948799999999994
0 0.9423828750000001 0.4992674553440703 0.0908199999999999 0.4421670000000001
0 0.975586375 0.5461198111273792 0.04492099999999999 0.42899000000000004
