0 0.3291015625 0.5478071693989072 0.03437499999999999 0.11985999999999995
0 0.352734375 0.49764460109289615 0.011875000000000024 0.013998000000000066
0 0.369609375 0.5587361311475411 0.012499999999999956 0.14173199999999997
0 0.39953125 0.5119041639344263 0.00874999999999998 0.05161899999999997
0 0.428125 0.5827269344262296 0.033125000000000016 0.18110299999999996
0 0.4562109375 0.5304314863387978 0.014374999999999971 0.08049000000000008
0 0.4761328125 0.4897706010928961 0.011249999999999982 0.014873000000000032
0 0.4803125 0.5317976065573771 0.015625 0.08223899999999996
0 0.4866015625 0.49239460109289623 0.003750000000000031 0.013998999999999949
0 0.4998046875 0.5241992459016394 0.006250000000000033 0.075241
0 0.506875 0.5027252021857924 0.0012500000000000844 0.02799599999999998
0 0.5191796875 0.5115202841530055 0.007500000000000062 0.05336899999999998
0 0.547734375 0.5003156830601092 0.012499999999999956 0.039370000000000106
0 0.5966796875 0.6665664644808742 0.06874999999999998 0.30708599999999997
0 0.6140234375 0.6946236229508197 0.06187500000000001 0.28696400000000005
0 0.7126171875 0.6764661038251366 0.05437499999999995 0.2983379999999999
