0 0.30693914202049777 0.545546875 0.301126 0.65375
0 0.021961932650073207 0.4055859375 0.045028 0.20187499999999997
0 0.09317811713030746 0.4701171875 0.18480300000000002 0.3350000000000001
0 0.13291989019033676 0.450078125 0.20262699999999995 0.348125
0 0.1217407057101025 0.328203125 0.061913999999999976 0.06812499999999999
0 0.5293457437774524 0.5407421875 0.47185699999999997 0.553125
0 0.5868396325036603 0.3015625 0.19699799999999987 0.109375
0 0.6538814421669108 0.4111328125 0.14915599999999996 0.2925
0 0.8851947920937042 0.44839843749999997 0.22514100000000015 0.49875
0 0.908673730600293 0.42125 0.17823599999999998 0.43937499999999996
