0 0.0224609375 0.8673213333333334 0.045714 0.106667
0 0.103515625 0.8704611666666667 0.208571 0.255238
0 0.0749945625 0.31296908333333334 0.097143 0.25333300000000003
0 0.08801325000000002 0.9423065 0.07142899999999999 0.11047599999999995
0 0.11381725 0.8309378333333334 0.039999999999999994 0.08952299999999995
0 0.1355523125 0.7836310000000001 0.025714000000000015 0.06285700000000001
0 0.154107 0.9528418333333333 0.06285700000000002 0.08952400000000009
0 0.1838899375 0.8539659166666667 0.045714000000000005 0.15428600000000006
0 0.24626087500000002 0.6761751666666668 0.12285699999999997 0.255239
0 0.31403975 0.9138093333333334 0.212858 0.16761900000000005
0 0.2949381875 0.9023813333333334 0.054286 0.16761900000000005
0 0.323582875 0.1796060833333333 0.06 0.09714200000000002
0 0.3434375 0.90450125 0.04714299999999999 0.13523799999999989
0 0.40125 0.87231375 0.06428599999999995 0.15047599999999997
0 0.3985546875 0.9096133333333333 0.03857100000000002 0.13714300000000001
0 0.45058050000000005 0.2264810833333333 0.048570999999999975 0.190476
0 0.5079405625 0.9136158333333334 0.06571500000000002 0.15238099999999996
0 0.7032530625 0.9354839166666666 0.45571500000000004 0.12380900000000006
0 0.5249381875 0.18032766666666666 0.054285999999999945 0.05333300000000002
0 0.5781749375 0.16255933333333333 0.04571499999999995 0.10476200000000001
0 0.5999663749999999 0.9534447500000001 0.07428600000000007 0.08761899999999996
0 0.6047038125 0.7646354166666667 0.07285799999999998 0.17142900000000014
0 0.6276508125 0.9104311666666667 0.04142800000000002 0.10095299999999992
0 0.714252375 0.800417 0.07428599999999996 0.18857099999999974
0 0.9297883750000001 0.09765625 0.13714199999999976 0.19619
