0 0.2539061875 0.6206028844221105 0.05371100000000001 0.15326600000000004
0 0.3193359375 0.6281403869346733 0.045897999999999994 0.19095499999999993
0 0.333983875 0.42462262814070356 0.028320999999999985 0.05276399999999997
0 0.37792950000000003 0.6055277587939698 0.04882799999999993 0.14321600000000007
0 0.3964848125 0.3165824422110553 0.041991999999999974 0.07537699999999996
0 0.439452625 0.6407038894472362 0.050781999999999994 0.23366799999999993
0 0.5009760624999999 0.6180903869346734 0.049805000000000044 0.190955
0 0.5468753125000001 0.40703520100502505 0.12011699999999997 0.2185930000000001
0 0.6708986874999999 0.32663287939698493 0.03906200000000015 0.072865
0 0.7011719375 0.6180906331658292 0.045898000000000105 0.13316599999999992
0 0.7324222499999999 0.3266334422110553 0.04003900000000005 0.08040199999999996
0 0.73339875 0.43216106532663323 0.025390000000000024 0.050250999999999935
0 0.7617188125 0.6105528844221105 0.04101600000000005 0.15326599999999999
0 0.8457028125000001 0.5854275075376885 0.04101599999999994 0.12311499999999996
0 0.8720702499999999 0.5854275075376885 0.03906300000000007 0.12311499999999996
0 0.9746090000000001 0.3366831909547739 0.03125 0.05527700000000005
