0 0.481875 0.32909493411420204 0.12500000000000006 0.523452
0 0.01953125 0.1595805402635432 0.04 0.12664200000000003
0 0.048828125 0.3422625900439239 0.098125 0.354597
0 0.20921875 0.318442878477306 0.14875 0.38461499999999993
0 0.229765625 0.15745008638360175 0.05250000000000002 0.16322699999999998
0 0.33484375 0.2670581727672035 0.15000000000000002 0.322701
0 0.338828125 0.11457847877013178 0.0675 0.080675
0 0.4257421875 0.2358554363103953 0.085625 0.23827399999999999
0 0.4503515625 0.08384999414348464 0.03437499999999999 0.091932
0 0.57109375 0.12297731918008785 0.05625000000000002 0.055346999999999986
0 0.5921484375 0.3024075592972182 0.09250000000000003 0.33208200000000004
0 0.5790234375 0.08428780380673499 0.02937500000000004 0.04221400000000001
0 0.604921875 0.07007660761347 0.028124999999999956 0.08255099999999999
0 0.6765625 0.2797793016105417 0.1100000000000001 0.327392
0 0.7220703125 0.14340502489019033 0.057499999999999996 0.11538500000000003
0 0.724375 0.06440344802342607 0.03249999999999997 0.05816199999999999
0 0.76578125 0.2795507862371889 0.07062500000000005 0.315197
0 0.8130078125 0.2773866764275256 0.104375 0.516885
0 0.9156640625 0.25744865739385064 0.11187500000000006 0.31332100000000007
