0 0.5093741931464174 0.45590562500000004 0.136713 0.17726399999999992
0 0.2337168566978193 0.6267818125 0.258064 0.22928700000000002
0 0.2863528722741433 0.6664656875 0.31643699999999997 0.256262
0 0.2515904143302181 0.4935444375 0.17665099999999995 0.186898
0 0.49074750155763236 0.30678 0.10752699999999998 0.06262000000000001
0 0.7152473582554517 0.6646306249999999 0.3640560000000001 0.2707130000000001
0 0.6727606355140187 0.4589146875 0.21505399999999997 0.1936420000000001
0 0.749479105919003 0.4861423125 0.20430200000000015 0.08959500000000004
0 0.8013619875389407 0.5048411875 0.15514600000000006 0.14739899999999995
0 0.8153384143302179 0.598209875 0.17665100000000009 0.27842
0 0.8364127663551402 0.9609219999999999 0.1136710000000001 0.06358399999999997
0 0.9419298535825543 0.5295059375 0.04454700000000009 0.23410399999999998
0 0.9771743239875389 0.5657965 0.03379400000000014 0.3285159999999999
