0 0.1640625 0.5438657647058823 0.328125 0.909604
0 0.0664453125 0.22887423529411763 0.11999999999999998 0.242938
0 0.264609375 0.4985294117647059 0.481875 0.9990579999999999
0 0.3991796875 0.4985294117647059 0.35125000000000006 0.9990579999999999
0 0.4935546875 0.5212028823529412 0.25625 0.932204
0 0.585546875 0.5214352352941176 0.21499999999999997 0.943503
0 0.6548046875 0.5664753529411765 0.13187499999999996 0.862524
0 0.7111328125 0.5859114117647058 0.16625 0.797552
0 0.73984375 0.6081618823529411 0.08750000000000002 0.7806019999999999
0 0.7724609375 0.6154837058823529 0.07687500000000003 0.6751420000000001
0 0.821875 0.6117061176470587 0.06312499999999999 0.7222230000000002
0 0.8404296875 0.6335024705882353 0.06874999999999998 0.6327680000000001
0 0.8553125 0.5600998235294118 0.04874999999999996 0.4463279999999999
0 0.88296875 0.5134951176470589 0.024375000000000036 0.42278800000000005
0 0.884765625 0.7614631764705881 0.020625000000000004 0.05838000000000007
