0 0.695312375 0.5374452085168869 0.231445 0.922173
0 0.052734375 0.6005871439060205 0.011719000000000007 0.014684999999999955
0 0.1162109375 0.6167397165932452 0.045897999999999994 0.0337739999999999
0 0.16992137499999999 0.6093975741556534 0.011719000000000007 0.0396480000000001
0 0.5146481249999999 0.6079298604992658 0.036133000000000026 0.04845799999999996
0 0.5722652500000001 0.5991194302496329 0.007812999999999959 0.02496300000000006
0 0.6093748125 0.694567302496329 0.04101599999999994 0.2364169999999999
0 0.7314455 0.625550718061674 0.017577999999999983 0.054332000000000075
0 0.9667965000000001 0.7063141585903083 0.047852000000000006 0.223201
0 0.9687496250000001 0.7121880190895742 0.05078199999999988 0.268722
