0 0.2831640625 0.6934330176211455 0.050000000000000044 0.24929399999999996
0 0.021484375 0.5712074361233479 0.04375 0.10724400000000017
0 0.046875 0.776791725403818 0.095625 0.15804299999999996
0 0.0804296875 0.6667257254038179 0.09999999999999999 0.15616199999999997
0 0.0944140625 0.5311472878120411 0.01937499999999999 0.030103000000000053
0 0.15203125 0.638413007342144 0.10249999999999998 0.10536199999999996
0 0.19339843750000002 0.8748343010279002 0.15499999999999997 0.214487
0 0.173515625 0.5640491483113068 0.020625000000000004 0.07902200000000001
0 0.182734375 0.5424362878120411 0.012499999999999983 0.031043999999999995
0 0.2346484375 0.8011127283406755 0.0925 0.19849499999999992
0 0.2294921875 0.6605991556534508 0.05375000000000002 0.18156200000000003
0 0.28359375 0.8033855800293687 0.05625000000000002 0.12229499999999992
0 0.280234375 0.540967859030837 0.012500000000000011 0.029162000000000028
0 0.3525390625 0.8277065829662261 0.14375 0.161806
0 0.291484375 0.5403255726872246 0.011874999999999969 0.019754999999999974
0 0.3224609375 0.545670859030837 0.015000000000000013 0.02728200000000002
0 0.3562109375 0.6497020073421438 0.07687500000000003 0.1044210000000001
0 0.328984375 0.5406691453744493 0.011875000000000024 0.03668900000000008
0 0.340859375 0.5454421439060205 0.012499999999999956 0.01599200000000002
0 0.3857421875 0.6251040102790015 0.05375000000000002 0.14487299999999986
0 0.3896875 0.551315859030837 0.015625 0.029162000000000028
0 0.415859375 0.811508007342144 0.04375000000000001 0.10442099999999993
0 0.43734375 0.9083798678414097 0.08750000000000002 0.15051800000000012
0 0.4433984375 0.6284327195301027 0.06187499999999996 0.07525800000000009
0 0.450390625 0.8780012936857563 0.05125000000000002 0.11194799999999998
0 0.479453125 0.7746578707782674 0.09812500000000007 0.19285
0 0.446015625 0.5545504302496328 0.019999999999999962 0.026341000000000083
0 0.4644921875 0.5454870029368576 0.02250000000000002 0.042333000000000016
0 0.4778125 0.4429021439060206 0.01687500000000003 0.016932999999999962
0 0.4800390625 0.5463131453744494 0.018125000000000002 0.036689
0 0.4842578125 0.5576711439060206 0.010000000000000009 0.016933000000000045
0 0.5088671874999999 0.4693338619676946 0.021875000000000033 0.0677329999999999
0 0.5328125 0.5624900014684289 0.015625 0.020695999999999912
0 0.5533203125 0.5467267165932452 0.026874999999999982 0.03480700000000003
0 0.58078125 0.7521730088105726 0.07062499999999994 0.12417600000000006
0 0.581875 0.6584884405286343 0.06437499999999996 0.16839200000000012
0 0.5757421875 0.5601954302496328 0.02187500000000009 0.02634000000000002
0 0.5807421875 0.4712148619676945 0.023125000000000062 0.06773300000000007
0 0.6009375 0.44877585903083705 0.015625 0.027280999999999958
0 0.62828125 0.6929045888399412 0.07187500000000002 0.24553200000000008
0 0.6380859375 0.5521868604992658 0.014375000000000027 0.04797799999999994
0 0.7798046875 0.7970765741556534 0.038124999999999964 0.04045100000000005
0 0.835234375 0.7970765741556534 0.04312500000000008 0.04045100000000005
