0 0.8177734375 0.521046462555066 0.09250000000000003 0.4760110000000002
0 0.159375 0.5101724537444935 0.0625 0.354656
0 0.2078515625 0.5032646005873715 0.09624999999999997 0.4111009999999999
0 0.320625 0.4970473127753304 0.06312499999999999 0.379116
0 0.35109375 0.45042530396475766 0.024375000000000036 0.25682000000000005
0 0.3791015625 0.45919001762114536 0.03500000000000003 0.24929400000000002
0 0.413125 0.4690564478707783 0.03187499999999999 0.27187199999999995
0 0.445703125 0.4686887356828194 0.03562500000000002 0.30103499999999994
0 0.4821875 0.4745624508076358 0.04749999999999999 0.31232299999999996
0 0.530234375 0.4819045947136564 0.043749999999999956 0.32737499999999997
0 0.5776171875 0.4930097386196769 0.053749999999999964 0.34336800000000006
0 0.6266015625 0.49117359765051394 0.06562500000000004 0.36782700000000007
0 0.69890625 0.5058578854625551 0.07187500000000002 0.398871
0 0.7362109375 0.4900728810572687 0.04500000000000004 0.33584200000000003
0 0.8133203125 0.3405218604992658 0.026874999999999982 0.04797800000000002
0 0.9083984375 0.5142100279001468 0.0931249999999999 0.3932260000000001
0 0.88140625 0.3536928604992658 0.008125000000000049 0.049857999999999986
0 0.9651171875 0.36204400293685757 0.023125000000000062 0.04139299999999993
0 0.977109375 0.5145777400881058 0.04375000000000007 0.3612410000000001
