0 0.6006640625 0.664667654676259 0.17562499999999992 0.522099
0 0.1419140625 0.49928057553956834 0.175625 0.999079
0 0.17328125 0.6606316474820143 0.071875 0.2734810000000001
0 0.226484375 0.29927841007194245 0.074375 0.5082869999999999
0 0.33203125 0.5730399496402878 0.226875 0.267955
0 0.451953125 0.2738330071942446 0.03687499999999999 0.24954000000000007
0 0.4790625 0.2811397841726619 0.04750000000000004 0.17771699999999996
0 0.580546875 0.3692519136690648 0.15374999999999994 0.23204400000000003
0 0.7324609375 0.7834494892086329 0.389375 0.4300180000000001
0 0.8357421875 0.2771655827338129 0.02187500000000009 0.046961000000000024
0 0.8640234375 0.3038701654676259 0.02937500000000004 0.093923
0 0.8672265625 0.32211282733812946 0.034375000000000044 0.06169400000000004
0 0.975703125 0.3428332014388489 0.03562500000000002 0.130755
