0 0.078125 0.6870033391812865 0.095 0.41947500000000004
0 0.1398046875 0.6953153625730994 0.1 0.4119849999999999
0 0.13527343749999998 0.360042947368421 0.06125000000000001 0.265918
0 0.1555859375 0.4395159707602339 0.07750000000000001 0.25842699999999996
0 0.1999609375 0.6754062222222222 0.10875000000000001 0.445692
0 0.18765625 0.3044873918128655 0.07125000000000001 0.15730400000000003
0 0.22625 0.41283906432748546 0.06374999999999997 0.23970100000000005
0 0.2452734375 0.28868536842105263 0.06125 0.16104899999999997
0 0.2622265625 0.6807932690058479 0.06625 0.434457
0 0.27375 0.24784848538011697 0.0625 0.131086
0 0.29 0.4244361812865497 0.0625 0.2097380000000001
0 0.3168359375 0.30869329824561403 0.07624999999999998 0.17603000000000008
0 0.3218359375 0.6887441754385965 0.07624999999999998 0.4606739999999999
0 0.3441796875 0.4352122748538012 0.06874999999999998 0.18352099999999993
0 0.34328125 0.24328146198830408 0.040000000000000036 0.13857700000000003
0 0.38765625 0.3145412514619883 0.07125000000000004 0.19101100000000007
0 0.3953125 0.679972245614035 0.07874999999999999 0.44194799999999995
0 0.4084765625 0.4376763450292398 0.06625000000000003 0.16853999999999994
0 0.4109375 0.2295813918128655 0.04749999999999999 0.153558
0 0.4441796875 0.30997422807017544 0.06875000000000003 0.19850200000000007
0 0.4617578125 0.6866412222222222 0.10375000000000006 0.445693
0 0.467109375 0.438859485380117 0.07500000000000001 0.131086
0 0.4610546875 0.21460039181286553 0.03749999999999998 0.15355799999999997
0 0.4988671875 0.317925134502924 0.05375000000000002 0.21722799999999998
0 0.5233984375 0.6862801052631579 0.09249999999999997 0.47940099999999997
0 0.5078515625 0.22327353216374266 0.034999999999999976 0.11985
0 0.5301171875 0.42972643859649123 0.053749999999999964 0.146067
0 0.54203125 0.21660455555555555 0.040000000000000036 0.11235899999999997
0 0.5597265625 0.30494729824561406 0.06625000000000003 0.17603
0 0.5828125 0.6978772222222223 0.08000000000000007 0.44943900000000003
0 0.588203125 0.42982422807017545 0.0675 0.19475699999999996
0 0.5929296875 0.21131529824561407 0.06874999999999998 0.179775
0 0.6228125 0.29873822807017547 0.07874999999999999 0.19850199999999993
0 0.642734375 0.6891052923976608 0.10625000000000007 0.4269669999999999
0 0.6509765625 0.42936432163742694 0.06625000000000003 0.172285
0 0.6625 0.23871443859649127 0.0625 0.146068
0 0.6704296875 0.2958142514619883 0.07000000000000006 0.191011
0 0.7091015625 0.7011633157894737 0.09624999999999995 0.4232209999999999
0 0.7019140625 0.42233422807017545 0.050000000000000044 0.19850199999999998
0 0.7071875 0.21506029824561404 0.04875000000000007 0.17603
0 0.769296875 0.6837172456140351 0.12124999999999997 0.44194799999999995
0 0.7413671875 0.28247629824561404 0.053750000000000075 0.17603
0 0.77171875 0.4107361111111111 0.08750000000000002 0.22472
0 0.785 0.2174255789473684 0.06374999999999997 0.10861399999999999
0 0.8248828125 0.6845392690058479 0.135 0.4344569999999999
0 0.7952734375 0.29535434502923974 0.06125000000000003 0.16479400000000002
0 0.8283984375 0.40406713450292403 0.09250000000000003 0.220974
0 0.867890625 0.6783301988304093 0.11499999999999999 0.4531829999999999
0 0.8580859375 0.26713318128654967 0.07625000000000004 0.20973800000000004
0 0.8999609375 0.4244361812865497 0.10750000000000004 0.205993
0 0.9342578125 0.6807932690058479 0.10375000000000001 0.4382029999999999
