0 0.0694921875 0.5871014353741496 0.085 0.4422659999999998
0 0.2007421875 0.7260019931972789 0.084375 0.41830000000000017
0 0.29304687500000004 0.6739807142857143 0.09124999999999997 0.42919399999999985
0 0.445078125 0.5452852380952381 0.06812499999999999 0.47930199999999995
0 0.531484375 0.6103775170068027 0.07562499999999994 0.46841000000000016
0 0.6452734375 0.310724387755102 0.09312500000000001 0.348584
0 0.653984375 0.6507046326530611 0.07562500000000005 0.411765
0 0.7715234375 0.5505978775510204 0.06062500000000004 0.47058799999999995
0 0.827265625 0.49973294557823134 0.05249999999999999 0.3246189999999999
0 0.9314453125 0.5338135646258504 0.08812500000000001 0.5620910000000001
