0 0.2484375 0.6721286032210835 0.20375000000000001 0.65197
0 0.3887890625 0.8969337613469985 0.04999999999999999 0.19981299999999994
0 0.4365234375 0.9091988594436311 0.06187500000000001 0.17917500000000003
0 0.4417578125 0.7543534787701318 0.04249999999999998 0.08067499999999982
0 0.437890625 0.5906445095168374 0.020625000000000004 0.10412700000000008
0 0.4957421875 0.9019223748169839 0.053749999999999964 0.19043200000000005
0 0.4915234375 0.7526348960468521 0.030624999999999958 0.11163200000000004
0 0.513125 0.9470032518301612 0.06437500000000002 0.09849899999999981
0 0.52703125 0.7449023806734992 0.03937500000000005 0.10225100000000005
0 0.5580859375 0.8920594055636896 0.04499999999999993 0.21388400000000013
0 0.565 0.6870389941434847 0.03125 0.09193299999999997
0 0.58953125 0.8128485344070279 0.040000000000000036 0.2195119999999999
0 0.601171875 0.9484673806734994 0.05999999999999994 0.10037499999999992
0 0.615703125 0.8947601478770132 0.06687500000000002 0.20825500000000013
0 0.6776953125 0.9231124421669106 0.057499999999999996 0.1491560000000002
0 0.67796875 0.6968059267935579 0.024375000000000036 0.13508400000000004
0 0.7148046875 0.7861255036603221 0.03749999999999998 0.19606000000000007
0 0.7325390625 0.9078489882869691 0.050000000000000044 0.1819890000000002
0 0.7616796875 0.9475293806734992 0.06999999999999995 0.10131300000000015
0 0.774453125 0.8390973133235725 0.03562500000000002 0.1463409999999999
0 0.8070703125 0.9281010556368962 0.057499999999999996 0.13977499999999998
0 0.8240234375 0.8052562152269398 0.06187500000000001 0.1651030000000001
0 0.8284765625 0.9145993440702783 0.06562499999999993 0.167918
