0 0.013671875 0.5790104166666666 0.028125 0.14000000000000004
0 0.419921875 0.4908336666666666 0.840625 0.334166
0 0.03328125 0.5625 0.04 0.12583299999999994
0 0.080625 0.3671357499999999 0.03125 0.08750000000000002
0 0.153125 0.4031770833333333 0.0325 0.09666699999999999
0 0.1659765625 0.39838508333333333 0.035 0.06666699999999996
0 0.1776953125 0.5584371666666667 0.05687499999999998 0.13083400000000012
0 0.17359375 0.4680211666666667 0.02375000000000002 0.06916599999999999
0 0.2452734375 0.4366666666666667 0.03 0.08583299999999998
0 0.3579296875 0.4756770833333333 0.03750000000000003 0.09666700000000006
0 0.3673828125 0.04598925 0.04250000000000004 0.070834
0 0.3581640625 0.04781283333333333 0.018125000000000002 0.059166
0 0.3584375 0.1985940833333333 0.016874999999999973 0.035833000000000004
0 0.3818359375 0.048749999999999995 0.014375000000000027 0.0625
0 0.4443359375 0.3622913333333333 0.015000000000000013 0.0741670000000001
0 0.4576953125 0.4981770833333334 0.026874999999999982 0.09833299999999993
0 0.6489453125 0.4933336666666666 0.02562500000000001 0.08416600000000003
0 0.6613671875 0.3965100833333333 0.02312499999999995 0.09666699999999999
0 0.6762890625 0.10364583333333333 0.01937500000000003 0.05833299999999999
0 0.6918359375 0.42213575000000003 0.014374999999999916 0.088333
0 0.6956640625 0.11125 0.018124999999999947 0.06499999999999999
0 0.7212890625 0.3724996666666667 0.01937500000000003 0.08333400000000002
0 0.7658984375 0.43703158333333336 0.030625000000000013 0.08250000000000002
0 0.82 0.4584378333333334 0.0318750000000001 0.08916600000000001
0 0.8278125 0.9314062499999999 0.0475000000000001 0.13416700000000015
0 0.8251171875 0.014322916666666666 0.02187500000000009 0.03
0 0.8574609375 0.029843750000000002 0.014375000000000027 0.056666999999999995
