0 0.2486328125 0.9224003343108504 0.10437500000000002 0.15384599999999993
0 0.4990234375 0.6157536715542521 0.999375 0.7645400000000002
0 0.1204296875 0.5035243079178885 0.007500000000000007 0.03658500000000006
0 0.1748828125 0.5282054809384165 0.011249999999999982 0.029080999999999895
0 0.2141796875 0.46054492961876836 0.0062500000000000056 0.020637999999999886
0 0.229609375 0.5474406862170088 0.011874999999999997 0.05065699999999998
0 0.4280859375 0.5142530322580644 0.015000000000000013 0.0328330000000001
0 0.450390625 0.6020867888563051 0.02124999999999999 0.06285099999999996
0 0.461328125 0.5207014809384164 0.005625000000000047 0.029080000000000085
0 0.4765625 0.5140159296187684 0.016249999999999987 0.023452999999999873
0 0.4969921875 0.6139261348973607 0.021875000000000033 0.04596699999999999
0 0.5172265625 0.5153095835777126 0.003750000000000031 0.0403370000000001
