0 0.35859375 0.5812072458100558 0.08750000000000002 0.1651179999999999
0 0.18507812499999998 0.5658764692737431 0.13 0.13009299999999985
0 0.2115234375 0.8052020614525139 0.0925 0.1408139999999999
0 0.200625 0.3671075083798883 0.03125 0.07576799999999995
0 0.35484375 0.8040847430167598 0.14875 0.13867
0 0.481640625 0.12005841899441341 0.05124999999999996 0.08934999999999997
0 0.5309375000000001 0.3347754245810056 0.14250000000000002 0.13724100000000003
0 0.4854296875 0.6138368212290503 0.03875000000000001 0.027877000000000037
0 0.4846484375 0.525965687150838 0.030000000000000027 0.048606000000000045
0 0.5285546875 0.5723370502793297 0.03749999999999998 0.0443169999999999
0 0.556796875 0.8107886536312849 0.09000000000000008 0.15296600000000005
0 0.5523828125 0.1272064189944134 0.07374999999999998 0.08720499999999998
0 0.573984375 0.6192013687150839 0.04437500000000005 0.04646199999999998
0 0.6829296875 0.3384329664804469 0.10062499999999996 0.10578900000000005
0 0.826640625 0.33714146927374306 0.145625 0.130093
0 0.8312890625 0.5664600614525139 0.11250000000000004 0.142244
0 0.7846875 0.8232381452513966 0.016874999999999973 0.07862700000000002
0 0.82703125 0.1383307374301676 0.07062500000000005 0.090779
