0 0.2651953125 0.4145561844802343 0.08812500000000001 0.14165099999999992
0 0.3521875 0.44251482869692527 0.07937500000000003 0.1557220000000001
0 0.4273828125 0.5023243133235724 0.073125 0.144465
0 0.5044140625 0.4916193806734993 0.08062500000000006 0.100375
0 0.5276953125 0.4036851171303074 0.057499999999999996 0.18667899999999998
0 0.5773828125 0.48015208638360174 0.073125 0.16322700000000007
0 0.67203125 0.4316696998535871 0.13437500000000002 0.1538460000000001
0 0.7410546875 0.6765019824304539 0.13249999999999995 0.272983
0 0.7659765625 0.35418591508052705 0.06499999999999995 0.317073
0 0.805 0.3461989458272328 0.12687499999999996 0.342402
0 0.846875 0.5476327057101024 0.06374999999999997 0.061913000000000024
0 0.861875 0.6758261537335285 0.0631250000000001 0.1172610000000001
0 0.9305078125 0.626134878477306 0.13624999999999998 0.3846149999999998
0 0.94703125 0.4147836998535871 0.10312500000000002 0.153846
0 0.972890625 0.3050276998535871 0.051875000000000004 0.153846
