0 0.0654296875 0.4634134647519582 0.13125 0.15969899999999998
0 0.0274609375 0.3584595248041775 0.045000000000000005 0.07525100000000004
0 0.1476953125 0.580717276762402 0.275625 0.34364500000000003
0 0.0628515625 0.4001482872062663 0.065625 0.11036800000000004
0 0.0991796875 0.35772649086161884 0.03874999999999999 0.07943099999999999
0 0.1183203125 0.4103862193211489 0.057499999999999996 0.12040199999999994
0 0.33171875 0.7931203524804177 0.46249999999999997 0.4096989999999999
0 0.171953125 0.3809325587467363 0.06687499999999999 0.06856199999999997
0 0.23328125 0.38207645691906006 0.101875 0.08444799999999998
0 0.2671484375 0.47142321932114883 0.12374999999999997 0.12207399999999995
0 0.2406640625 0.3144381514360313 0.04999999999999999 0.132943
0 0.2867578125 0.36029410966057435 0.04250000000000004 0.06187199999999998
0 0.3141015625 0.41623921932114877 0.09750000000000003 0.12207400000000002
0 0.322734375 0.3800379399477807 0.07437499999999997 0.087792
0 0.415078125 0.5618399895561358 0.25499999999999995 0.2341139999999999
0 0.3587890625 0.3637410757180157 0.050000000000000044 0.06772500000000001
0 0.3869140625 0.36802404177545694 0.049375 0.07274199999999996
0 0.4010546875 0.3980654229765013 0.06937500000000002 0.09113700000000001
0 0.460546875 0.4502847441253264 0.08999999999999997 0.19481599999999993
0 0.4827734375 0.3725715587467363 0.02999999999999997 0.06856199999999997
0 0.500625 0.41354155874673626 0.06312499999999999 0.06856199999999997
0 0.5696484375 0.44748411749347256 0.12374999999999992 0.13628699999999994
0 0.534765625 0.3613936605744126 0.051875000000000004 0.052675999999999897
0 0.578125 0.3880314229765013 0.03312499999999996 0.09113800000000001
0 0.60265625 0.4191733550913838 0.07062500000000005 0.09949900000000006
0 0.688984375 0.5388832010443865 0.20062500000000005 0.2775919999999999
0 0.6465234375 0.3835435248041776 0.06062500000000004 0.07441500000000001
0 0.8001171875 0.7464717415143604 0.33499999999999996 0.5033449999999999
0 0.7062109375 0.44342135509138386 0.13937500000000003 0.10116999999999991
0 0.694453125 0.3664106605744125 0.036250000000000004 0.053512000000000046
0 0.731953125 0.3965550078328982 0.03687499999999999 0.07608699999999993
0 0.7794921875 0.39822700783289816 0.053749999999999964 0.07775900000000009
0 0.7904296875 0.3840716266318538 0.03875000000000006 0.058529
0 0.8162890625 0.47831715143603143 0.08062500000000006 0.131271
0 0.8641796875 0.4507847702349869 0.03875000000000006 0.11371199999999998
0 0.914765625 0.5139913289817232 0.11499999999999999 0.18060199999999996
0 0.9021875 0.4124996266318538 0.04812499999999997 0.058529
0 0.94640625 0.4377146684073107 0.07062500000000005 0.129598
