0 0.4990234375 0.8583476373626373 0.999375 0.27784300000000006
0 0.061640625000000004 0.6301806483516484 0.08374999999999999 0.30011699999999997
0 0.1484375 0.6325256483516483 0.078125 0.30011699999999997
0 0.2228125 0.6092991391941391 0.079375 0.2790160000000001
0 0.300234375 0.6214651208791209 0.075625 0.242673
0 0.3823828125 0.6147231282051282 0.073125 0.25908600000000004
0 0.4755859375 0.6270351135531136 0.07687500000000003 0.22743200000000008
0 0.4690234375 0.559265575091575 0.06125000000000003 0.1512300000000001
0 0.5925 0.6317241135531136 0.06312499999999999 0.22743299999999994
0 0.6903125 0.6235886300366301 0.07937499999999997 0.2602580000000001
0 0.7746875 0.6256416227106227 0.07937499999999997 0.24619000000000008
0 0.849609375 0.6046101391941391 0.07562500000000005 0.28018800000000005
0 0.92875 0.6400721465201465 0.09500000000000008 0.29308300000000004
