0 0.06636718750000001 0.5513163938506588 0.115625 0.39680999999999994
0 0.1855859375 0.4766458228404099 0.10750000000000001 0.24671600000000002
0 0.2858984375 0.5143003016105417 0.15500000000000003 0.32739199999999996
0 0.305703125 0.39255009224011717 0.03562499999999996 0.07129399999999997
0 0.378203125 0.5036395285505124 0.16187500000000005 0.3076919999999999
0 0.587734375 0.41374094582723275 0.07562499999999994 0.34240200000000004
0 0.760625 0.6862524802342606 0.313125 0.557223
0 0.7671875 0.7999083938506587 0.29874999999999996 0.39681100000000014
0 0.804921875 0.4710427613469986 0.12187499999999996 0.19981299999999994
0 0.910625 0.5450297862371889 0.12687499999999996 0.31519700000000006
0 0.92359375 0.6372699033674963 0.15000000000000002 0.4981240000000001
