0 0.3871875 0.7396161537335286 0.07937499999999997 0.11725999999999989
0 0.43890625 0.7401854421669106 0.03999999999999998 0.14821800000000016
0 0.4891015625 0.7678023133235724 0.065 0.144465
0 0.4775 0.6990324172767205 0.033125000000000016 0.03470899999999986
0 0.535 0.6957095095168374 0.03249999999999997 0.10319000000000016
0 0.5453125 0.7670918286969254 0.04875000000000007 0.15572299999999992
0 0.56640625 0.7731326998535871 0.07187500000000002 0.1538460000000001
0 0.621640625 0.7745968286969253 0.05125000000000002 0.15572200000000003
0 0.6542578125 0.779173571010249 0.041874999999999996 0.150094
0 0.7039453125 0.7545291171303075 0.05812499999999998 0.18480299999999988
