0 0.23296875 0.6906412478336221 0.11812499999999998 0.384444
0 0.3173828125 0.5359372824956673 0.10375000000000001 0.282222
0 0.3579296875 0.7493605667244367 0.16312500000000002 0.2566670000000001
0 0.420703125 0.628733020797227 0.0675 0.3422220000000001
0 0.443125 0.5938420433275563 0.0625 0.3777769999999999
0 0.503125 0.5794873275563258 0.06375000000000003 0.35333399999999987
0 0.5763671875 0.5910882253032929 0.08499999999999996 0.346666
0 0.5961328125 0.4014558058925477 0.04249999999999998 0.16444399999999995
0 0.6603125 0.45171577123050255 0.04875000000000007 0.266667
0 0.9587890625 0.6721024974003466 0.08062500000000006 0.4577780000000001
