0 0.079609375 0.47734375 0.10687500000000001 0.43083299999999997
0 0.2330859375 0.5834892500000001 0.23249999999999998 0.3216669999999999
0 0.1540234375 0.35161458333333334 0.06187500000000001 0.14333300000000002
0 0.1846875 0.4845833333333333 0.10999999999999999 0.355
0 0.186171875 0.16479166666666667 0.05937500000000001 0.115833
0 0.29679687499999996 0.6224999999999999 0.12250000000000003 0.25083300000000003
0 0.2727734375 0.34364616666666664 0.060624999999999984 0.10000000000000002
0 0.29171875 0.41187466666666667 0.08687500000000001 0.17916699999999997
0 0.315078125 0.12119758333333334 0.03562500000000002 0.0825
0 0.3487109375 0.33822883333333337 0.07625000000000004 0.12083399999999996
0 0.3707421875 0.4325520833333334 0.08437500000000003 0.1908329999999999
0 0.35796875 0.19901075000000001 0.02437499999999998 0.055000000000000014
0 0.420390625 0.6146871666666667 0.11374999999999996 0.31833399999999995
0 0.43 0.4107288333333334 0.06437500000000002 0.12083399999999996
0 0.422578125 0.32765591666666666 0.03624999999999995 0.03083399999999999
0 0.4656640625 0.6910416666666667 0.049375 0.1774999999999999
0 0.4659375 0.3928645833333333 0.04812499999999997 0.08250000000000002
0 0.4939453125 0.4910413333333334 0.05812500000000004 0.13583399999999993
0 0.50078125 0.382083 0.03999999999999998 0.06416699999999993
0 0.5352343749999999 0.6546354166666667 0.10625000000000001 0.29666699999999996
0 0.5023046875 0.3317190833333334 0.03749999999999998 0.06583299999999996
0 0.5321484375 0.4239059166666666 0.06187500000000001 0.09333400000000003
0 0.5392578125 0.3447399166666667 0.04249999999999998 0.09333299999999996
0 0.6071875 0.7060934166666666 0.10999999999999999 0.20166700000000004
0 0.5897265625 0.5024482499999999 0.06625000000000003 0.22666600000000003
0 0.6128515625 0.4227604166666667 0.03375000000000006 0.07583299999999997
0 0.6290234375 0.49046875 0.06062500000000004 0.2125
0 0.678125 0.5779690833333333 0.09437499999999999 0.378333
0 0.6736328125 0.35458300000000004 0.04250000000000009 0.06333399999999996
0 0.73890625 0.5123440833333334 0.10312500000000002 0.471666
0 0.77875 0.3293229166666667 0.06437499999999996 0.15499999999999994
0 0.8035546875 0.55515625 0.10062499999999996 0.44749999999999995
0 0.879375 0.5657288333333333 0.12687499999999996 0.49666699999999997
0 0.9053125 0.47750000000000004 0.11062500000000008 0.500833
0 0.96328125 0.5346875 0.07125000000000004 0.610833
