0 0.5230078125 0.5639300668693009 0.10374999999999995 0.4766540000000001
0 0.1171875 0.384764632218845 0.235 0.39494200000000007
0 0.15617187500000002 0.6709928784194529 0.27749999999999997 0.503892
0 0.4915234375 0.36567606382978723 0.62375 0.36381299999999994
0 0.231875 0.2619131367781155 0.03125 0.062256000000000006
0 0.2630078125 0.2545563799392097 0.04125000000000001 0.06031100000000001
0 0.2710546875 0.5792761641337386 0.03875000000000001 0.07587499999999998
0 0.804375 0.5967022279635258 0.22000000000000008 0.4357979999999999
0 0.8204296875 0.24774448936170212 0.06999999999999995 0.10700299999999999
0 0.84609375 0.3309762462006079 0.05625000000000002 0.11089500000000004
0 0.867421875 0.43232646200607905 0.09124999999999994 0.09533099999999997
0 0.9557421875 0.4328703282674772 0.08500000000000008 0.14786
0 0.944921875 0.25413013677811547 0.028749999999999942 0.06225700000000003
