0 0.0987447364568082 0.1934375 0.08724199999999999 0.07874999999999999
0 0.10501312298682283 0.319609375 0.09474699999999998 0.07500000000000001
0 0.10958986530014642 0.440859375 0.090056 0.07500000000000001
0 0.12546776720351394 0.200546875 0.11069400000000001 0.028749999999999998
0 0.13285850951683745 0.32609375 0.10506499999999998 0.02437499999999998
0 0.1390126383601757 0.4439453125 0.10788 0.025624999999999953
0 0.14722712298682286 0.5473046875 0.09662299999999999 0.03749999999999998
0 0.5769861669106882 0.5932421875 0.41557200000000005 0.36687499999999995
0 0.7323656076134699 0.2410546875 0.08255100000000003 0.06999999999999998
0 0.752863411420205 0.246875 0.12570299999999998 0.03187499999999999
0 0.7763413499267935 0.480390625 0.07692300000000017 0.05124999999999996
0 0.9484673806734994 0.5935546875 0.10037499999999992 0.5075000000000001
