0 0.09171875 0.520595626647145 0.056249999999999994 0.28799199999999997
0 0.1676171875 0.5287217920937042 0.05375000000000002 0.22326500000000002
0 0.298515625 0.5209892767203514 0.05249999999999999 0.212946
0 0.4328125 0.5068058052708638 0.26562500000000006 0.5197
0 0.3702734375 0.5105128594436311 0.030624999999999958 0.1810499999999999
0 0.4227734375 0.4581719326500733 0.030624999999999958 0.045027999999999985
0 0.5448828125 0.5313601537335285 0.04249999999999998 0.1172610000000001
0 0.6430859375 0.5163511537335285 0.07687500000000003 0.11726100000000002
0 0.735234375 0.5125108345534407 0.013125000000000053 0.06566599999999999
0 0.7455859375 0.5091707057101025 0.013749999999999929 0.06379000000000011
0 0.785390625 0.5035417057101025 0.05125000000000002 0.06379000000000011
0 0.8223046875 0.4978695461200585 0.007500000000000062 0.03658599999999995
0 0.8737109375 0.4974576749633967 0.07687500000000003 0.03846199999999999
