0 0.4990234375 0.29241761870503596 0.999375 0.4847929999999999
0 0.0245703125 0.5715018633093526 0.025625 0.10045999999999994
0 0.044921875 0.698219654676259 0.028124999999999997 0.12258099999999995
0 0.13374999999999998 0.5659718633093526 0.033125 0.10046099999999987
0 0.14070312499999998 0.7110099568345324 0.03624999999999999 0.11520800000000003
0 0.209140625 0.5857310143884892 0.05124999999999999 0.09769599999999995
0 0.367578125 0.6250705611510792 0.036250000000000004 0.10599100000000009
0 0.4617578125 0.5992635611510791 0.04187500000000005 0.10414799999999999
0 0.4951953125 0.6645228057553957 0.05750000000000005 0.11889399999999999
0 0.5014453125 0.602115035971223 0.02562500000000001 0.03963099999999999
0 0.539765625 0.6273643525179856 0.05125000000000002 0.12903300000000006
0 0.540859375 0.5842455251798562 0.04312499999999997 0.06820299999999996
0 0.6884765625 0.6783478057553957 0.034375000000000044 0.1188939999999999
0 0.6919140625 0.6423105251798561 0.018125000000000058 0.066359
0 0.7148046875 0.5858437122302158 0.038124999999999964 0.10230400000000013
0 0.7100390625 0.4704773741007194 0.01937499999999992 0.07188900000000006
0 0.8285546875 0.6332995035971223 0.03874999999999995 0.125345
0 0.8465234375 0.6096940143884891 0.02937499999999993 0.09677399999999999
