0 0.345703125 0.7171350833333333 0.036250000000000004 0.12916700000000012
0 0.3702734375 0.7913545000000001 0.060624999999999984 0.23583299999999996
0 0.38875 0.6947913333333333 0.03125 0.0741670000000001
0 0.440625 0.7792184166666667 0.06375000000000003 0.23416700000000001
0 0.4410546875 0.6738024166666667 0.03875000000000001 0.04666600000000002
0 0.8081640625 0.639792 0.018125000000000058 0.0324999999999999
0 0.8240625 0.64088575 0.016874999999999973 0.025832999999999995
0 0.9134375 0.6282291666666667 0.015625 0.03833300000000003
0 0.9412890625 0.6285940833333333 0.01937500000000003 0.035000000000000066
0 0.9690234375 0.6219270833333334 0.030000000000000027 0.03416700000000006
