0 0.0185546875 0.18851060997067448 0.038125 0.15774699999999997
0 0.0587890625 0.28653356598240465 0.081875 0.29483600000000004
0 0.0901171875 0.18452350733137832 0.05374999999999999 0.14647900000000003
0 0.124765625 0.2873065337243402 0.051250000000000004 0.261971
0 0.1219921875 0.14330075659824046 0.023124999999999993 0.030046999999999994
0 0.174375 0.26617273900293253 0.06375 0.287324
0 0.2247265625 0.20624964809384164 0.03375 0.10422500000000005
0 0.2403515625 0.1993804750733138 0.03437499999999999 0.11173700000000002
0 0.2693359375 0.21652716715542525 0.04625000000000001 0.076995
0 0.2844921875 0.20397351319648094 0.021875000000000033 0.061033
0 0.30234375 0.16629896187683285 0.02437499999999998 0.053521000000000006
0 0.3104296875 0.2106484750733138 0.03812500000000002 0.11173700000000002
0 0.3360546875 0.22532482111436952 0.03812500000000002 0.09389599999999997
0 0.338828125 0.1346701348973607 0.03687500000000005 0.04600899999999999
0 0.341015625 0.17481403225806452 0.020625000000000004 0.03286399999999999
0 0.3428125 0.1482919296187683 0.015625 0.02065700000000001
0 0.3636328125 0.2752286744868035 0.041874999999999996 0.22253500000000004
0 0.3596875 0.1643704809384164 0.01687500000000003 0.02910800000000001
0 0.3775390625 0.18214541055718475 0.01874999999999999 0.04882700000000003
0 0.387109375 0.1662484809384164 0.013124999999999998 0.027230000000000015
0 0.3958984375 0.2869083988269795 0.030625000000000013 0.21783999999999995
0 0.4012109375 0.17229320527859238 0.01375000000000004 0.025351999999999982
0 0.4175 0.21570371847507333 0.03187500000000004 0.08450700000000003
0 0.4336328125 0.28186674486803515 0.04249999999999998 0.20000000000000004
0 0.4218359375 0.1664281026392962 0.01375000000000004 0.014084999999999999
0 0.434765625 0.16853820527859237 0.020625000000000004 0.025351999999999982
0 0.45875 0.2810432961876833 0.033125000000000016 0.20563399999999993
0 0.479765625 0.2034967184750733 0.020000000000000018 0.08450699999999998
0 0.494375 0.2740080909090909 0.03187499999999999 0.18309799999999998
0 0.5177734375 0.2252092697947214 0.02937499999999993 0.08920200000000003
0 0.53515625 0.19482920527859235 0.008750000000000036 0.025352000000000024
0 0.5425390625 0.23548678885630497 0.018125000000000058 0.061972
0 0.5539453125 0.23901168621700877 0.02562500000000001 0.05258200000000002
0 0.55078125 0.20034665395894427 0.008750000000000036 0.018780000000000012
0 0.576640625 0.22751258357771265 0.020625000000000004 0.04037500000000001
0 0.5896484375 0.24130041055718474 0.02937500000000004 0.04882700000000001
0 0.5811328125 0.19171603225806452 0.011249999999999982 0.03474200000000001
0 0.59046875 0.21917713489736068 0.024375000000000036 0.04600900000000005
0 0.6121875 0.23337768621700883 0.015625 0.05164299999999997
0 0.6117578125 0.20873258357771263 0.011249999999999982 0.03849800000000001
0 0.655390625 0.2520411348973607 0.02124999999999999 0.04413100000000008
0 0.7366796875 0.3769571495601173 0.16374999999999995 0.33239399999999997
0 0.679296875 0.23800761583577712 0.028124999999999956 0.07136100000000005
0 0.6996484375 0.23319706451612904 0.02937499999999993 0.06572799999999998
0 0.7612109375 0.20955603225806452 0.013749999999999929 0.03286399999999997
0 0.7709375 0.2362587565982405 0.015625 0.030986
0 0.7928125 0.2480540322580645 0.015625 0.03474200000000003
0 0.81984375 0.2595531348973607 0.024375000000000036 0.044131
0 0.842578125 0.26395196187683284 0.03562500000000002 0.055399
0 0.85140625 0.24489037829912025 0.009375000000000022 0.01690099999999994
0 0.8555078125 0.26454330791788855 0.010000000000000009 0.03662
0 0.8684375 0.2697655835777126 0.015625 0.03849800000000005
0 0.8709375 0.24072265395894427 0.015625 0.018778999999999994
0 0.8801171875 0.2697655835777126 0.021874999999999978 0.03849800000000005
0 0.8964453125 0.2624856862170088 0.026874999999999982 0.05164300000000001
0 0.8998828125 0.22833603225806454 0.010624999999999996 0.032862999999999955
0 0.9165234375 0.26312851319648095 0.02937500000000004 0.05915499999999998
0 0.929140625 0.27082013489736073 0.020624999999999893 0.04413199999999997
0 0.9380859375 0.2635402375366569 0.013749999999999929 0.05727700000000001
0 0.952109375 0.2501126539589443 0.011874999999999969 0.018778999999999994
0 0.9540625 0.2733409618768328 0.016874999999999973 0.053520999999999985
0 0.9630078125 0.2566205835777126 0.011249999999999982 0.038496999999999955
0 0.9840234375 0.3060622316715543 0.030000000000000027 0.141784
