0 0.0224609375 0.8959785402635431 0.045 0.1266410000000002
0 0.0271484375 0.37941709224011716 0.031249999999999997 0.07316999999999987
0 0.124765625 0.8777868286969254 0.0825 0.15572199999999994
0 0.140078125 0.823219411420205 0.06687499999999999 0.12476600000000006
0 0.123671875 0.9782838038067351 0.028124999999999997 0.041276
0 0.155546875 0.773869122986823 0.06 0.09568500000000005
0 0.16140625 0.7420442210834554 0.03937499999999999 0.07504700000000004
0 0.17828125 0.6550738960468522 0.070625 0.11163199999999995
0 0.1646875 0.5581350614934114 0.015625 0.04784300000000005
0 0.1741796875 0.5415476749633968 0.007499999999999979 0.04033800000000002
0 0.20171875 0.9588564787701317 0.056249999999999994 0.07973700000000018
0 0.1869921875 0.5858661903367497 0.023125000000000007 0.05065599999999992
0 0.1855078125 0.5315973865300146 0.009999999999999981 0.011256999999999934
0 0.18703125 0.5451864172767203 0.00874999999999998 0.034709000000000025
0 0.18890625 0.5568552884333822 0.009374999999999994 0.030956999999999957
0 0.2038671875 0.6063899326500731 0.023125000000000007 0.044090000000000094
0 0.2012109375 0.5487109019033675 0.015000000000000013 0.020637000000000027
0 0.2081640625 0.579825319180088 0.019375000000000003 0.05440899999999988
0 0.20640625 0.5210940307467058 0.00874999999999998 0.023451999999999928
0 0.2233203125 0.6630608653001464 0.02562499999999998 0.09005600000000014
0 0.2141796875 0.5254864172767204 0.0062500000000000056 0.032832999999999994
0 0.2223046875 0.5337009019033675 0.0062500000000000056 0.02251399999999995
0 0.2262109375 0.5217344172767203 0.015000000000000013 0.032832999999999994
0 0.228984375 0.5685683191800879 0.012500000000000011 0.05440899999999988
0 0.2408984375 0.6574318653001464 0.029374999999999984 0.09005700000000003
0 0.2474609375 0.5577231903367497 0.014374999999999999 0.05159499999999995
0 0.2575390625 0.5926165461200585 0.018750000000000017 0.03658499999999998
0 0.2578125 0.6028212884333821 0.017500000000000016 0.030956999999999957
0 0.279609375 0.66763760761347 0.04375000000000001 0.08442699999999997
0 0.289375 0.9367284114202049 0.06312499999999999 0.12382700000000019
0 0.274609375 0.5874004172767203 0.011875000000000024 0.034709000000000025
0 0.28796875 0.6155424172767204 0.02437499999999998 0.03470899999999994
0 0.3196875 0.6323141595900439 0.016874999999999973 0.027204
0 0.3462109375 0.8766644729136164 0.04500000000000004 0.1716699999999999
0 0.3790625 0.6676989882869693 0.10999999999999999 0.1829270000000001
0 0.4244921875 0.6480077057101025 0.021874999999999978 0.061913000000000024
0 0.4273828125 0.6147887730600293 0.010624999999999996 0.018760999999999993
0 0.437421875 0.9836842884333821 0.02812500000000001 0.030019000000000146
0 0.4653125 0.606986159590044 0.016249999999999987 0.027204
0 0.47890625 0.9646688345534408 0.040000000000000036 0.06566599999999999
0 0.4939453125 0.61791860761347 0.026875000000000038 0.082552
0 0.5147265624999999 0.8269013133235724 0.03437499999999999 0.14446600000000007
0 0.518359375 0.5370410307467057 0.012500000000000067 0.024390999999999875
0 0.5179296875 0.4870945153733529 0.006249999999999978 0.01313299999999997
0 0.525703125 0.4893833865300146 0.004374999999999907 0.011256999999999934
0 0.54578125 0.7734130922401171 0.03937500000000005 0.0731710000000001
0 0.5499609375 0.8637148286969254 0.04500000000000004 0.15759899999999988
0 0.5335546875 0.5229700307467057 0.006249999999999978 0.023452000000000094
0 0.53453125 0.48867290190336743 0.008750000000000036 0.021576000000000057
0 0.5385546875 0.5537426749633968 0.006249999999999978 0.040337999999999936
0 0.5442578125 0.5265386749633967 0.011249999999999982 0.038461000000000016
0 0.55765625 0.5217775768667643 0.008750000000000036 0.059099999999999986
0 0.564609375 0.4516750307467057 0.012500000000000067 0.02345299999999998
0 0.5703125 0.5165172884333821 0.015625 0.03095700000000004
0 0.5832421875 0.6572043499267936 0.021874999999999978 0.07879900000000004
0 0.5890234375 0.9690170614934115 0.02937500000000004 0.049719000000000006
0 0.589140625 0.6790078653001463 0.020000000000000018 0.088181
0 0.5892578125 0.6204167730600292 0.010000000000000009 0.018762000000000046
0 0.6168359375 0.5113011595900439 0.015000000000000013 0.027204000000000082
0 0.6293359375 0.5526904172767204 0.014374999999999916 0.03283299999999991
0 0.6357421875 0.6632452210834554 0.021874999999999978 0.07504699999999996
0 0.64578125 0.7113588960468522 0.040000000000000036 0.11350899999999996
0 0.6540234375 0.8204313499267937 0.030625000000000013 0.076923
0 0.6579296875 0.863373055636896 0.038124999999999964 0.13977499999999998
0 0.6587109375 0.5901001595900439 0.014375000000000027 0.029081000000000006
0 0.6643359375 0.6553283499267935 0.015000000000000013 0.07879900000000004
0 0.6616796875 0.5673576442166911 0.007500000000000062 0.016886000000000012
0 0.6718359375 0.5708561903367496 0.013749999999999929 0.05065699999999998
0 0.6765625 0.6613682210834554 0.015625 0.07504699999999996
0 0.679609375 0.5961410307467057 0.013125000000000053 0.02345200000000001
0 0.692421875 0.7642336691068814 0.02750000000000008 0.13133200000000014
0 0.692734375 0.601357159590044 0.012499999999999956 0.029080999999999923
0 0.7012109375 0.5687526749633967 0.014375000000000027 0.0384610000000001
0 0.719453125 0.7650843499267936 0.036250000000000004 0.07879900000000004
0 0.7369921875 0.6049699633967789 0.023125000000000062 0.06754200000000002
0 0.75 0.7387040922401171 0.03187499999999999 0.07317000000000012
0 0.759296875 0.6428347364568082 0.028125000000000067 0.08630400000000006
0 0.7567578125 0.33651854612005855 0.010624999999999996 0.036585999999999994
0 0.781484375 0.7573518345534407 0.04437499999999994 0.0656659999999999
0 0.776171875 0.6491031229868228 0.028125000000000067 0.09568500000000005
0 0.76765625 0.33340693265007315 0.008749999999999925 0.04409000000000001
0 0.78046875 0.6195930307467057 0.024374999999999925 0.02439000000000007
0 0.779609375 0.335694803806735 0.013124999999999942 0.04221400000000006
0 0.791484375 0.33276654612005857 0.012499999999999956 0.03658500000000002
0 0.7984375 0.6127284172767203 0.016249999999999987 0.03377100000000005
0 0.86875 0.6464994172767203 0.03249999999999997 0.032832999999999994
0 0.924453125 0.7603155344070277 0.130625 0.21763599999999994
0 0.9015234375 0.6344618345534406 0.02937500000000004 0.06660500000000001
0 0.9376953125 0.5922046749633968 0.02562500000000001 0.03846099999999993
0 0.977109375 0.6133159267935578 0.04375000000000007 0.1350850000000001
