0 0.29686428358208955 0.76671875 0.06494699999999999 0.11750000000000005
0 0.47990264179104475 0.2119140625 0.332378 0.080625
0 0.45572105970149257 0.6253515625 0.24737399999999998 0.15874999999999995
0 0.3963735970149253 0.748828125 0.04966600000000008 0.09875
0 0.42514667164179104 0.79546875 0.05444099999999996 0.05625000000000002
0 0.47666083582089547 0.4545703125 0.028654000000000054 0.05687500000000001
0 0.5155842835820895 0.7856640625 0.06494700000000003 0.04937500000000006
0 0.5319985970149255 0.8365234375 0.049666000000000037 0.09187499999999993
0 0.5713395074626866 0.7025 0.08118400000000009 0.09375
0 0.6027966716417911 0.6415234375 0.05444099999999996 0.09250000000000003
0 0.6888185074626866 0.8640234375 0.081184 0.12437500000000001
0 0.7052946567164179 0.9527734375 0.09455599999999996 0.09187500000000004
0 0.7849252835820896 0.784375 0.06494699999999995 0.125
0 0.8270693582089552 0.9371484375 0.0697229999999999 0.12375000000000003
0 0.8662293582089552 0.7684765625 0.06972300000000006 0.12812500000000004
0 0.9535035820895522 0.9103125 0.08882500000000014 0.14187500000000008
