0 0.0720283125 0.5964740256410257 0.02733399999999999 0.05333399999999999
0 0.1492705 0.2971550671550672 0.17333400000000002 0.135833
0 0.095625 0.7108000891330891 0.031332999999999986 0.1791660000000001
0 0.0966953125 0.6005830280830281 0.027332999999999982 0.05666700000000002
0 0.1157939375 0.7194630927960928 0.045999999999999985 0.1875
0 0.107859375 0.577540015873016 0.01200000000000001 0.03249999999999994
0 0.113192375 0.5725400158730158 0.012666999999999998 0.0341659999999999
0 0.1188828125 0.5779850146520146 0.011332999999999996 0.03083400000000005
0 0.1374375 0.7279700854700855 0.048667 0.17166700000000001
0 0.13190625 0.5800980134310134 0.00933299999999998 0.027499999999999976
0 0.14319237499999998 0.5764350097680098 0.012667000000000012 0.020833000000000008
0 0.16570018749999998 0.7467490842490843 0.05333400000000002 0.17083300000000004
0 0.15629200000000001 0.6390900207570208 0.03133299999999997 0.042499999999999934
0 0.1750341875 0.7754300695970696 0.05400000000000002 0.1408340000000001
0 0.171578125 0.6381410256410257 0.036000000000000004 0.05166699999999992
0 0.1706953125 0.6545360195360196 0.026666999999999996 0.03999999999999999
0 0.21123143749999998 0.8142090683760683 0.092 0.1391670000000001
0 0.1793623125 0.631145021978022 0.027332999999999996 0.04500000000000002
0 0.1892216875 0.6620760354090354 0.03866599999999998 0.07249999999999993
0 0.19233887500000002 0.6498660231990232 0.027999999999999997 0.04666599999999991
0 0.2085546875 0.7312420354090354 0.03733299999999998 0.07166699999999991
0 0.2145078125 0.6751770451770452 0.04266700000000001 0.09166700000000004
0 0.21105174999999998 0.6315900207570206 0.02400000000000002 0.04333400000000006
0 0.2208828125 0.5755430122100121 0.010000000000000009 0.025834000000000086
0 0.24334375 0.32306809890109883 0.05533299999999999 0.19833299999999998
0 0.2300283125 0.6299240207570208 0.026666999999999996 0.041666000000000016
0 0.2457939375 0.6678510378510378 0.045333999999999985 0.07583299999999996
0 0.22990625 0.5734310134310134 0.00933299999999998 0.029166999999999978
0 0.2517470625 0.7281810415140415 0.050667000000000045 0.085
0 0.2500751875 0.5672100122100122 0.021999999999999992 0.025833000000000043
0 0.25536231249999997 0.6348080256410257 0.025999999999999995 0.05166599999999995
0 0.27489356249999997 0.792717061050061 0.06466599999999997 0.12249999999999998
0 0.2685078125 0.30186507936507934 0.04133300000000001 0.16
0 0.27410450000000003 0.6648470415140415 0.04799999999999999 0.08416699999999999
0 0.27934375 0.7161840378510378 0.055332999999999966 0.07583400000000007
0 0.2873154375 0.6556810415140414 0.030000000000000027 0.08499999999999994
0 0.2808359375 0.6323660231990232 0.015332999999999986 0.04666599999999991
0 0.290338875 0.6228110219780219 0.028000000000000025 0.04500000000000009
0 0.326208 0.2728510378510378 0.09533400000000003 0.075833
0 0.3143671875 0.7711080586080586 0.05466700000000002 0.11916699999999995
0 0.3131279375 0.6665140415140415 0.04533300000000001 0.08416699999999999
0 0.3125078125 0.7412820512820512 0.04266700000000001 0.10500000000000015
0 0.3115029375 0.6258150183150183 0.014665999999999957 0.038332999999999985
0 0.3325546875 0.6610680427350428 0.037333000000000005 0.08749999999999995
0 0.331671875 0.6199240207570208 0.02799999999999997 0.04333299999999995
0 0.3498408125 0.7307200573870573 0.04133400000000004 0.11666700000000008
0 0.3511748125 0.6427930402930403 0.04266599999999998 0.08250000000000006
0 0.357192375 0.6865900207570208 0.01200000000000001 0.04166699999999999
0 0.3634091875 0.6150400158730159 0.02200000000000002 0.03416600000000004
0 0.3752216875 0.7344990561660562 0.03866599999999998 0.11333400000000005
0 0.376292 0.6548660231990232 0.03199999999999997 0.048333000000000056
0 0.3786015625 0.6290320231990231 0.034667 0.04666699999999996
0 0.38788768749999997 0.6768040293040293 0.03866700000000001 0.059999999999999984
0 0.3926953125 0.6248080256410257 0.026000000000000023 0.05333299999999988
0 0.3888828125 0.5722100122100122 0.011332999999999982 0.025832999999999974
0 0.406817375 0.7346150512820513 0.04466700000000001 0.10500000000000001
0 0.405192375 0.6095940170940172 0.012666999999999984 0.03583299999999997
0 0.4114091875 0.660739039072039 0.02200000000000002 0.07916600000000013
0 0.4866045 0.2328361086691087 0.172666 0.21749999999999994
0 0.42286425 0.34587606837606844 0.03999999999999998 0.13833299999999998
0 0.4246953125 0.6555250305250305 0.027332999999999996 0.061666999999999986
0 0.4234560625 0.616145021978022 0.018000000000000016 0.0441660000000001
0 0.4354560625 0.6306990231990233 0.01933299999999999 0.04833299999999992
0 0.45379393749999997 0.7487820512820513 0.04533400000000004 0.10499999999999987
0 0.4466953125 0.6269200244200244 0.026000000000000023 0.04999999999999985
0 0.45371875 0.6033150183150182 0.024666999999999994 0.036667000000000026
0 0.4540751875 0.5746520146520147 0.02200000000000002 0.030832999999999867
0 0.4579814375 0.6898690757020757 0.030667 0.151666
0 0.4641689375 0.5754270170940171 0.014000000000000012 0.03583400000000001
0 0.4700283125 0.6217060158730158 0.026000000000000023 0.03416700000000001
0 0.4874375 0.7081840940170939 0.047333000000000014 0.18833299999999994
0 0.4778125 0.5790900207570208 0.016000000000000014 0.04333399999999999
0 0.5107705 0.32415107081807076 0.048667000000000016 0.14166700000000004
0 0.5166015625 0.6887450879120878 0.034667 0.1775
0 0.5382734375 0.7284340659340659 0.061999999999999944 0.13416700000000006
0 0.526338875 0.6314740256410255 0.02866599999999997 0.05333400000000013
0 0.5306015625 0.34010106593406597 0.03400000000000003 0.13416600000000004
0 0.545671875 0.621145021978022 0.028666999999999998 0.04499999999999995
0 0.5592685625 0.33043006959706955 0.034665999999999975 0.14083400000000004
0 0.562292 0.6290320231990231 0.03200000000000003 0.0483340000000001
0 0.595495125 0.13252103418803418 0.09799999999999998 0.069167
0 0.5785078125 0.7468250634920635 0.04266700000000001 0.12916700000000003
0 0.5711455 0.6159310134310135 0.016666999999999987 0.029166999999999978
0 0.579671875 0.6101560109890111 0.028000000000000025 0.02416599999999997
0 0.5884609375 0.33942307692307694 0.04533300000000007 0.155
0 0.578432625 0.2533150183150183 0.020665999999999962 0.03750000000000004
0 0.594911125 0.6963580305250305 0.03533399999999998 0.0625
0 0.6063671875 0.766883061050061 0.053333000000000075 0.12416699999999999
0 0.5901220625 0.2027530244200244 0.018000000000000016 0.049167000000000044
0 0.5953623125 0.6282570207570208 0.02733299999999994 0.04166699999999999
0 0.5960751875 0.2681990231990232 0.02200000000000002 0.04833300000000002
0 0.6027421875 0.6174820183150184 0.022666999999999993 0.038332999999999916
0 0.6047421875 0.16697802197802197 0.02200000000000002 0.04500000000000002
0 0.6210810625000001 0.1099820183150183 0.04933299999999996 0.036666000000000004
0 0.614958 0.7059710293040293 0.03133399999999997 0.059999999999999845
0 0.62153125 0.6567860476190477 0.040000000000000036 0.09666599999999997
0 0.6312216875 0.6340900207570208 0.03733300000000006 0.042499999999999934
0 0.6195498125 0.13060100976800976 0.010666000000000064 0.020834000000000016
0 0.6238125 0.15998201831501835 0.017333000000000043 0.03833299999999997
0 0.6307421875 0.1994600402930403 0.02200000000000002 0.08083299999999999
0 0.6281689375 0.6223660231990232 0.014000000000000012 0.04666599999999998
0 0.6291455 0.13748201831501833 0.016666999999999987 0.036666000000000004
0 0.6457470625 0.7743250634920635 0.04933399999999999 0.12750000000000003
0 0.6452216875 0.7088580305250305 0.03866599999999998 0.06333399999999999
0 0.64371875 0.6203690195360194 0.02400000000000002 0.040000000000000056
0 0.6646484375 0.6223660231990232 0.029332999999999942 0.04666599999999998
0 0.6647421875 0.6185870244200244 0.022666999999999993 0.04999999999999999
0 0.682723625 0.781883061050061 0.052000000000000046 0.12416699999999999
0 0.6707421875 0.6348660231990232 0.02200000000000002 0.04750000000000011
0 0.6785546875 0.717851037851038 0.03733299999999995 0.07749999999999982
0 0.806578125 0.3413030854700854 0.286667 0.17333400000000002
0 0.6838876875 0.6628510378510378 0.03733400000000009 0.0758330000000001
0 0.690292 0.6955830280830281 0.03200000000000003 0.056666999999999954
0 0.7129873125 0.7336260402930402 0.05799999999999994 0.08250000000000013
0 0.7094375 0.7938400488400488 0.04799999999999993 0.09999999999999998
0 0.697098625 0.6240320231990231 0.02066699999999999 0.0483340000000001
0 0.70686425 0.6280250305250304 0.040000000000000036 0.061667000000000055
0 0.7145078125 0.6651770451770451 0.04266700000000001 0.09250000000000005
0 0.7121689375 0.5807570207570208 0.01533400000000007 0.04333299999999995
0 0.7436064375 0.7989380622710621 0.061999999999999944 0.12583300000000017
0 0.7300751875 0.6285870244200245 0.023333999999999966 0.05000000000000006
0 0.735765625 0.7169780219780219 0.02066699999999999 0.04500000000000002
0 0.7421689375 0.6378690195360196 0.015333999999999959 0.0391669999999999
0 0.754292 0.6638400488400488 0.031333000000000055 0.09999999999999991
0 0.7637939375 0.7389560439560439 0.045333999999999985 0.08833300000000004
0 0.7514560625 0.5854270170940171 0.018000000000000016 0.035000000000000024
0 0.7601689375 0.5842060158730159 0.015333999999999959 0.033333999999999996
0 0.7721220625 0.6375400158730159 0.017999999999999905 0.03250000000000008
0 0.777004875 0.6902350427350428 0.028666999999999998 0.08583300000000002
0 0.7976064375 0.8048110781440782 0.060666999999999915 0.15666600000000008
0 0.788292 0.651978021978022 0.03200000000000003 0.04500000000000002
0 0.789765625 0.6308730158730158 0.02066699999999999 0.03250000000000001
0 0.8028173749999999 0.7032200573870574 0.04400000000000004 0.11499999999999994
0 0.796526375 0.5879850146520147 0.012665999999999955 0.031666999999999994
0 0.809192375 0.6416480183150183 0.013334000000000068 0.03749999999999997
0 0.8259814375 0.6676950268620269 0.030667 0.05500000000000009
0 0.8227890625 0.6011450219780219 0.019333000000000045 0.04583300000000003
0 0.8281220625 0.639322010989011 0.019334000000000073 0.02250000000000001
0 0.8613720625 0.8196950830280829 0.08066700000000004 0.16833300000000015
0 0.852057625 0.7135100451770452 0.051999999999999935 0.09249999999999992
0 0.8375029375 0.5800980134310134 0.014000000000000012 0.029165999999999935
0 0.8505546875 0.6582970366300366 0.03733300000000006 0.07416600000000009
0 0.8877939375 0.7452960927960927 0.045333999999999985 0.18583300000000014
0 0.8798125 0.6023660231990232 0.016666999999999987 0.04833299999999992
0 0.90467675 0.7274660891330892 0.055333999999999994 0.17916699999999994
0 0.8964795 0.6064740256410257 0.01666599999999996 0.05166699999999985
0 0.9158125 0.6040320231990233 0.016666999999999987 0.04833399999999996
0 0.935859375 0.5796520146520145 0.0119999999999999 0.030833000000000006
0 0.9462626875 0.5813190146520146 0.007334000000000063 0.030833000000000006
