0 0.57359375 0.7750003333333334 0.08624999999999994 0.418333
0 0.02 0.6586461666666666 0.0325 0.22583299999999995
0 0.091015625 0.7534378333333334 0.08375 0.3391659999999999
0 0.13820312499999998 0.6046875 0.03624999999999999 0.11166699999999996
0 0.1705859375 0.59442675 0.046249999999999986 0.11916700000000002
0 0.1951171875 0.58890625 0.05437499999999998 0.134167
0 0.22859375 0.5694270833333334 0.0875 0.16000000000000006
0 0.40375 0.6338545 0.06375000000000003 0.11000000000000003
0 0.476640625 0.58817675 0.05187500000000006 0.18083399999999994
0 0.665234375 0.5820315833333334 0.04312499999999997 0.20833299999999996
0 0.7111328125 0.5797913333333333 0.04125000000000001 0.19833399999999993
0 0.7644921875 0.6153649166666667 0.05437499999999995 0.249166
0 0.813984375 0.5987503333333334 0.04375000000000007 0.23083299999999998
0 0.8487109375 0.57 0.04499999999999993 0.25166700000000003
0 0.88453125 0.5849996666666667 0.040000000000000036 0.20833400000000002
0 0.9175390625 0.55734375 0.01937500000000003 0.18083300000000002
0 0.9408203125 0.5435416666666667 0.026874999999999982 0.1775
0 0.977734375 0.6142705 0.04312499999999997 0.29749999999999993
