0 0.6213671875 0.6371137665317139 0.08562500000000006 0.27139100000000005
0 0.051875 0.6159155074224022 0.095 0.4891959999999999
0 0.1065625 0.6797371835357625 0.04749999999999999 0.26188400000000006
0 0.13972656249999998 0.6660755452091767 0.06624999999999999 0.24978399999999992
0 0.2048828125 0.6456351538461539 0.073125 0.3085569999999999
0 0.2572265625 0.6581301835357625 0.06562500000000002 0.262748
0 0.39484375 0.4715007975708502 0.21249999999999997 0.8608470000000001
0 0.322578125 0.640070681511471 0.03687499999999999 0.3120140000000001
0 0.463203125 0.6275912091767881 0.03562500000000002 0.313742
0 0.9677734375 0.609076294197031 0.06187500000000001 0.2731209999999999
0 0.9887890625 0.5584774008097166 0.01937500000000003 0.3811580000000001
