0 0.5368404375 0.5063025278276482 0.061912999999999996 0.41772099999999995
0 0.222081125 0.4461262998204668 0.036272 0.10356800000000001
0 0.2554144375 0.449349960502693 0.06066300000000002 0.11852700000000006
0 0.26154725 0.6040162459605027 0.07067000000000004 0.262371
0 0.4625055625 0.39070464631956914 0.03439599999999998 0.06329099999999999
0 0.6039778124999999 0.5328132136445243 0.10506599999999999 0.36248499999999995
0 0.720969875 0.5484688384201076 0.09005600000000002 0.485616
0 0.7836721249999999 0.53129421005386 0.066917 0.371692
0 0.883735125 0.5450082315978455 0.06816699999999998 0.30725
0 0.94322425 0.5297282172351886 0.07191999999999998 0.348677
