0 0.0556640625 0.8480362352941176 0.113125 0.29378600000000005
0 0.0459375 0.7607091764705882 0.078125 0.25706299999999993
0 0.0527734375 0.5106515882352941 0.093125 0.25517900000000004
0 0.158828125 0.7181259999999999 0.06812500000000002 0.15254299999999993
0 0.208203125 0.44593411764705887 0.09875 0.17231699999999994
0 0.2264453125 0.6120281764705883 0.12062499999999998 0.35593199999999986
0 0.27375 0.49829441176470585 0.0625 0.248587
0 0.3430078125 0.588701 0.10375000000000001 0.20244799999999993
0 0.3814453125 0.49994505882352946 0.15125 0.23728799999999992
0 0.3708203125 0.4065244705882353 0.057499999999999996 0.08286299999999998
0 0.4453515625 0.48413929411764706 0.06624999999999998 0.12711899999999993
0 0.48328125 0.6135954117647059 0.13437500000000002 0.19962299999999997
0 0.4436328125 0.4201198823529411 0.04125000000000001 0.08097999999999998
0 0.467578125 0.46484158823529415 0.03562499999999996 0.103578
0 0.506484375 0.45853523529411766 0.07437499999999997 0.1431259999999999
0 0.5121875 0.5065165294117647 0.046875 0.06968000000000003
0 0.5312109375 0.45058982352941174 0.04625000000000001 0.14500900000000005
0 0.6319140625 0.7230858823529411 0.17562499999999992 0.33145099999999994
0 0.6993359375 0.4400100588235294 0.04625000000000001 0.08568799999999997
0 0.7833203125 0.7626011176470588 0.181875 0.4717509999999999
0 0.8023828125 0.424299294117647 0.04125000000000001 0.07721300000000009
0 0.8596875 0.3992132352941177 0.078125 0.1421850000000001
0 0.877734375 0.39220982352941175 0.04375000000000007 0.146892
0 0.909921875 0.4365181176470588 0.06000000000000005 0.17231600000000005
0 0.9533984375 0.5656141176470588 0.09187500000000004 0.272128
0 0.9553515625 0.41574982352941176 0.06500000000000006 0.14689300000000008
