0 0.0078125 0.47017468421052633 0.016886 0.06064699999999992
0 0.021484375 0.5581978947368421 0.043776999999999996 0.04851800000000002
0 0.14453125 0.7840605789473684 0.290181 0.42722300000000013
0 0.4990234375 0.6705715263157895 0.999375 0.6522910000000001
0 0.0124649375 0.4126458947368421 0.013758000000000001 0.04716999999999996
0 0.0110596875 0.3736500526315789 0.0075049999999999995 0.018868
0 0.02329325 0.37575531578947363 0.008130000000000002 0.021563000000000054
0 0.0379416875 0.46402642105263153 0.038774 0.05525600000000006
0 0.027748375 0.42578784210526316 0.013133000000000006 0.030997999999999953
0 0.037677249999999995 0.37036431578947365 0.008756 0.02156400000000004
0 0.0573286875 0.4087704210526316 0.038149 0.057950999999999996
0 0.046706687499999996 0.3691838421052631 0.006254000000000003 0.02965000000000002
0 0.062331687499999996 0.5144811578947369 0.037524 0.052561000000000004
0 0.0941305625 0.6409104736842105 0.09631000000000002 0.07412399999999994
0 0.076826875 0.5679669473684211 0.059412000000000006 0.06334200000000004
0 0.0554626875 0.3691838421052631 0.006878999999999996 0.02965000000000002
0 0.08019425 0.47152268421052623 0.0394 0.060646000000000054
0 0.10109668749999999 0.4148305263157895 0.069418 0.091644
0 0.096926 0.5108613684210527 0.03314600000000001 0.041779000000000045
0 0.0961898125 0.5984623684210527 0.011257000000000017 0.03908299999999994
0 0.1303795 0.5462364210526316 0.046904 0.05795099999999994
0 0.1287869375 0.5990521052631579 0.01438399999999998 0.033692999999999945
0 0.13714831249999998 0.40725489473684207 0.02564100000000001 0.04986500000000008
0 0.17243475 0.5345296315789474 0.056285 0.04447499999999991
0 0.1750559375 0.4548393157894737 0.045028999999999986 0.10512100000000002
0 0.190955375 0.691955947368421 0.07442199999999996 0.06603799999999985
0 0.1982059375 0.5678875789473685 0.01375800000000002 0.026953999999999916
0 0.226766625 0.4630046842105264 0.052532999999999996 0.140162
0 0.2132149375 0.5586211052631579 0.014384000000000008 0.037736
0 0.21153625 0.5578638421052632 0.00812999999999997 0.030996999999999962
0 0.23510393749999997 0.5961014210526316 0.014384000000000036 0.05525599999999988
0 0.23502681250000002 0.5971143684210526 0.010005999999999987 0.03908400000000005
0 0.2623034375 0.4168564210526316 0.03064399999999995 0.055256
0 0.27875075 0.7391259473684211 0.055035 0.06334199999999998
0 0.2659011875 0.5195371052631579 0.021888999999999992 0.03369300000000001
0 0.27523912500000003 0.47480742105263163 0.036273 0.055255999999999944
0 0.361494125 0.8876914210526315 0.19199499999999997 0.21832900000000013
0 0.29239856249999996 0.5210526315789473 0.034397000000000066 0.04312699999999998
0 0.3014620625 0.42856321052631574 0.05003099999999999 0.07142800000000002
0 0.3032709375 0.6943168947368422 0.015009999999999968 0.047169999999999906
0 0.30409425 0.6944844210526315 0.00812999999999997 0.05795100000000012
0 0.320113875 0.5080782105263157 0.028142 0.06873300000000002
0 0.316053375 0.7035833684210527 0.011882000000000004 0.03908399999999993
0 0.3307018125 0.44381042105263163 0.04127599999999998 0.05795199999999993
0 0.3542695 0.38711826315789477 0.04752899999999999 0.08760199999999994
0 0.363333 0.5354544210526315 0.064415 0.05795200000000016
0 0.37474324999999997 0.47025405263157893 0.07066900000000009 0.09703499999999998
0 0.4074415625 0.7906739999999999 0.12757999999999997 0.0808620000000001
0 0.3551018125 0.5815321052631578 0.010006000000000015 0.03369300000000007
0 0.3737766875 0.583804894736842 0.038149000000000044 0.047170000000000024
0 0.367335375 0.5815321052631578 0.011881999999999948 0.03369300000000007
0 0.401404875 0.38711826315789477 0.05878599999999995 0.08760199999999994
0 0.38074281249999997 0.5867555789473684 0.010006000000000015 0.026954000000000033
0 0.422129 0.4924949473684211 0.03189500000000001 0.06334300000000002
0 0.43216906250000003 0.5470818421052632 0.05003099999999994 0.03234499999999996
0 0.45436556250000004 0.44633889473684213 0.06629099999999999 0.04986500000000002
0 0.4293695625 0.5938286315789474 0.0037519999999999776 0.04447500000000003
0 0.4617163125 0.37962300000000004 0.057535999999999976 0.08086200000000004
0 0.4395298125 0.5996428421052632 0.011257000000000017 0.03234500000000001
0 0.4607056875 0.4924949473684211 0.037524 0.06603800000000003
0 0.5185973125000001 0.8909771578947369 0.151345 0.21293800000000004
0 0.4583679375 0.5984623684210527 0.015010000000000023 0.040430999999999995
0 0.48763175000000003 0.5445533684210527 0.05628499999999992 0.04177899999999998
0 0.5376768125 0.8087837368421052 0.13633500000000004 0.07682000000000004
0 0.5012795624999999 0.49814163157894736 0.03439599999999993 0.04312699999999998
0 0.5055804374999999 0.4497911578947368 0.03064400000000006 0.052561000000000066
0 0.509058 0.3954599473684211 0.03189500000000001 0.06334299999999997
0 0.5008178125 0.5936611052631579 0.010631999999999975 0.03504100000000012
0 0.5436423125000001 0.5391633684210526 0.05753599999999992 0.03908300000000006
0 0.53985625 0.49232842105263164 0.04002499999999998 0.055255999999999944
0 0.5394285625 0.4449908947368421 0.033770999999999884 0.04851699999999997
0 0.5399764375 0.40472642105263157 0.030019000000000018 0.05525699999999999
0 0.529158125 0.3717123157894737 0.00500299999999998 0.021562999999999995
0 0.5401406875 0.3482115789473685 0.006253999999999982 0.02830099999999998
0 0.5463946875 0.3520870526315789 0.007503999999999955 0.020215000000000063
0 0.5595276874999999 0.34939105263157894 0.006254000000000093 0.02021600000000005
0 0.585740625 0.43075563157894736 0.05128199999999994 0.044474999999999966
0 0.5853129375 0.39841063157894735 0.04627900000000007 0.04447500000000003
0 0.5670326875 0.3445907894736842 0.006253000000000064 0.016171999999999954
0 0.5904701875 0.46082884210526315 0.053782999999999914 0.030997000000000025
0 0.576369625 0.5017624210526316 0.020638000000000045 0.055256
0 0.5922350000000001 0.5400881578947369 0.03252100000000002 0.05256000000000008
0 0.731071125 0.8598038421052632 0.2858029999999999 0.273585
0 0.61834775 0.5391633684210526 0.023765000000000036 0.041779000000000045
0 0.63241425 0.43353100000000006 0.040650000000000075 0.08086299999999991
0 0.6282005 0.708128947368421 0.016884999999999928 0.06334199999999998
0 0.6419925625 0.4839073684210527 0.033770999999999995 0.04177899999999998
0 0.646019 0.5470818421052632 0.03251999999999999 0.02965000000000008
0 0.6474673125 0.5101031052631578 0.026892000000000027 0.03638899999999999
0 0.679539625 0.7974119999999999 0.08317700000000006 0.08221100000000002
0 0.65743925 0.5984623684210527 0.009380999999999973 0.040430999999999995
0 0.6681814375 0.41845910526315794 0.02939400000000003 0.03369300000000001
0 0.6694324375 0.46116289473684213 0.030018999999999907 0.047170000000000024
0 0.686746125 0.511362947368421 0.03564800000000001 0.06334299999999997
0 0.72370225 0.5912923684210526 0.1025640000000001 0.12129400000000014
0 0.6946457500000001 0.4623433684210526 0.024389999999999912 0.041779000000000045
0 0.6951175 0.4151733684210527 0.017510999999999943 0.03908399999999999
0 0.7112573125 0.6627291578947367 0.025640999999999914 0.05256100000000013
0 0.705671375 0.6648344210526315 0.013133999999999979 0.055256000000000124
0 0.725049375 0.42207989473684215 0.043777000000000066 0.04716999999999996
0 0.715831625 0.5008366315789474 0.020638000000000045 0.04582200000000003
0 0.726617875 0.4665538947368421 0.028142 0.047170000000000024
0 0.7537733125 0.7741669473684211 0.05753600000000003 0.06603699999999997
0 0.7504159375 0.5004144210526316 0.04502799999999996 0.057950999999999996
0 0.745696375 0.7339906315789473 0.012507999999999964 0.04447400000000004
0 0.7618702500000001 0.4523196315789474 0.040649999999999964 0.04447399999999992
0 0.7602776874999999 0.7061912105263157 0.006880000000000108 0.06738500000000003
0 0.7690667499999999 0.41441610526315786 0.024391000000000163 0.036388000000000066
0 0.80156775 0.6307985789473685 0.08755500000000005 0.10781700000000001
0 0.801337375 0.5091705263157895 0.07504699999999997 0.09164399999999989
0 0.800567125 0.45290936842105267 0.036273 0.04177899999999993
0 0.8340446874999999 0.6586773684210526 0.1013130000000001 0.12129399999999997
0 0.8033435625 0.4165213684210526 0.03502199999999989 0.03908399999999999
0 0.84222775 0.44886636842105254 0.05566000000000004 0.04043100000000005
0 0.832933875 0.4049821052631579 0.028142999999999918 0.03638799999999994
0 0.8414154375 0.5353662631578947 0.030644000000000005 0.08490600000000002
0 0.8751433750000001 0.5260997894736842 0.043776999999999955 0.09299199999999999
0 0.9274490625 0.7924022631578949 0.14321499999999998 0.40835499999999997
0 0.8791698125 0.4112978947368421 0.04127500000000006 0.047170000000000024
0 0.8971856250000001 0.46478368421052635 0.05253299999999994 0.06064699999999992
0 0.8951984375 0.5044574210526316 0.030645000000000033 0.055255999999999944
0 0.9038342500000001 0.6513574210526315 0.04002499999999998 0.05795200000000011
0 0.9041176874999999 0.3845995789473684 0.007505000000000206 0.026954000000000033
0 0.930331625 0.430836 0.05128199999999994 0.08355799999999997
0 0.9647616875 0.4528927894736842 0.06879299999999999 0.17385399999999998
0 0.9698848749999999 0.589098947368421 0.058787000000000145 0.14689999999999995
0 0.9682492500000001 0.4020314210526316 0.03939999999999999 0.05525599999999988
