0 0.4990234375 0.24609375 0.999375 0.4925
0 0.0662109375 0.739583 0.045625 0.189167
0 0.3008203125 0.6856246666666667 0.08812499999999995 0.11583399999999999
0 0.3141796875 0.5734378333333333 0.03749999999999998 0.09083299999999994
0 0.344765625 0.6904690833333333 0.08374999999999999 0.12916599999999998
0 0.3998046875 0.566875 0.03750000000000003 0.09499999999999997
0 0.5230078125 0.91703125 0.10500000000000004 0.1641670000000001
0 0.53375 0.6916145833333333 0.06437500000000007 0.14500000000000002
0 0.607734375 0.7550524166666667 0.07499999999999996 0.23249999999999993
0 0.659296875 0.63661425 0.05999999999999994 0.10166699999999995
0 0.6628125 0.7196871666666667 0.04749999999999999 0.19499999999999998
0 0.689453125 0.760208 0.06687500000000002 0.22083399999999997
0 0.7043359375 0.5198440833333333 0.04500000000000004 0.09666599999999999
0 0.7829296875 0.5133336666666667 0.03874999999999995 0.08500000000000003
0 0.871640625 0.9109374999999998 0.11375000000000002 0.17416700000000018
0 0.943671875 0.7746878333333332 0.09062499999999996 0.15166600000000008
