0 0.0896484375 0.29182258333333333 0.061875 0.1125
0 0.162578125 0.2875524166666667 0.06812500000000002 0.10833300000000001
0 0.25828125 0.3528128333333333 0.07125000000000001 0.18416600000000002
0 0.2936328125 0.53838575 0.135625 0.39999999999999997
0 0.444453125 0.5607291666666666 0.16125 0.411667
0 0.444140625 0.3928125 0.11374999999999996 0.14083299999999999
0 0.4859375 0.3758329999999999 0.04749999999999999 0.12583400000000003
0 0.5238671875 0.37171841666666666 0.05375000000000002 0.10916700000000001
0 0.6182421875 0.5908336666666667 0.21062499999999995 0.45999999999999996
0 0.5429296875 0.2758333333333333 0.03874999999999995 0.04166700000000001
0 0.5575390625 0.3641142499999999 0.04937500000000006 0.10333400000000008
0 0.61765625 0.35093783333333334 0.07125000000000004 0.08916599999999993
0 0.6243359375 0.295 0.0462499999999999 0.125833
0 0.629375 0.32921908333333333 0.03312499999999996 0.06666600000000004
0 0.6679296875 0.29682325 0.03749999999999998 0.07250000000000005
0 0.6808203125 0.34015625 0.05812499999999998 0.07083299999999992
0 0.768203125 0.5368753333333333 0.161875 0.3875
0 0.7535546875 0.33718716666666665 0.03875000000000006 0.06833400000000005
0 0.8553515625 0.44130241666666664 0.12875000000000003 0.295
