0 0.49809331249999994 0.7214485667655786 0.057935000000000014 0.2103250000000001
0 0.1110595625 0.7246032314540058 0.03400500000000002 0.05353700000000007
0 0.2203221875 0.7804610801186943 0.05415600000000004 0.25047800000000003
0 0.23448556250000002 0.6841578605341246 0.03400499999999995 0.12428299999999995
0 0.280930375 0.7185120919881305 0.04408000000000001 0.17590800000000012
0 0.28810362500000003 0.5981786290801187 0.020150999999999974 0.07074500000000013
0 0.3091029375 0.5845949109792286 0.015112999999999988 0.05927399999999998
0 0.3302305 0.5962975133531156 0.016373000000000026 0.04397700000000005
0 0.49207231250000005 0.587971118694362 0.15113299999999996 0.26003800000000005
0 0.5819653124999999 0.5666971038575669 0.026448000000000138 0.10325099999999995
0 0.692641125 0.560334065281899 0.036524 0.09369100000000002
0 0.706878875 0.5135884243323443 0.06045299999999998 0.09942699999999985
0 0.8845268125 0.5532503353115726 0.19773300000000005 0.15487599999999996
0 0.92658775 0.6048763353115727 0.05541600000000002 0.156787
0 0.96915325 0.60510593768546 0.04030200000000006 0.141491
