0 0.1671875 0.7325483333333331 0.329687 0.5245210000000001
0 0.1048833125 0.23989233333333335 0.02656199999999999 0.07675900000000001
0 0.2052734375 0.6149906666666666 0.18593800000000005 0.44776100000000013
0 0.2427734375 0.5392603333333333 0.12343800000000002 0.309169
0 0.308983875 0.46569133333333335 0.153126 0.27505299999999994
0 0.3109375 0.39315666666666665 0.078125 0.12579999999999997
0 0.43359325 0.3254953333333333 0.10312600000000005 0.260128
0 0.51015575 0.29936333333333337 0.087501 0.21321899999999994
0 0.564062 0.2868286666666666 0.1265630000000001 0.18336900000000006
0 0.66875 0.5104673333333334 0.1265630000000001 0.2750539999999999
0 0.739453125 0.5979213333333333 0.223437 0.40511800000000003
0 0.7689453125 0.259087 0.057811999999999975 0.09808100000000002
0 0.87578075 0.706439 0.24375099999999994 0.5607679999999998
0 0.8130854375 0.303881 0.09218800000000005 0.16204599999999997
0 0.95703125 0.318542 0.07187500000000002 0.17057500000000003
