0 0.8728125 0.6626420629575402 0.07999999999999996 0.52439
0 0.4990234375 0.5741652357247438 0.999375 0.8480300000000001
0 0.1682421875 0.03806734992679356 0.021875000000000006 0.077861
0 0.2289453125 0.03953147877013177 0.02687500000000001 0.08161399999999999
0 0.5382421875 0.032210834553440704 0.021874999999999978 0.064728
0 0.5558203125 0.02635431918008785 0.026874999999999982 0.053471000000000005
0 0.5807421875 0.029282576866764276 0.02187500000000009 0.059099000000000006
0 0.7425390625 0.016105417276720352 0.01937500000000003 0.033770999999999995
0 0.82796875 0.020497803806734993 0.023749999999999938 0.043151999999999996
0 0.9659375 0.029282576866764276 0.015625 0.059099000000000006
