0 0.25 0.4990234375 0.5 0.9984379999999999
0 0.33730418749999996 0.777734875 0.08437500000000003 0.18437499999999984
0 0.43105418749999996 0.8021489375 0.08437500000000003 0.2343749999999999
0 0.6078125 0.7876953125 0.203125 0.12031200000000009
0 0.5505859375 0.8124995 0.07656300000000005 0.23437599999999992
0 0.604688 0.523827625 0.15781199999999995 0.3953130000000001
0 0.725 0.79609425 0.09531299999999998 0.2281240000000001
0 0.9302734375 0.7638676875 0.02968700000000002 0.06874899999999995
0 0.9671879999999999 0.76484425 0.03125 0.071874
0 0.9873041875 0.8056635625 0.021875999999999896 0.22187599999999985
