0 0.2541796875 0.6498628325791855 0.06937499999999999 0.25482600000000005
0 0.1696484375 0.6672343725490195 0.06125 0.15830100000000005
0 0.32921875 0.6782151463046757 0.02437499999999998 0.17664100000000008
0 0.345625 0.6676570769230769 0.03249999999999997 0.15637
0 0.370859375 0.6379170588235294 0.04375000000000001 0.237452
0 0.4141796875 0.6499234932126696 0.03875000000000001 0.2808889999999999
0 0.441171875 0.6221719457013575 0.02812500000000001 0.247104
0 0.4534375 0.6213292669683258 0.04749999999999999 0.29922799999999994
0 0.491640625 0.6101697013574661 0.05124999999999996 0.346525
0 0.5215624999999999 0.6070949095022624 0.08000000000000002 0.407336
0 0.5778125 0.5645580588235294 0.04875000000000007 0.2374520000000001
0 0.6355078125 0.6010617269984917 0.10499999999999998 0.39575299999999997
0 0.68703125 0.5541805113122171 0.03937500000000005 0.20173800000000008
0 0.7543359375 0.5943671176470587 0.1087499999999999 0.472973
0 0.8504296875 0.5980468657616893 0.10124999999999995 0.4391889999999999
0 0.87671875 0.6165057269984917 0.05500000000000005 0.3976830000000001
0 0.9359765625 0.6700097812971342 0.03374999999999995 0.15250900000000003
0 0.960625 0.6748357812971342 0.03125 0.15347500000000006
0 0.9903125 0.6793606681749622 0.016874999999999973 0.160231
