0 0.0126953125 0.6374479166666668 0.02625 0.06083299999999984
0 0.054140625 0.6780211666666668 0.052500000000000005 0.19333299999999998
0 0.0556640625 0.5503128333333334 0.018125000000000002 0.05833299999999989
0 0.0776953125 0.6273961666666666 0.026874999999999996 0.03666599999999994
0 0.115078125 0.79536425 0.09937499999999999 0.2908340000000001
0 0.0880859375 0.5453128333333334 0.014374999999999999 0.05833299999999997
0 0.1044140625 0.620417 0.018125000000000002 0.06500000000000002
0 0.12796875000000002 0.6183850833333334 0.024374999999999994 0.06666699999999996
0 0.15109375 0.55734375 0.023749999999999993 0.05583300000000002
0 0.15109375 0.6272395833333334 0.024999999999999994 0.051666999999999984
0 0.1669921875 0.61875 0.023125000000000007 0.06333299999999993
0 0.18125 0.62296875 0.031875000000000014 0.088333
0 0.1953125 0.5534375 0.016875 0.04833299999999996
0 0.2025390625 0.6172395833333334 0.019375000000000003 0.05166700000000005
0 0.7290234375 0.567083 0.030000000000000027 0.063334
0 0.765 0.56817675 0.03249999999999997 0.055000000000000014
0 0.8008203125 0.577083 0.02562500000000001 0.063334
0 0.8239453125 0.5752604166666666 0.026874999999999982 0.07750000000000005
0 0.91375 0.5981246666666666 0.0318750000000001 0.116667
0 0.9120703125 0.5347395833333334 0.02562500000000001 0.050000000000000044
0 0.9358984375 0.52765625 0.02937500000000004 0.07249999999999994
0 0.95890625 0.7702604166666668 0.07125000000000004 0.3258329999999998
0 0.9808984375 0.5789583333333334 0.029999999999999916 0.07416699999999994
