0 0.099140625 0.6965825294117648 0.17625 0.41996199999999995
0 0.2853515625 0.6068988235294117 0.03500000000000003 0.14500899999999997
0 0.34296875 0.5750860588235294 0.023749999999999993 0.03766499999999996
0 0.466171875 0.5740801764705883 0.028749999999999998 0.05649799999999997
0 0.499375 0.5799102352941177 0.03249999999999997 0.04331500000000002
0 0.576171875 0.5809684117647058 0.02749999999999997 0.047080999999999935
0 0.7026953125 0.6137860588235294 0.026250000000000107 0.13559399999999996
0 0.7731640625 0.665436705882353 0.04999999999999993 0.22598899999999977
0 0.872890625 0.6436112352941176 0.05249999999999999 0.19209000000000007
0 0.914375 0.5843742941176471 0.03125 0.077213
