0 0.334609375 0.7985937499999999 0.07437500000000002 0.24250000000000016
0 0.0205078125 0.81359375 0.04125 0.24416700000000002
0 0.0330078125 0.7678645833333334 0.042499999999999996 0.20833299999999996
0 0.10734375 0.7412496666666666 0.05500000000000001 0.1475000000000001
0 0.25199218749999996 0.6936458333333334 0.023125000000000034 0.05833299999999989
0 0.362265625 0.7142708333333334 0.020625000000000004 0.09083299999999994
0 0.391484375 0.7016149166666666 0.013124999999999998 0.061666000000000075
0 0.5809375 0.725 0.26749999999999996 0.12750000000000009
0 0.6948046875 0.17598991666666666 0.0068749999999999645 0.029165999999999987
0 0.70265625 0.17874966666666667 0.008750000000000036 0.022500000000000003
0 0.710703125 0.17395799999999997 0.005624999999999991 0.032499999999999994
0 0.7487890625 0.8489065833333332 0.08125000000000004 0.3000000000000001
0 0.739453125 0.1536455 0.0050000000000000044 0.017500000000000016
