0 0.563515625 0.6638024166666666 0.051875000000000004 0.17000000000000007
0 0.16125 0.6894791666666666 0.03312499999999999 0.224167
0 0.208046875 0.67609375 0.028749999999999998 0.11833299999999995
0 0.2639453125 0.6546878333333334 0.02562500000000001 0.15166599999999994
0 0.306171875 0.6565621666666667 0.027500000000000024 0.16333399999999995
0 0.3251171875 0.66567675 0.021874999999999978 0.18083399999999986
0 0.3869140625 0.49598925 0.04999999999999999 0.071667
0 0.481796875 0.6662496666666667 0.02749999999999997 0.14583399999999994
0 0.5008984375000001 0.65390625 0.02999999999999997 0.13499999999999993
0 0.5209765625 0.6465104166666666 0.03374999999999995 0.13916700000000004
0 0.6235546875 0.64 0.03875000000000006 0.12749999999999995
0 0.735625 0.6591670000000001 0.03249999999999997 0.12749999999999995
0 0.814375 0.6942705 0.032500000000000084 0.17250000000000001
0 0.8350390625 0.6909375 0.018124999999999947 0.17250000000000001
0 0.878828125 0.6935413333333332 0.03562500000000002 0.13750000000000004
0 0.8955078125 0.7312503333333332 0.04249999999999998 0.10500000000000013
