0 0.0987890625 0.4725193142437592 0.175625 0.400752
0 0.0439453125 0.27405029368575623 0.057499999999999996 0.113829
0 0.0951953125 0.18165271806167402 0.026874999999999996 0.05550299999999998
0 0.1353125 0.2222644346549192 0.04874999999999999 0.08654800000000003
0 0.170078125 0.2556030058737151 0.036250000000000004 0.08278500000000001
0 0.206484375 0.41307229809104257 0.075625 0.174035
0 0.202109375 0.14262428781204112 0.013124999999999998 0.031043999999999995
0 0.2973828125 0.5386690279001469 0.19749999999999998 0.3922860000000001
0 0.2575 0.3470808810572687 0.09562500000000002 0.337724
0 0.2411328125 0.13250500293685755 0.010000000000000009 0.04139300000000001
0 0.2671875 0.1444821483113069 0.01749999999999996 0.07714000000000001
0 0.347421875 0.38914072687224666 0.09000000000000002 0.17779800000000007
0 0.3789453125 0.49865515859030835 0.15125 0.221072
0 0.3512890625 0.13443286196769455 0.019374999999999976 0.06961400000000002
0 0.3915625 0.3499057209985315 0.04750000000000004 0.09501400000000007
0 0.415390625 0.3876954375917768 0.05249999999999999 0.12699900000000006
0 0.420234375 0.12204214537444935 0.012500000000000011 0.03668899999999998
0 0.445625 0.4623580102790015 0.06375000000000003 0.14581300000000008
0 0.4381640625 0.119518859030837 0.019374999999999976 0.02916300000000001
0 0.4886328125 0.5363990161527166 0.073125 0.22859799999999997
0 0.50296875 0.40175915859030836 0.08749999999999997 0.22201400000000002
0 0.4806640625 0.13796614684287814 0.01937500000000003 0.058324999999999995
0 0.4998828125 0.13714000440528634 0.011249999999999982 0.06208800000000001
0 0.5450390625 0.5889420190895741 0.08187500000000003 0.26999100000000004
0 0.5260546875 0.25000486490455215 0.03750000000000009 0.10912499999999999
0 0.5284375 0.1237402892804699 0.016249999999999987 0.051740000000000015
0 0.6825390625 0.8545725917767988 0.23812500000000003 0.286924
0 0.62015625 0.6206524449339207 0.10250000000000004 0.23142000000000007
0 0.6304296875 0.4084590161527165 0.06875000000000009 0.22765799999999997
0 0.6301171875 0.15882286343612337 0.02312499999999995 0.08842799999999999
0 0.7044140625 0.6598188722466961 0.11249999999999993 0.213547
0 0.673515625 0.17199286343612336 0.020625000000000004 0.08842900000000004
0 0.696796875 0.17116672099853159 0.028125000000000067 0.094073
0 0.719765625 0.1747000058737151 0.020625000000000004 0.08466600000000003
0 0.758984375 0.48816916152716594 0.07562499999999994 0.26246499999999995
0 0.75390625 0.2305244390602056 0.040000000000000036 0.14769500000000002
0 0.827265625 0.20868086343612335 0.020625000000000004 0.08842900000000005
0 0.8502734375 0.16520128781204113 0.02937500000000004 0.031044999999999975
0 0.867265625 0.2560382966226138 0.05124999999999991 0.154281
0 0.929140625 0.4147004434654919 0.05124999999999991 0.2097840000000001
0 0.9219921875 0.20443629368575622 0.02312499999999995 0.113829
0 0.9798046875 0.4547157327459619 0.038124999999999964 0.25870200000000004
