0 0.9306637500000001 0.46569330656934305 0.08593799999999985 0.515329
0 0.033203125 0.7576639124087593 0.068359 0.48175199999999996
0 0.1738284375 0.5897811678832117 0.123047 0.779562
0 0.39843762499999996 0.5386863211678832 0.08398400000000006 0.6350359999999999
0 0.47167987499999997 0.5021892846715329 0.05957000000000001 0.534307
0 0.47753924999999997 0.3007294306569343 0.04003900000000005 0.132847
0 0.511718875 0.306569700729927 0.058593999999999924 0.14890499999999995
0 0.5556640625 0.5751822335766423 0.14453100000000008 0.715329
0 0.616210875 0.27007276642335765 0.028320000000000012 0.08759100000000003
0 0.6650395 0.531387299270073 0.11035099999999998 0.655474
0 0.6406250625 0.27737210218978103 0.018554999999999988 0.03941599999999994
0 0.715819875 0.5153285766423358 0.05957099999999993 0.5299270000000001
0 0.75683625 0.47153268613138694 0.040038999999999936 0.4277370000000001
0 0.790039 0.46423323357664237 0.03320299999999998 0.318248
0 0.7988285625 0.4102185036496351 0.03417900000000007 0.331387
0 0.8388675 0.42043794160583936 0.04785099999999998 0.3211680000000001
0 0.865234875 0.3868611313868613 0.05957000000000001 0.278832
