0 0.080078125 0.7533328888888888 0.160625 0.28
0 0.4580078125 0.8006245555555556 0.916875 0.39444499999999993
0 0.320625 0.8775696666666666 0.03250000000000003 0.24111099999999996
0 0.3591015625 0.9010421111111112 0.03437499999999999 0.19333299999999987
0 0.481796875 0.7990275555555555 0.02812500000000001 0.17555600000000007
0 0.664296875 0.7500691111111111 0.24687499999999996 0.2544450000000001
0 0.612421875 0.9470142222222222 0.059374999999999956 0.10222199999999997
0 0.6890625 0.9565975555555555 0.078125 0.08222199999999999
0 0.7965625 0.8903467777777776 0.04875000000000007 0.21444500000000005
0 0.8694921875 0.4973608888888889 0.08437499999999998 0.09111099999999991
0 0.9009765625 0.8032641111111112 0.03437499999999993 0.19111099999999986
