0 0.91625 0.8297258169838947 0.15812499999999996 0.338649
0 0.060546875 0.8256752035139092 0.1225 0.3461540000000001
0 0.4990234375 0.7597028726207906 0.999375 0.4765480000000001
0 0.192578125 0.8409386573938505 0.1925 0.3133210000000002
0 0.39152343749999996 0.8820821786237188 0.405 0.2326460000000001
0 0.32953125 0.3333108960468521 0.04062500000000002 0.111632
0 0.596171875 0.29592709224011715 0.028749999999999942 0.07129499999999998
0 0.688828125 0.29679499414348465 0.03562500000000002 0.09193300000000001
0 0.7419140625 0.2934548653001464 0.04999999999999993 0.08818000000000002
0 0.8074609375 0.8680553382137628 0.17062499999999992 0.2598500000000001
0 0.7828515625 0.29409525183016105 0.034375000000000044 0.09756100000000004
0 0.87515625 0.2970235095168375 0.040000000000000036 0.10506500000000002
