0 0.3397939375 0.7712196969696969 0.046667000000000014 0.19441599999999987
0 0.3007890625 0.6692486363636364 0.01933299999999999 0.073423
0 0.367484375 0.7963512121212122 0.04333300000000001 0.12512899999999985
0 0.40544825 0.7075368787878787 0.10266599999999998 0.15925499999999998
0 0.4707421875 0.7046020000000001 0.023332999999999993 0.10134399999999993
0 0.4920283125 0.6917835454545456 0.02733399999999997 0.0920369999999999
0 0.597890625 0.7823321515151515 0.17600000000000005 0.30403300000000005
0 0.703484375 0.8190784848484849 0.04399999999999993 0.171665
0 0.765625 0.7197282727272727 0.03200000000000003 0.047570000000000036
0 0.774432625 0.8266052727272726 0.020000000000000018 0.14787999999999998
0 0.888723625 0.8075338484848485 0.05266700000000002 0.09720699999999988
0 0.92296875 0.8976462424242424 0.08599999999999997 0.08583299999999995
