0 0.73375 0.7209895833333334 0.125 0.2383329999999999
0 0.215078125 0.7690104166666666 0.06812499999999999 0.13916700000000018
0 0.294921875 0.78328125 0.09062500000000001 0.10166699999999995
0 0.3515234375 0.7626559166666667 0.02937500000000004 0.15499999999999994
0 0.4416015625 0.7191663333333334 0.15875 0.16916699999999998
0 0.5234765625 0.68661425 0.03500000000000003 0.10333399999999997
0 0.5470703125 0.6936975833333333 0.026874999999999982 0.080834
0 0.5732421875 0.6780729166666667 0.021874999999999978 0.09333300000000004
0 0.5867578125 0.7230211666666667 0.041874999999999996 0.06916600000000006
0 0.6378125 0.72119825 0.04874999999999996 0.16583299999999998
0 0.816953125 0.7266145833333333 0.0993750000000001 0.14333299999999993
0 0.884921875 0.70375 0.05937500000000007 0.19000000000000009
