0 0.923515625 0.5131988823529412 0.083125 0.431262
0 0.08484375 0.4686387058823529 0.05625 0.22598800000000005
0 0.1384375 0.6890051764705882 0.140625 0.6082860000000001
0 0.2810546875 0.6446108235294117 0.16375 0.696798
0 0.3630078125 0.48394764705882354 0.10374999999999995 0.18926600000000007
0 0.3475 0.42476499999999995 0.033125000000000016 0.10169500000000005
0 0.453046875 0.6502598235294118 0.184375 0.6958569999999998
0 0.5162109375 0.47416094117647056 0.10875000000000001 0.266478
0 0.576875 0.47305047058823524 0.06437499999999996 0.23352100000000003
0 0.6165625 0.4594027647058823 0.04749999999999999 0.21092199999999997
0 0.6876953125 0.515389705882353 0.18312499999999998 0.37570600000000004
0 0.8052734375 0.5134544117647059 0.06062499999999993 0.34745699999999996
0 0.85484375 0.5456183529411764 0.05625000000000002 0.212806
