0 0.11277343749999999 0.7458352864674869 0.155 0.4825650000000001
0 0.1416015625 0.18285399297012303 0.035 0.17547799999999994
0 0.2144140625 0.7322680632688928 0.17562499999999998 0.45106799999999997
0 0.177421875 0.20261095430579962 0.05875 0.12148500000000005
0 0.1648828125 0.12738738488576448 0.010000000000000009 0.07311600000000001
0 0.2205859375 0.18503476977152897 0.04500000000000001 0.14285699999999996
0 0.2790234375 0.7206674710017575 0.12437499999999999 0.46119199999999994
0 0.25359375 0.18686146221441124 0.05499999999999999 0.17772699999999997
0 0.369296875 0.1625352776801406 0.028124999999999956 0.20022500000000004
0 0.3921484375 0.2038758927943761 0.029374999999999984 0.12935899999999997
0 0.414765625 0.15852780843585237 0.05124999999999996 0.19572599999999993
0 0.4540234375 0.1668236239015817 0.029374999999999984 0.21709699999999998
0 0.62953125 0.16028527768014061 0.13375000000000004 0.19797599999999996
0 0.807578125 0.17076086994727593 0.036250000000000004 0.18897699999999998
0 0.842578125 0.16274693145869948 0.03562500000000002 0.182227
0 0.86875 0.15923199297012303 0.03312499999999996 0.175478
0 0.9053515625 0.16351933919156417 0.03437499999999993 0.19122699999999995
