0 0.6837109375 0.6852428507462687 0.04562500000000003 0.19006699999999996
0 0.2462109375 0.6940171641791045 0.04625000000000001 0.1738299999999999
0 0.275703125 0.6744384626865673 0.036250000000000004 0.19770800000000008
0 0.305390625 0.6824969253731342 0.05124999999999996 0.195798
0 0.343125 0.6792727014925373 0.03312499999999996 0.17860600000000001
0 0.36484375 0.6869745373134327 0.05499999999999999 0.20343899999999998
0 0.3989453125 0.6682291641791045 0.02562500000000001 0.17573999999999995
0 0.4355859375 0.6952705522388061 0.04624999999999996 0.16618899999999992
0 0.4510546875 0.6458437014925374 0.03875000000000001 0.1766949999999999
0 0.4919921875 0.6852428507462687 0.05375000000000002 0.18815700000000005
0 0.515234375 0.6671540895522389 0.043749999999999956 0.1700099999999999
0 0.5450390625 0.6735417014925372 0.050000000000000044 0.1786060000000001
0 0.574453125 0.6608273134328359 0.03562500000000002 0.1872020000000001
0 0.6110546875 0.6850037014925372 0.03749999999999998 0.17669500000000024
0 0.6401953125 0.688821104477612 0.026875000000000093 0.1289399999999999
0 0.726953125 0.6831519402985075 0.03687499999999999 0.15663800000000005
0 0.7791796875 0.6682291641791045 0.038124999999999964 0.17383000000000007
0 0.8354296875 0.6699608507462688 0.03874999999999995 0.19006699999999996
