0 0.1150390625 0.4081808766519824 0.08062500000000002 0.27349599999999996
0 0.1858984375 0.3835702995594713 0.06125 0.19454899999999994
0 0.1981640625 0.4770880088105727 0.081875 0.12406000000000003
0 0.2485546875 0.35678586930983847 0.06937499999999999 0.17105199999999995
0 0.28859375 0.451828866372981 0.08687500000000001 0.13063899999999995
0 0.2946875 0.35144172246696037 0.04812500000000003 0.11560099999999994
0 0.3401171875 0.3940261571218796 0.085625 0.20206799999999994
0 0.3945703125 0.4466014375917768 0.11937499999999995 0.12687899999999994
0 0.376015625 0.30621186490455216 0.05249999999999999 0.10996199999999999
0 0.4179296875 0.3852155844346549 0.06937500000000002 0.183271
0 0.47125 0.339517436123348 0.06437500000000002 0.10620299999999999
0 0.500234375 0.44953829515418503 0.07437499999999997 0.132518
0 0.5014453125 0.30468557709251104 0.02562500000000001 0.07988699999999999
0 0.532109375 0.36976701321585903 0.043749999999999956 0.18515000000000006
0 0.5699609375 0.30016243318649044 0.04500000000000004 0.06672899999999997
0 0.5912109375 0.4474235800293686 0.07687500000000003 0.12311999999999991
0 0.6037109375 0.36342386784140973 0.07687499999999992 0.150376
0 0.643125 0.28841272393538914 0.0625 0.13533800000000004
0 0.6776953125 0.4604047239353891 0.08937499999999998 0.136278
0 0.67375 0.3594301527165933 0.06437500000000007 0.13909699999999994
0 0.705234375 0.3030402922173275 0.04312500000000008 0.09116499999999998
0 0.733515625 0.3719997254038179 0.05249999999999999 0.15601500000000001
0 0.7662109375 0.451828866372981 0.07687500000000003 0.13063899999999995
0 0.7630078125 0.3108530058737151 0.04249999999999998 0.08270699999999995
0 0.799375 0.379576584434655 0.06375000000000008 0.18326999999999996
0 0.8594140625 0.4559994375917768 0.08187500000000003 0.12688000000000002
0 0.8933984375 0.390500872246696 0.09249999999999992 0.21146700000000002
