0 0.0439453125 0.5320266881405564 0.089147 0.336047
0 0.3492263125 0.6516495358711567 0.6519379999999999 0.6941860000000001
0 0.378939125 0.2563641786237189 0.067442 0.23372099999999998
0 0.55751525 0.2544313806734993 0.03953499999999999 0.10232599999999999
0 0.60873875 0.2984402767203514 0.05581400000000003 0.21279100000000004
0 0.6621975 0.2809097247437774 0.04728700000000008 0.267442
0 0.9007572500000001 0.6184432415812592 0.19612399999999997 0.758139
0 0.8678250625 0.22320644216691068 0.04883699999999991 0.14883699999999997
0 0.9612209375 0.15787434407027817 0.04496099999999992 0.16860399999999998
0 0.9824925624999999 0.20231895754026355 0.033334000000000086 0.160465
