0 0.0166015625 0.4009914602917342 0.034375 0.21265599999999996
0 0.3774609375 0.41868495623987034 0.13875000000000004 0.39626600000000006
0 0.469921875 0.289999602917342 0.06 0.10995799999999996
0 0.544453125 0.3971014424635332 0.09875 0.22510299999999997
0 0.5487109375 0.29414860291734196 0.04500000000000004 0.109958
0 0.570703125 0.300372602917342 0.03562500000000002 0.10788399999999994
0 0.6005078125 0.30406941977309565 0.011250000000000093 0.059128999999999966
0 0.6146875 0.31930565640194486 0.015625 0.069502
0 0.634609375 0.3102934197730956 0.012499999999999956 0.061203999999999995
0 0.6465625 0.3264371653160454 0.016874999999999973 0.064315
0 0.67640625 0.29317845542949755 0.008750000000000036 0.033194999999999995
0 0.69640625 0.30426469205834683 0.008125000000000049 0.04460600000000002
0 0.7753125 0.4190117909238249 0.14187500000000008 0.334025
