0 0.0048828125 0.5837982195845698 0.011704 0.13
0 0.07243206249999999 0.6000663857566766 0.01902000000000001 0.09000000000000004
0 0.087307625 0.6153020148367953 0.020483 0.157777
0 0.1016930625 0.6267655786350149 0.018288000000000013 0.1344439999999999
0 0.1153511875 0.6267726172106826 0.021946000000000007 0.1444439999999999
0 0.13729349999999998 0.6238052581602375 0.016093000000000024 0.136666
0 0.15265918750000002 0.6297198605341245 0.023408999999999985 0.12333300000000008
0 0.17046075 0.6260272581602374 0.024139999999999995 0.136666
0 0.20390106249999998 0.7906623768545994 0.08120000000000002 0.39666699999999994
0 0.1721619375 0.5418895519287834 0.015362000000000015 0.05222199999999993
0 0.18582275 0.6167394243323442 0.024871999999999977 0.09888899999999999
0 0.1916710625 0.5474445519287834 0.018288000000000026 0.05333399999999999
0 0.21605293750000001 0.5544842314540059 0.015361999999999987 0.05444400000000004
0 0.23338649999999997 0.7713815816023739 0.047549000000000036 0.3677780000000001
0 0.2314149375 0.5459679109792285 0.015361999999999987 0.05666599999999999
0 0.251916375 0.7580214272997033 0.04389099999999996 0.332223
0 0.2482409375 0.5392878338278932 0.013898999999999967 0.041110999999999856
0 0.31973131250000003 0.7525650059347181 0.08924699999999997 0.46444499999999994
0 0.3433389375 0.536706231454006 0.013898999999999995 0.05444399999999996
0 0.3567515 0.553026706231454 0.01682499999999998 0.08777799999999993
0 0.36967025 0.5507976676557864 0.008047000000000026 0.08000000000000003
0 0.37625425 0.5504189495548961 0.008778999999999981 0.06777800000000006
0 0.3889395 0.552281347181009 0.01682499999999998 0.081111
0 0.3996669375 0.5459940652818991 0.015361999999999987 0.09222200000000007
0 0.47867562500000005 0.5052617833827894 0.020482999999999973 0.1055560000000001
0 0.5289060625 0.5037851424332345 0.01828799999999997 0.11222199999999984
0 0.6166900625 0.5415430267062314 0.019019000000000008 0.084444
0 0.6352226249999999 0.5437650267062315 0.019751000000000074 0.08333400000000003
0 0.6554610625 0.543026706231454 0.019019000000000008 0.08777800000000001
0 0.6844875625 0.6590469258160238 0.03511299999999995 0.2155559999999999
0 0.6979038125 0.6427666824925816 0.04242800000000002 0.23444399999999996
0 0.6874024999999999 0.5133531157270029 0.01682500000000009 0.028889000000000067
0 0.706429875 0.5463798219584569 0.02926099999999998 0.1155560000000001
0 0.7454739375 0.7236428130563798 0.07681099999999996 0.4211119999999999
0 0.7978883125 0.6998908635014837 0.05852299999999999 0.3555559999999999
0 0.8554236875000001 0.5863868605341247 0.03730800000000001 0.123333
0 0.8844290625 0.5737781038575668 0.019020000000000037 0.10333399999999997
0 0.9002811875 0.5552748605341246 0.023409000000000013 0.12444500000000006
0 0.9141765 0.5626741424332344 0.017556999999999934 0.10999999999999999
0 0.928565625 0.551935821958457 0.021214999999999984 0.11333299999999999
