0 0.812399125 0.5975267817109144 0.09857199999999999 0.368932
0 0.015625 0.5265585663716814 0.032857 0.09924500000000003
0 0.0341796875 0.5988101651917405 0.06857100000000001 0.1553399999999999
0 0.045346125 0.439972418879056 0.067857 0.10355900000000011
0 0.0773719375 0.619349353982301 0.07714299999999999 0.1866239999999999
0 0.0639344375 0.41853059882005894 0.030713999999999998 0.05825200000000004
0 0.1287109375 0.6532060678466077 0.107857 0.27939600000000003
0 0.1219921875 0.43033000884955747 0.085 0.08198500000000007
0 0.1330305625 0.3951945250737463 0.034285000000000024 0.061488000000000036
0 0.2008648125 0.7506036165191741 0.16785699999999998 0.21790699999999993
0 0.2622493125 0.6147623805309734 0.182857 0.42718500000000004
0 0.2408875625 0.4242539351032449 0.035 0.08522099999999998
0 0.25814775 0.38775330383480827 0.024285 0.06796099999999994
0 0.321439875 0.6173875103244838 0.059286000000000005 0.262136
0 0.360435125 0.4128936401179941 0.03571399999999997 0.09493000000000004
0 0.397734375 0.6469536253687315 0.10714300000000004 0.2966560000000001
0 0.379296875 0.520963796460177 0.05928600000000006 0.16936399999999996
0 0.39591475 0.4416237138643068 0.05642900000000001 0.09385099999999996
0 0.49026800000000004 0.6144330442477876 0.156428 0.400216
0 0.5069368125 0.4020634513274336 0.04142800000000002 0.0625669999999999
0 0.558158625 0.5384865427728613 0.08285699999999996 0.21898600000000001
0 0.5371711875 0.38929482005899707 0.022141999999999995 0.04854299999999998
0 0.551819625 0.4034707876106195 0.05142799999999992 0.08953599999999996
0 0.5866569375 0.6217025103244839 0.07714299999999996 0.2621359999999999
0 0.6067469375 0.486358418879056 0.046428000000000025 0.1035600000000001
0 0.671729625 0.5913933451327434 0.08357199999999998 0.10895299999999992
0 0.66805775 0.4032944188790561 0.05642900000000006 0.10463899999999997
0 0.7065852499999999 0.46051160766961646 0.07214200000000004 0.13807900000000004
0 0.7381586250000001 0.5646626902654868 0.08285699999999996 0.21359199999999995
0 0.780435125 0.39728493510324486 0.036428999999999934 0.08522100000000002
0 0.8063671875 0.40199586135693216 0.053570999999999924 0.08737900000000005
0 0.9816015625 0.36311867256637165 0.03428600000000004 0.053936999999999964
