0 0.2320703125 0.6577565949367088 0.338125 0.679838
0 0.218828125 0.37818098734177213 0.13062499999999996 0.19554200000000008
0 0.249140625 0.4609031898734177 0.14500000000000002 0.3556229999999999
0 0.255625 0.33665353164556966 0.06437500000000002 0.14285699999999998
0 0.48234375 0.3576113670886076 0.05624999999999997 0.15197500000000003
0 0.5087109375000001 0.3766542151898734 0.07687499999999997 0.219858
0 0.566484375 0.3700749873417722 0.07437499999999997 0.19554199999999994
0 0.61890625 0.390394493670886 0.10250000000000004 0.22289800000000007
0 0.6766796875 0.4356432405063292 0.10125000000000006 0.33232
0 0.7978125 0.5121014936708861 0.23562499999999997 0.972645
0 0.89984375 0.5239442151898734 0.1499999999999999 0.47011099999999995
