0 0.0634765625 0.898683375 0.12870399999999999 0.20000000000000007
0 0.0432364375 0.8815395 0.062036999999999995 0.11018500000000009
0 0.1328194375 0.9435764999999999 0.12407400000000002 0.11018500000000009
0 0.274319875 0.4902413125 0.402778 0.338889
0 0.12076062500000001 0.8453918125000001 0.05185199999999998 0.07407399999999997
0 0.35447731250000003 0.906611875 0.24537099999999995 0.18425900000000006
0 0.453891375 0.88660275 0.04351900000000003 0.05555599999999994
0 0.48882356250000003 0.9063511249999999 0.03425900000000004 0.06759300000000001
0 0.49134875 0.8290440625000001 0.02407400000000004 0.04999999999999982
0 0.754847125 0.179325625 0.223148 0.23888899999999996
