0 0.12300781250000001 0.6680779897510981 0.229375 0.6604130000000001
0 0.14375 0.040995607613469986 0.09499999999999999 0.08349
0 0.1876171875 0.4816603748169839 0.084375 0.190431
0 0.3341015625 0.35372988433382135 0.221875 0.29455899999999996
0 0.27261718749999997 0.036603221083455345 0.08562499999999998 0.075985
0 0.3062109375 0.3553783689604685 0.10875000000000001 0.282364
0 0.4369140625 0.4099535036603221 0.080625 0.19606000000000007
0 0.6173046875 0.5334317994143485 0.31937499999999996 0.6097560000000001
0 0.565625 0.22856073060029286 0.09562499999999996 0.17823599999999998
0 0.68546875 0.551799149341142 0.24250000000000005 0.6866789999999998
