0 0.6734375 0.71671875 0.04812499999999997 0.150833
0 0.058125 0.6877083333333333 0.032499999999999994 0.135833
0 0.0841015625 0.6830208333333334 0.03437499999999999 0.1516669999999999
0 0.1244921875 0.6875 0.023124999999999993 0.12583299999999994
0 0.1541796875 0.6856774166666666 0.037500000000000006 0.13916600000000004
0 0.2175 0.6785413333333333 0.03312499999999999 0.1366670000000001
0 0.3048828125 0.6754166666666667 0.07375000000000004 0.1483329999999999
0 0.4155859375 0.6685413333333333 0.07750000000000001 0.1358340000000001
0 0.5858203125 0.70125 0.213125 0.1875
0 0.69359375 0.66515625 0.025000000000000022 0.07249999999999994
0 0.706171875 0.6521871666666667 0.028124999999999956 0.06999999999999991
0 0.74953125 0.7128128333333333 0.040000000000000036 0.18249999999999997
0 0.8278515625 0.64151075 0.06624999999999992 0.0558330000000001
0 0.8752734375 0.65348925 0.02937500000000004 0.07166699999999993
0 0.9019921875 0.6623955 0.021874999999999978 0.07916699999999999
0 0.95109375 0.6590625 0.024375000000000036 0.07916699999999999
