0 0.91744825 0.16803285358711567 0.10277700000000012 0.2708340000000001
0 0.1171875 0.4743777452415813 0.234722 0.9500000000000001
0 0.279904625 0.6214644055636896 0.08333299999999996 0.21458400000000002
0 0.3359156875 0.1778767364568082 0.10000000000000003 0.08749999999999998
0 0.4262155 0.7354285344070278 0.048611000000000015 0.21875
0 0.4691188125 0.4304172767203514 0.04166700000000001 0.21250000000000002
0 0.5533203125 0.7983220190336748 0.056943999999999884 0.20624999999999988
0 0.5583111875 0.48227489019033676 0.054166999999999965 0.204167
0 0.7069658125 0.8478770131771595 0.07361099999999998 0.29791700000000004
0 0.7173609999999999 0.4368353748169839 0.0625 0.19166599999999998
0 0.7713108750000001 0.10395314787701318 0.09027799999999997 0.21041700000000005
0 0.8552298125 0.5081774363103954 0.04166700000000001 0.23958400000000002
