0 0.2822265625 0.4803718843338214 0.065 0.295497
0 0.3391796875 0.4548595285505125 0.06875000000000003 0.3076920000000001
0 0.3794921875 0.4583840131771596 0.05312499999999998 0.29831100000000005
0 0.4086328125 0.5401631478770132 0.073125 0.20919299999999985
0 0.4141015625 0.4142757920937043 0.065 0.22514100000000004
0 0.4680859375 0.4793378477306003 0.07687499999999997 0.36116300000000007
0 0.5371874999999999 0.48080197657393847 0.07812500000000006 0.36491500000000004
0 0.6082421875 0.48519436310395314 0.08562499999999995 0.37335799999999997
0 0.6776953125 0.4734985534407028 0.08875 0.4230769999999999
0 0.7821875 0.4810477130307467 0.11124999999999996 0.450281
