0 0.033854166666666664 0.037109375 0.069288 0.075843
0 0.13546091666666668 0.0419921875 0.09176 0.085674
0 0.22891758333333334 0.044921875 0.14419499999999996 0.091292
0 0.3097060833333333 0.033203125 0.06741500000000004 0.067416
0 0.36692366666666665 0.0498046875 0.14606799999999998 0.099719
0 0.45862566666666665 0.0302734375 0.05430699999999996 0.061798
0 0.48801775 0.0390625 0.05618000000000012 0.078652
0 0.5537950833333333 0.048828125 0.09737799999999996 0.098315
0 0.6235809166666666 0.0341796875 0.06179800000000002 0.070225
0 0.71776975 0.0693359375 0.11797800000000007 0.140449
0 0.7685952500000001 0.02734375 0.03932599999999997 0.056179999999999994
0 0.8274374166666667 0.0400390625 0.14044899999999996 0.081461
0 0.9230456666666669 0.02734375 0.05430699999999981 0.054775
0 0.9662779166666665 0.0665923125 0.06179700000000018 0.11938199999999999
