0 0.3596484375 0.6692072767203514 0.06062500000000004 0.2129450000000001
0 0.086796875 0.6596860805270863 0.05999999999999999 0.25422100000000003
0 0.204375 0.6747651786237189 0.06375 0.23264600000000002
0 0.19515625 0.5273105402635432 0.03937499999999999 0.127579
0 0.252265625 0.6808060497803806 0.05125000000000002 0.22889299999999996
0 0.2739453125 0.5507884787701317 0.026875000000000038 0.08067500000000007
0 0.3251953125 0.5582934787701317 0.026874999999999982 0.08067500000000007
0 0.3899609375 0.5587495095168374 0.015000000000000013 0.10506499999999998
0 0.4072265625 0.5641499941434845 0.0037499999999999756 0.091932
0 0.4264453125 0.5685423806734993 0.02562500000000001 0.10131300000000007
0 0.446640625 0.5590912825768668 0.020625000000000004 0.12101300000000001
0 0.46921875 0.564307411420205 0.02437499999999998 0.123828
0 0.60234375 0.567078251830161 0.024375000000000036 0.09943699999999996
0 0.87703125 0.635707951683748 0.07124999999999992 0.24953100000000006
0 0.9603125 0.6971926456808198 0.078125 0.49249599999999993
