0 0.0416796875 0.7888781229868229 0.0375 0.09662299999999995
0 0.1039453125 0.7695208960468521 0.02562500000000001 0.11350800000000007
0 0.1476953125 0.7673462825768667 0.02562499999999998 0.12195099999999999
0 0.1501953125 0.7853104787701317 0.02562499999999998 0.0797370000000001
0 0.1856640625 0.7826097364568081 0.018125000000000002 0.08724200000000004
0 0.2007421875 0.7691090248901904 0.023125000000000007 0.11538400000000001
0 0.212421875 0.77739360761347 0.028124999999999983 0.08255099999999986
0 0.38453125 0.7998557306002928 0.28937500000000005 0.17823599999999998
0 0.5869140625 0.7790852518301611 0.01937500000000003 0.09849899999999998
0 0.5976171875 0.7870021229868227 0.021874999999999978 0.09662299999999995
0 0.6144921875 0.7851261229868228 0.021874999999999978 0.0947469999999999
0 0.6327734375 0.7870021229868227 0.030625000000000013 0.09474699999999982
0 0.7158984375 0.8085781229868229 0.030625000000000013 0.09380900000000002
0 0.7421875 0.7826538960468522 0.015625 0.11163200000000004
0 0.75671875 0.7913945095168374 0.024375000000000036 0.10412800000000005
0 0.7639453125 0.7803660248901902 0.026874999999999982 0.1153840000000001
0 0.8108984375 0.7902020556368962 0.030625000000000013 0.1397749999999999
0 0.8534765625 0.7876866691068812 0.03499999999999992 0.13039400000000015
0 0.8774609375 0.7837503133235725 0.04500000000000004 0.14352700000000004
