0 0.371953125 0.5993619756097561 0.03687499999999999 0.19687799999999997
0 0.3179296875 0.5476624221388368 0.03875000000000001 0.16446599999999997
0 0.3321484375 0.5728724221388368 0.029374999999999984 0.16206500000000004
0 0.4374609375 0.6713114221388367 0.07687500000000003 0.16446600000000017
0 0.494375 0.6522547673545968 0.03125 0.1704679999999999
0 0.51265625 0.6081394577861163 0.03937499999999999 0.18727400000000002
0 0.5332421875 0.46519614258911823 0.02187500000000009 0.09363799999999989
0 0.5435546875 0.6100156303939962 0.03874999999999995 0.18967500000000007
0 0.6140234375 0.44058952345215757 0.030625000000000013 0.12124900000000007
0 0.6457421875 0.4435153508442776 0.021874999999999978 0.11644700000000009
0 0.7170703125 0.47705655909943717 0.02562500000000001 0.14525799999999991
0 0.765234375 0.36488096998123826 0.013124999999999942 0.08643400000000005
0 0.8699609375 0.4178523151969981 0.014374999999999916 0.09603899999999999
0 0.8890625 0.4186788330206379 0.016874999999999973 0.10804399999999992
0 0.954140625 0.3953450056285179 0.02124999999999999 0.10924399999999998
0 0.9744140625 0.3970708330206379 0.018125000000000058 0.105642
0 0.992109375 0.3630833508442776 0.013125000000000053 0.11764700000000004
