0 0.049570312500000005 0.5764742300884956 0.057499999999999996 0.07082199999999991
0 0.0650390625 0.4466224601769912 0.081875 0.14353199999999997
0 0.1723828125 0.4669208702064897 0.073125 0.1661939999999999
0 0.3401171875 0.5345288495575222 0.27312499999999995 0.6487259999999998
0 0.5796875 0.7018940412979351 0.016874999999999973 0.038715000000000055
0 0.5932421875 0.6831248938053098 0.021874999999999978 0.04438099999999987
0 0.76875 0.6669511179941003 0.25 0.395656
0 0.713671875 0.5266619351032449 0.02750000000000008 0.08498499999999996
0 0.7276171875 0.5228839351032447 0.021874999999999978 0.08498600000000013
0 0.9390234375 0.408571598820059 0.030625000000000013 0.05854500000000001
