0 0.27728613569321536 0.3154296875 0.555241 0.63125
0 0.4054168377581121 0.2403515625 0.20868700000000007 0.31625
0 0.6229082389380531 0.2280859375 0.15203000000000003 0.17062499999999997
0 0.6415133775811209 0.15890625 0.065156 0.071875
0 0.7403334365781711 0.43472656249999997 0.26345599999999997 0.47125000000000006
0 0.681470598820059 0.1712890625 0.05665699999999995 0.14375
0 0.8351048141592919 0.597890625 0.327668 0.801875
0 0.7483977463126843 0.183359375 0.05099099999999997 0.10625000000000001
0 0.8713557315634218 0.1633984375 0.253069 0.09187500000000001
0 0.8144434100294984 0.1520703125 0.02360700000000031 0.02562500000000001
