0 0.030625 0.2924307777777778 0.031875 0.15222199999999997
0 0.1770703125 0.4512498888888889 0.08812500000000001 0.34222199999999997
0 0.3923828125 0.4659023333333333 0.10499999999999998 0.32555599999999996
0 0.4620703125 0.24263844444444446 0.025624999999999953 0.07888899999999996
0 0.5500390625 0.47659744444444446 0.11250000000000004 0.3588889999999999
0 0.536328125 0.2844443333333333 0.03562499999999991 0.168889
0 0.5844921875 0.28597222222222224 0.021874999999999978 0.13444399999999998
0 0.623203125 0.23465299999999997 0.06812499999999999 0.09555499999999999
0 0.6627734375 0.49881966666666666 0.09250000000000003 0.30222200000000005
0 0.7089453125 0.32291622222222227 0.12 0.2599999999999999
0 0.799921875 0.34451411111111113 0.059374999999999956 0.25666599999999995
0 0.8748046875 0.25222255555555556 0.10125000000000006 0.11444400000000002
0 0.8801953125 0.415069 0.057499999999999996 0.28444500000000006
0 0.9289453125 0.3553476666666666 0.057499999999999996 0.24222200000000005
