0 0.3023046875 0.808205443465492 0.03749999999999998 0.21052700000000005
0 0.0126953125 0.817546584434655 0.025625 0.18327000000000002
0 0.016171875 0.6829751468428781 0.028125 0.058271000000000066
0 0.0287890625 0.5829395756240823 0.018125 0.059210999999999944
0 0.0397265625 0.79181801174743 0.034375 0.167294
0 0.0538671875 0.5982122907488987 0.023125000000000007 0.07330800000000001
0 0.0708984375 0.7006541512481644 0.030624999999999993 0.11748200000000002
0 0.104921875 0.8702965814977973 0.05875 0.14285700000000018
0 0.1129296875 0.7207437239353891 0.03874999999999999 0.13721799999999995
0 0.1036328125 0.5827058604992659 0.011249999999999996 0.04793199999999997
0 0.119609375 0.5828817165932453 0.013124999999999984 0.03477500000000002
0 0.14484375 0.5812374317180617 0.024375000000000008 0.044171999999999954
0 0.1668359375 0.5755974317180617 0.013749999999999984 0.04605299999999994
0 0.194296875 0.8613091527165934 0.06 0.14003799999999977
0 0.1768359375 0.5845848604992657 0.014374999999999999 0.04793300000000003
0 0.2169921875 0.6593022907488987 0.023125000000000007 0.07142899999999999
0 0.2324609375 0.8104970146842877 0.046249999999999986 0.20582700000000007
0 0.2531640625 0.6792740058737151 0.018125000000000002 0.08458599999999994
0 0.2740625 0.5831164317180616 0.01687500000000003 0.04417300000000002
0 0.319921875 0.6740444375917768 0.028124999999999956 0.12687999999999994
0 0.36890625 0.8744092936857564 0.040000000000000036 0.111842
0 0.3637890625 0.6761012936857562 0.018750000000000044 0.113722
0 0.39078125 0.5854080029368576 0.00874999999999998 0.04229300000000001
0 0.40875 0.6889645800293686 0.03187499999999999 0.12124099999999996
0 0.4179296875 0.7504661512481645 0.03750000000000003 0.11748199999999993
0 0.43359375 0.8679481512481644 0.05499999999999999 0.1193599999999999
0 0.4477734375 0.7406565800293686 0.02937500000000004 0.12312
0 0.4680859375 0.6378031483113068 0.015000000000000013 0.07894700000000006
0 0.5087109375 0.5763627151248165 0.014375000000000027 0.013158000000000006
0 0.510234375 0.6155998604992657 0.013124999999999942 0.04793300000000003
0 0.523359375 0.6174208619676946 0.012500000000000067 0.06954899999999999
0 0.53796875 0.6143071483113068 0.024375000000000036 0.07706800000000004
0 0.5540234375 0.7858852980910425 0.02937499999999993 0.1738720000000001
0 0.5789453125 0.7724925829662261 0.026874999999999982 0.16165399999999996
0 0.587421875 0.7027110073421439 0.028125000000000067 0.10432300000000011
0 0.5836328125 0.6130155756240823 0.010624999999999996 0.06015000000000001
0 0.59203125 0.6077871468428782 0.008750000000000036 0.056390999999999976
0 0.6328125 0.6207682907488986 0.016874999999999973 0.07330900000000008
0 0.65734375 0.660006436123348 0.024375000000000036 0.10808300000000004
0 0.743984375 0.8160770161527167 0.043749999999999956 0.22744300000000012
0 0.7460546875 0.6037934317180617 0.007499999999999951 0.044172999999999935
0 0.7516015625 0.574305859030837 0.003750000000000031 0.029136000000000065
0 0.7630078125 0.5845848604992657 0.010624999999999996 0.04793300000000003
0 0.8101171875 0.845857302496329 0.053750000000000075 0.2349629999999999
0 0.8080078125 0.5864648604992657 0.011249999999999982 0.049811999999999974
0 0.8194140625 0.6040281468428781 0.01937499999999992 0.05827099999999998
0 0.8684375 0.6073765756240822 0.015625 0.06015000000000001
0 0.8908984375 0.8297613054331865 0.06062500000000004 0.277256
0 0.9000390625 0.6499042907488988 0.01937500000000003 0.07142799999999992
0 0.919453125 0.8144907298091042 0.03562500000000002 0.21898500000000007
0 0.9209375 0.5906354317180617 0.015625 0.046053000000000024
0 0.9435546875 0.7941095829662261 0.038124999999999964 0.1635339999999999
0 0.943359375 0.5868764317180617 0.013125000000000053 0.046052000000000044
0 0.9599609375 0.5906354317180617 0.015000000000000013 0.046053000000000024
0 0.9809765625 0.791172725403818 0.03500000000000003 0.15789499999999992
0 0.9854296875 0.579944859030837 0.006249999999999978 0.02913599999999998
0 0.992109375 0.6027365741556535 0.013125000000000053 0.038533
