0 0.16193855555555556 0.353168875 0.238032 0.24789500000000003
0 0.20466922222222222 0.3399599375 0.11968100000000005 0.10851200000000005
0 0.32875344444444443 0.369329 0.14095700000000003 0.12628599999999995
0 0.31474577777777774 0.304371375 0.1063830000000001 0.10664200000000001
0 0.41707988888888886 0.324047 0.10505400000000004 0.06361100000000003
0 0.45969277777777784 0.40658275 0.1063829999999999 0.11786700000000006
0 0.48090988888888886 0.2967330625 0.10372400000000002 0.14312499999999997
0 0.5448576666666666 0.426031875 0.10904300000000001 0.15247899999999998
0 0.6282803333333333 0.88525675 0.2167550000000001 0.14873800000000004
0 0.7330378888888889 0.6933344375 0.329787 0.187091
0 0.7755319999999999 0.41351075 0.20079799999999995 0.18147799999999997
0 0.8239948888888888 0.8771256875 0.22872399999999996 0.16276899999999994
