0 0.0078125 0.6142704999999999 0.015625 0.0483340000000001
0 0.033125 0.6392184166666667 0.0325 0.10916699999999994
0 0.0640234375 0.63994825 0.030625 0.10166600000000003
0 0.0753515625 0.6636455 0.03375 0.14249999999999993
0 0.103828125 0.6646878333333334 0.036250000000000004 0.151666
0 0.1230859375 0.62625 0.014374999999999985 0.06500000000000002
0 0.1290625 0.6129684166666666 0.016875 0.045000000000000075
0 0.16109375 0.6327604166666666 0.02437499999999998 0.07750000000000005
0 0.172578125 0.6269274166666666 0.036250000000000004 0.07583300000000004
0 0.2825390625 0.6261975833333334 0.01937500000000003 0.080834
0 0.34359375 0.63828125 0.024375000000000036 0.10166699999999995
0 0.5088671874999999 0.6717705 0.05312500000000003 0.17416700000000004
0 0.549453125 0.66640625 0.0675 0.134167
0 0.604375 0.65463575 0.06312499999999999 0.21166600000000005
0 0.6391015625 0.6141663333333334 0.03374999999999995 0.04416699999999992
0 0.6864453125 0.6203128333333333 0.026249999999999996 0.058333000000000045
0 0.7078125 0.6109375 0.01750000000000007 0.04833299999999996
0 0.7284375 0.60203125 0.016249999999999987 0.040000000000000036
0 0.72890625 0.599792 0.008750000000000036 0.03333299999999998
0 0.9209765625 0.73442675 0.06562499999999993 0.24333399999999994
