0 0.4990234375 0.22702702702702704 0.999375 0.454441
0 0.031718750000000004 0.7020480630630631 0.05499999999999999 0.12918099999999996
0 0.15328125 0.5882164864864865 0.040624999999999994 0.174164
0 0.2067578125 0.6496275225225226 0.041874999999999996 0.2456749999999999
0 0.30484374999999997 0.6813988108108108 0.11812500000000001 0.4232990000000001
0 0.420390625 0.6422705405405406 0.05124999999999996 0.28143000000000007
0 0.4646875 0.6329753243243244 0.048750000000000016 0.25028800000000007
0 0.5216015625 0.6516473153153153 0.03500000000000003 0.2318340000000001
0 0.5358203125 0.49550133333333335 0.05812500000000009 0.26874299999999995
0 0.5735546875 0.641409918918919 0.03749999999999998 0.24106100000000003
0 0.691953125 0.6427075225225225 0.0681250000000001 0.247981
0 0.8527734375 0.6404005225225224 0.030625000000000013 0.24567400000000006
0 0.909765625 0.6331933153153153 0.05125000000000002 0.2341400000000001
