0 0.013671875 0.9716310608424337 0.0275 0.05389199999999995
0 0.030625 0.7931251840873634 0.033125 0.10978000000000021
0 0.0462109375 0.9620294352574102 0.045000000000000005 0.07185600000000023
0 0.0626171875 0.5838539968798752 0.05375 0.10279500000000008
0 0.0608203125 0.8147138081123244 0.025624999999999995 0.14071899999999998
0 0.085078125 0.8382984321372855 0.03562499999999999 0.17165699999999998
0 0.1344921875 0.5363283712948518 0.085625 0.11876199999999999
0 0.136875 0.7637362480499221 0.033125000000000016 0.06486999999999996
0 0.1403125 0.5742989360374414 0.017499999999999988 0.048902
0 0.2112109375 0.8996809313572542 0.139375 0.197605
0 0.1793359375 0.5822829360374415 0.014375000000000027 0.048902
0 0.2034765625 0.7967963728549142 0.03437499999999999 0.06985999999999999
0 0.2052734375 0.7634839984399375 0.030625000000000013 0.05289400000000019
0 0.2071875 0.5878349984399376 0.015625 0.05289400000000001
0 0.291328125 0.9150183073322934 0.03562500000000002 0.16566900000000007
0 0.33453125 0.8576278081123244 0.04062500000000002 0.14271499999999995
0 0.3937109375 0.5751708112324493 0.014999999999999958 0.04091800000000006
0 0.4323828125 0.559076686427457 0.010624999999999996 0.03692600000000005
0 0.4442578125 0.5575166240249609 0.011249999999999982 0.03293400000000004
0 0.6879296875 0.9653332480499219 0.03874999999999995 0.06487000000000005
0 0.833828125 0.9446960592823712 0.0675 0.10578800000000002
0 0.877890625 0.9773668112324495 0.020625000000000004 0.040917999999999975
0 0.9087109375 0.9332245585023401 0.04625000000000001 0.1297399999999999
0 0.941015625 0.9725029360374414 0.05125000000000002 0.04990000000000002
