0 0.6555859375 0.5792578125 0.26374999999999993 0.76125
0 0.0846875 0.5612890625 0.109375 0.36187500000000006
0 0.1476171875 0.5585156250000001 0.146875 0.36374999999999996
0 0.235234375 0.40171875 0.10562500000000002 0.14999999999999997
0 0.244375 0.4705859375 0.09562500000000002 0.17062500000000003
0 0.264765625 0.6559375 0.114375 0.2037500000000001
0 0.37984375 0.4810546875 0.18125000000000002 0.28874999999999995
0 0.7714453125 0.4425 0.11937500000000001 0.250625
0 0.8294140625 0.6915234375 0.17437499999999995 0.12437500000000001
0 0.900625 0.4344921875 0.125 0.30375
