0 0.0322265625 0.922373635359116 0.065 0.151327
0 0.0782421875 0.847922038674033 0.115625 0.257522
0 0.2233203125 0.8270718232044199 0.08875 0.25575200000000015
0 0.27066406249999997 0.9228698508287293 0.081875 0.1522119999999999
0 0.3003515625 0.743646408839779 0.09625 0.2884959999999999
0 0.3825390625 0.9117955745856353 0.08062499999999995 0.17433599999999994
0 0.5213671875 0.8017966077348065 0.08437499999999998 0.2522129999999999
0 0.56875 0.9377644806629833 0.09562500000000007 0.12212400000000001
0 0.6165234375 0.7220851160220995 0.09187499999999993 0.2707959999999999
0 0.6806640625 0.8597493314917127 0.08187500000000003 0.2761059999999999
0 0.6876171875 0.6414876243093923 0.08499999999999996 0.2920359999999999
0 0.6928515625 0.44444853038674037 0.06499999999999995 0.23982299999999993
0 0.7441796875 0.7903754861878451 0.10125000000000006 0.30265500000000006
0 0.83328125 0.6181982707182321 0.07187500000000002 0.299115
0 0.8491796875 0.7796726077348066 0.10000000000000009 0.2522130000000001
0 0.858125 0.8725936077348065 0.09499999999999997 0.25221200000000005
