0 0.061054687499999996 0.7803826470588237 0.07 0.42921699999999985
0 0.11578125 0.7905488823529412 0.070625 0.4126510000000001
0 0.1870703125 0.8034477647058823 0.057499999999999996 0.34036200000000005
0 0.2362109375 0.8873214705882353 0.07687500000000003 0.20632500000000004
0 0.34484375 0.749319294117647 0.08750000000000002 0.45933799999999986
0 0.414921875 0.7698406470588235 0.05937500000000001 0.429217
0 0.478828125 0.7625939411764705 0.06687499999999996 0.408132
0 0.5098437499999999 0.7817047058823529 0.02437499999999998 0.3463850000000001
0 0.543828125 0.8094717647058824 0.036250000000000004 0.34337399999999996
0 0.58296875 0.7746419411764707 0.055624999999999925 0.4051209999999999
0 0.619609375 0.8597412941176471 0.043749999999999956 0.21988000000000002
0 0.672578125 0.7793517647058823 0.0675 0.33885500000000013
0 0.71359375 0.7764312352941176 0.055624999999999925 0.38253
0 0.7380078125 0.7371788235294119 0.073125 0.418675
0 0.7719921875 0.7549685294117647 0.053749999999999964 0.43825299999999995
0 0.8228515625 0.7246596470588237 0.06499999999999995 0.43222899999999986
0 0.89078125 0.7541245294117647 0.07187500000000002 0.3614459999999998
0 0.96625 0.714113705882353 0.06437499999999996 0.5060239999999999
