0 0.0576171875 0.33239801321585905 0.115625 0.185325
0 0.4990234375 0.5096827841409691 0.999375 0.9783630000000001
0 0.10738281250000001 0.46884987224669605 0.13499999999999998 0.21166499999999994
0 0.1005859375 0.30704387224669605 0.10750000000000001 0.213547
0 0.200625 0.11561786196769457 0.033125000000000016 0.06867300000000001
0 0.25875000000000004 0.4323905873715125 0.126875 0.225776
0 0.235703125 0.12736529221732745 0.036250000000000004 0.09219199999999998
0 0.2766796875 0.13654357709251103 0.03812500000000002 0.08090300000000002
0 0.3166796875 0.3575234390602056 0.10000000000000003 0.14863600000000005
0 0.3200390625 0.31720943612334807 0.08187499999999998 0.10818499999999998
0 0.3074609375 0.1463631483113069 0.04500000000000004 0.079022
0 0.4118359375 0.5931875888399413 0.13999999999999996 0.24647199999999994
0 0.4800390625 0.5007200146842878 0.11312499999999998 0.20602099999999998
0 0.4698046875 0.19716314831130688 0.03875000000000001 0.07902200000000001
0 0.497421875 0.4176845800293686 0.09124999999999994 0.12323599999999993
0 0.5163671875 0.35100743759177677 0.08499999999999996 0.12888
0 0.507578125 0.2103790073421439 0.03687499999999999 0.103481
0 0.5503515625 0.2317414331864905 0.034375000000000044 0.066792
0 0.5934765625 0.23256657562408223 0.03499999999999992 0.06114800000000003
0 0.683515625 0.7573788781204113 0.176875 0.29445000000000005
0 0.64296875 0.2493167195301028 0.05500000000000005 0.07525899999999998
0 0.692109375 0.2601921483113069 0.043749999999999956 0.07714000000000001
0 0.7467578125 0.49507601468428786 0.1362500000000001 0.2060209999999999
0 0.7444921875 0.27276572099853164 0.053749999999999964 0.09689599999999991
0 0.8049609375 0.6698691585903084 0.13875000000000004 0.22201299999999985
0 0.8469921875 0.8794683024963289 0.20999999999999996 0.23706500000000005
0 0.8035546875 0.4696760146842879 0.10124999999999995 0.20790199999999992
0 0.7870703125 0.2793507209985316 0.02562500000000001 0.09595499999999997
0 0.8482421875 0.3118182907488987 0.053749999999999964 0.071495
0 0.8955859375 0.31727843465491923 0.04625000000000001 0.08654800000000004
