0 0.9209098361204013 0.6235546875 0.15326900000000007 0.22562499999999996
0 0.897454297658863 0.7143359375 0.07609799999999987 0.07687500000000003
0 0.8993393344481606 0.7898828125 0.061092999999999904 0.104375
0 0.9161008896321071 0.5178125 0.040728999999999856 0.04749999999999999
0 0.9514317424749165 0.78171875 0.09431900000000008 0.15000000000000002
0 0.9534462608695651 0.3051171875 0.08896000000000019 0.085625
0 0.9432833344481606 0.5355078125 0.061094000000000044 0.04249999999999998
0 0.958675779264214 0.3778515625 0.0803860000000002 0.09687499999999999
0 0.9601743712374581 0.489140625 0.04930300000000004 0.05125000000000002
0 0.9822949264214047 0.5008984375000001 0.030011000000000076 0.06124999999999997
0 0.9855109264214048 0.338828125 0.02679500000000002 0.03562500000000002
0 0.9855109264214048 0.5435546875 0.02679500000000002 0.03749999999999998
