0 0.7788671875 0.6837375041322313 0.05437500000000006 0.35661400000000015
0 0.1185546875 0.5319252396694215 0.13125 0.11640199999999998
0 0.1495703125 0.6962088099173555 0.057499999999999996 0.130159
0 0.1744140625 0.6676988429752067 0.080625 0.15872999999999993
0 0.1924609375 0.5394029917355372 0.014999999999999986 0.09523799999999999
0 0.2516796875 0.6516330247933885 0.06937499999999999 0.12381000000000003
0 0.232265625 0.5082596033057851 0.020625000000000004 0.043386999999999946
0 0.3111328125 0.6868165950413222 0.041874999999999996 0.1386240000000001
0 0.342734375 0.6362938842975207 0.04375000000000001 0.09841200000000003
0 0.395078125 0.5731254876033058 0.036250000000000004 0.14179899999999987
0 0.4670703125 0.5658579917355373 0.02562500000000001 0.0952379999999999
0 0.5116796875 0.5134198181818181 0.10000000000000003 0.03915400000000002
0 0.481015625 0.5503173140495867 0.020625000000000004 0.08359800000000012
0 0.5848828125 0.5441688512396694 0.011250000000000093 0.06666700000000007
0 0.678046875 0.5759148512396693 0.028124999999999956 0.06772500000000005
0 0.6950390625 0.5731952396694214 0.01937499999999992 0.11640200000000016
0 0.707890625 0.5806109586776861 0.02124999999999999 0.06349199999999984
0 0.7202734375 0.5972106363636364 0.030625000000000013 0.07301500000000002
0 0.7365625 0.5070708181818182 0.016249999999999987 0.03703699999999996
0 0.941875 0.5958018760330578 0.09499999999999997 0.19153500000000007
