0 0.6439453125 0.5007372093704245 0.05687500000000001 0.25703600000000004
0 0.228515625 0.18301610541727673 0.45875 0.368668
0 0.0316015625 0.2490844729136164 0.035 0.17167
0 0.1193359375 0.3264635036603221 0.045 0.194184
0 0.1938671875 0.09842118448023426 0.021874999999999978 0.140713
0 0.21640625 0.27189708638360177 0.04000000000000001 0.16322699999999998
0 0.232578125 0.08645369985358711 0.03562499999999999 0.153846
0 0.2819140625 0.2512590863836018 0.04999999999999999 0.163227
0 0.298046875 0.060029282576866766 0.02812500000000001 0.121951
0 0.35484375 0.5775027920937043 0.05562499999999998 0.223264
0 0.4433984375 0.48268569399707173 0.15624999999999994 0.24390300000000004
0 0.4001171875 0.5539365344070277 0.053749999999999964 0.2185740000000001
0 0.43984375 0.5614846939970717 0.05625000000000002 0.24390300000000004
0 0.522265625 0.014641288433382138 0.020000000000000018 0.030019
0 0.5497265625 0.49247856515373345 0.06625000000000003 0.24202700000000013
0 0.5459375 0.01171303074670571 0.016249999999999987 0.026266
0 0.577109375 0.029282576866764276 0.012499999999999956 0.060976
