0 0.864609375 0.36268079209370424 0.10624999999999996 0.22514099999999998
0 0.0205078125 0.3326522884333821 0.041875 0.030957
0 0.0927734375 0.46843033821376273 0.185625 0.2598500000000001
0 0.1220703125 0.6865683147877013 0.245625 0.6228890000000001
0 0.170078125 0.4680444055636896 0.09875 0.2148220000000001
0 0.26457031249999996 0.538235270863836 0.15125000000000002 0.30393999999999993
0 0.27035156250000003 0.42535715373352856 0.0975 0.11913699999999998
0 0.327265625 0.26227034992679354 0.020625000000000004 0.078799
0 0.4211328125 0.6781512532942899 0.1975 0.5750470000000001
0 0.3694140625 0.4305732825768667 0.08187500000000003 0.12101300000000001
0 0.33703125 0.25678154612005855 0.00874999999999998 0.03658499999999998
0 0.3470703125 0.2635059633967789 0.026875000000000038 0.06941900000000002
0 0.540546875 0.58959303806735 0.15375000000000005 0.41181999999999996
0 0.6440625 0.5883574245973645 0.10999999999999999 0.420263
