0 0.5174609375 0.5776006149341142 0.13937500000000003 0.4709190000000001
0 0.0087890625 0.5300803806734993 0.01875 0.10037500000000009
0 0.01953125 0.984096159590044 0.040625 0.02814300000000003
0 0.1067578125 0.9276891844802343 0.10500000000000001 0.14165100000000008
0 0.26460937500000004 0.9498172518301611 0.07562499999999997 0.09756100000000008
0 0.35296875 0.9525169941434847 0.15000000000000002 0.09193300000000006
0 0.530859375 0.9367284114202049 0.19999999999999996 0.12382700000000019
0 0.8026953125 0.7795430688140558 0.181875 0.43621000000000004
0 0.930234375 0.7935699092240118 0.13750000000000007 0.40900600000000004
0 0.9545703125 0.9569794787701318 0.08875 0.0816140000000001
