0 0.0565625 0.48739550000000004 0.07875 0.203334
0 0.272578125 0.4122913333333333 0.036250000000000004 0.07500000000000002
0 0.3033984375 0.41984375 0.030625000000000013 0.05666699999999995
0 0.5213671875 0.4432809166666667 0.02312499999999995 0.05999999999999998
0 0.5726171875 0.4672395833333334 0.02312499999999995 0.04999999999999997
0 0.6034375 0.46875 0.016875000000000084 0.06416700000000002
0 0.632890625 0.5435420000000001 0.05249999999999999 0.2191659999999999
0 0.63546875 0.433958 0.023749999999999938 0.033333999999999975
0 0.71640625 0.6008330000000001 0.10312500000000002 0.37749999999999995
0 0.7842578125 0.5721354166666667 0.07250000000000001 0.2950000000000001
0 0.769296875 0.46171908333333334 0.028750000000000053 0.06583299999999996
