0 0.0126953125 0.2279031229868228 0.025625 0.09662299999999996
0 0.0341796875 0.492548663250366 0.06875 0.221389
0 0.1708203125 0.40314255344070277 0.33875 0.4230770000000001
0 0.04015625 0.3721578286969253 0.070625 0.15759900000000002
0 0.0296484375 0.22245847877013178 0.030625 0.08067499999999998
0 0.0871875 0.44322431332357254 0.04875 0.144465
0 0.0800390625 0.2395278345534407 0.019375000000000003 0.06660400000000004
0 0.1168359375 0.24801499414348463 0.045 0.09286999999999998
0 0.1321875 0.478617859443631 0.04875 0.18105000000000016
0 0.1476171875 0.35596509224011713 0.05437500000000001 0.07223200000000002
0 0.191640625 0.4680444055636896 0.05249999999999999 0.2148220000000001
0 0.191484375 0.34587360761347 0.04374999999999998 0.08255199999999996
0 0.2524609375 0.47605909956076137 0.139375 0.4577859999999999
0 0.2047265625 0.24403447877013176 0.03437500000000002 0.08067500000000007
0 0.2698828125 0.25799122108345535 0.011249999999999982 0.075047
0 0.3120703125 0.34017550951683745 0.026874999999999982 0.10412700000000004
0 0.3508203125 0.4947751537335286 0.057499999999999996 0.11913699999999998
0 0.395703125 0.3334500922401171 0.03687499999999999 0.07129500000000003
0 0.4140234375 0.48479792679355777 0.06062500000000004 0.13602300000000014
0 0.476875 0.49605492679355784 0.06437500000000002 0.135085
0 0.4858984375 0.34347147877013173 0.031249999999999944 0.08067500000000002
0 0.5191015625 0.5054359267935579 0.065 0.13696099999999997
0 0.636171875 0.6168075417276719 0.24624999999999997 0.6060040000000001
0 0.583046875 0.5011059209370424 0.09062500000000007 0.2270170000000001
0 0.6144921875 0.5149494055636896 0.08562499999999995 0.21482100000000007
0 0.644921875 0.4233486749633968 0.028125000000000067 0.040337999999999936
0 0.6458203125 0.38124893265007315 0.025624999999999898 0.04409000000000001
0 0.7607421875 0.5751448228404099 0.11687499999999995 0.24765399999999996
0 0.7495703125 0.4766093806734992 0.05750000000000011 0.10037600000000006
0 0.787578125 0.2962429267935578 0.036250000000000004 0.13696100000000005
0 0.845703125 0.6020943689604685 0.130625 0.28236400000000006
0 0.8999609375 0.6482629458272328 0.17125 0.34240200000000015
0 0.90125 0.2983733806734993 0.03312499999999996 0.10225100000000001
0 0.919609375 0.33555460761347 0.04312500000000008 0.08255200000000004
0 0.9194921875 0.3388947364568082 0.022500000000000075 0.08630399999999998
0 0.94328125 0.29420850951683747 0.040000000000000036 0.10506599999999999
