0 0.03125 0.910625 0.063125 0.15666699999999997
0 0.0380859375 0.9189579999999999 0.07625 0.1583340000000001
0 0.220703125 0.9114065833333332 0.09812500000000002 0.17500000000000013
0 0.2917578125 0.3591666666666667 0.04249999999999998 0.085833
0 0.3478515625 0.8831770833333333 0.09687499999999999 0.22333299999999992
0 0.362421875 0.5193746666666667 0.028749999999999998 0.17916700000000008
0 0.3957421875 0.4561975833333333 0.05312499999999998 0.08250000000000002
0 0.398671875 0.31234375 0.05937500000000001 0.18083300000000002
0 0.45390625 0.4463545 0.070625 0.11000000000000003
0 0.5021484375 0.8415621666666667 0.06187499999999996 0.2874999999999999
0 0.5257031249999999 0.8588538333333333 0.06687499999999996 0.2783340000000001
0 0.5754296875 0.7870836666666667 0.06999999999999995 0.2733330000000001
0 0.614765625 0.40005175 0.05249999999999999 0.15000000000000005
0 0.66015625 0.31755174999999997 0.040000000000000036 0.15000000000000002
0 0.6955859375 0.5578645833333332 0.04625000000000001 0.08250000000000002
0 0.6993359375 0.39317675 0.04500000000000004 0.18083400000000002
0 0.7078515625 0.31124966666666665 0.03499999999999992 0.14833399999999997
0 0.7609375 0.88578125 0.07937499999999997 0.2266670000000001
0 0.7533203125 0.5662503333333334 0.05812499999999998 0.10499999999999998
0 0.7773828125 0.40119825000000003 0.04249999999999998 0.16666599999999998
0 0.80875 0.44536458333333334 0.032500000000000084 0.08333300000000003
0 0.826171875 0.4896878333333334 0.028750000000000053 0.15333300000000002
0 0.8490234375 0.4987496666666667 0.030000000000000027 0.14833399999999988
0 0.8896484375 0.8294270833333334 0.06187500000000001 0.28416700000000006
0 0.8879296875 0.4942705 0.03874999999999995 0.17416700000000004
0 0.9202734375 0.45390591666666663 0.02937500000000004 0.09166700000000001
0 0.933515625 0.5306770833333333 0.051875000000000004 0.09666699999999999
0 0.9458984375 0.4891145833333333 0.030000000000000027 0.14416700000000007
0 0.968671875 0.8563538333333334 0.06000000000000005 0.27749999999999986
0 0.97578125 0.4930208333333333 0.039999999999999925 0.15333300000000008
