0 0.486015625 0.8567190833333332 0.05187499999999995 0.19250000000000003
0 0.017578125 0.6281246666666668 0.036875 0.11499999999999992
0 0.0185546875 0.90817675 0.038125 0.18083400000000008
0 0.01953125 0.7845833333333334 0.039375 0.10499999999999998
0 0.0777734375 0.8985934166666666 0.12499999999999999 0.2008340000000001
0 0.042734375000000005 0.5048437499999999 0.04375 0.055000000000000014
0 0.073671875 0.5018746666666667 0.028749999999999998 0.05333399999999999
0 0.0978125 0.6113538333333334 0.0475 0.153334
0 0.1524609375 0.8557809166666667 0.07624999999999998 0.18583399999999997
0 0.2047265625 0.9626562499999999 0.09687499999999999 0.07166700000000015
0 0.2024609375 0.7156249999999998 0.045625 0.15666700000000003
0 0.224375 0.865208 0.06437500000000002 0.09500000000000004
0 0.2562890625 0.6294274166666667 0.049375 0.07583299999999997
0 0.272734375 0.9549996666666667 0.07499999999999998 0.08583400000000004
0 0.2512890625 0.11286425 0.018125000000000002 0.03999999999999998
0 0.2958984375 0.07385416666666667 0.030625000000000013 0.06916700000000002
0 0.32 0.7950003333333333 0.06437500000000002 0.16750000000000012
0 0.3183203125 0.072917 0.026875000000000038 0.06250000000000001
0 0.3376953125 0.9610934166666666 0.05812499999999998 0.07583400000000011
0 0.3563671875 0.7502086666666666 0.08437499999999998 0.17750000000000007
0 0.3579296875 0.06067708333333333 0.03750000000000003 0.09666700000000002
0 0.3958203125 0.967083 0.05812499999999998 0.06333400000000007
0 0.3826953125 0.04895833333333333 0.026249999999999996 0.074167
0 0.4047265625 0.053072916666666664 0.034999999999999976 0.09166699999999998
0 0.4125390625 0.7777604166666666 0.050624999999999976 0.20166700000000018
0 0.4277734375 0.9566666666666667 0.060624999999999984 0.08416700000000003
0 0.431640625 0.04614583333333333 0.020625000000000004 0.057499999999999996
0 0.5060546875 0.43817675 0.03875000000000001 0.055000000000000014
0 0.528671875 0.2533850833333333 0.028124999999999956 0.06583400000000002
0 0.529921875 0.19281283333333335 0.028125000000000067 0.05833299999999999
0 0.542578125 0.37645833333333334 0.036250000000000004 0.07416700000000002
0 0.5529296875 0.5325520833333334 0.03749999999999998 0.06583300000000003
0 0.5634765625 0.22531283333333332 0.03374999999999995 0.05750000000000003
0 0.568671875 0.3773437499999999 0.028124999999999956 0.055000000000000084
0 0.5714453125 0.29187466666666667 0.02562500000000001 0.05333400000000007
0 0.581875 0.045572916666666664 0.03249999999999997 0.091667
0 0.5927734375 0.27921908333333334 0.02937500000000004 0.06583299999999999
0 0.6069921875 0.04359341666666666 0.023125000000000062 0.075834
0 0.6327734375 0.3116149166666667 0.029999999999999916 0.06166600000000003
0 0.6439453125 0.07000033333333333 0.026874999999999982 0.044166000000000004
0 0.658125 0.250417 0.032500000000000084 0.06416599999999999
0 0.6690234375 0.5327086666666666 0.030625000000000013 0.053333000000000075
0 0.6740234375 0.4269788333333333 0.029999999999999916 0.05833400000000003
0 0.6758203125 0.4591663333333333 0.026249999999999996 0.04250000000000006
0 0.729765625 0.042499666666666665 0.020625000000000004 0.084167
0 0.7571484375 0.9610934166666666 0.0618749999999999 0.07583400000000011
0 0.75375 0.0390625 0.03249999999999997 0.08
0 0.7812109375 0.03578091666666667 0.014374999999999916 0.06
0 0.7944921875 0.03630241666666666 0.02187500000000009 0.045000000000000005
0 0.812890625 0.037083 0.020625000000000004 0.063334
0 0.835703125 0.5206767499999999 0.036250000000000004 0.0566670000000001
0 0.8376953125 0.041354166666666664 0.026875000000000093 0.069167
0 0.8641796875 0.04619758333333333 0.03750000000000009 0.080834
0 0.893125 0.04598925 0.03125 0.070834
