0 0.2348046875 0.6925946710013005 0.06874999999999998 0.24646099999999985
0 0.2894921875 0.6016138738621587 0.021874999999999978 0.08742699999999991
0 0.335625 0.6592324018205462 0.06437500000000002 0.26311500000000004
0 0.3896875 0.5899103628088427 0.016874999999999973 0.06328099999999987
0 0.408515625 0.5893401924577373 0.020625000000000004 0.05495399999999996
0 0.5204296875 0.6314763355006503 0.03750000000000009 0.12406299999999985
0 0.6017578125 0.6207551157347204 0.04249999999999998 0.1290590000000001
0 0.6755859375 0.6326641872561768 0.04562500000000003 0.16153199999999995
0 0.703203125 0.6330287971391417 0.036250000000000004 0.15986699999999993
0 0.882578125 0.5967476488946685 0.03687499999999999 0.19900099999999993
