0 0.4225 0.8318822093704247 0.06375000000000003 0.25703499999999985
0 0.051953125 0.8864131844802343 0.06812499999999999 0.142589
0 0.12687500000000002 0.9003008286969254 0.063125 0.15572199999999994
0 0.2023828125 0.8684672093704245 0.041874999999999996 0.25609800000000005
0 0.2180859375 0.8049576017569545 0.04500000000000001 0.17448400000000008
0 0.25265625 0.8344245344070279 0.040624999999999994 0.21951199999999998
0 0.2883203125 0.8677135651537335 0.08875 0.24202599999999977
0 0.29484375 0.74643660761347 0.05624999999999997 0.08255100000000003
0 0.5605859375 0.8580781112737922 0.07687500000000003 0.2767359999999999
0 0.70375 0.845129467057101 0.06374999999999997 0.2617259999999998
0 0.8120703125 0.8314703382137627 0.05812500000000009 0.2579729999999999
