0 0.1826171875 0.5255725833333333 0.366875 0.6750000000000002
0 0.599140625 0.3888020833333334 0.42625 0.628333
0 0.6612890625 0.7926041666666667 0.29937500000000006 0.13249999999999998
0 0.6728125 0.24479166666666666 0.235 0.49
0 0.693125 0.9371875 0.1875 0.11166700000000003
0 0.8832421875 0.6824996666666667 0.17937499999999995 0.08333400000000002
0 0.879375 0.7087499999999999 0.15625 0.0650000000000001
0 0.9130859375 0.19010416666666666 0.17125 0.380833
0 0.9132421875 0.67625 0.14687499999999998 0.06499999999999995
0 0.95125 0.6298961666666666 0.09437499999999999 0.038333000000000096
