0 0.26847656249999996 0.7366961630276565 0.06562500000000002 0.1174269999999999
0 0.351015625 0.8938618733624455 0.05125000000000002 0.054053999999999956
0 0.348046875 0.650157040756914 0.02812500000000001 0.03075500000000011
0 0.3771875 0.7321607059679768 0.078125 0.07642099999999996
0 0.3782421875 0.6507958529839882 0.023125000000000007 0.04007500000000006
0 0.4221484375 0.6495706652110627 0.030625000000000013 0.047530999999999914
0 0.4178125 0.598659289665211 0.01687500000000003 0.06523699999999998
0 0.4857421875 0.7068824978165938 0.053750000000000075 0.07269300000000008
0 0.7262890625 0.5965638733624455 0.01937499999999992 0.054054999999999916
0 0.7446875 0.5881141018922853 0.016250000000000098 0.0745570000000001
0 0.7643359375 0.5885224978165938 0.01375000000000004 0.07269300000000008
0 0.7843359375 0.5947008733624455 0.014375000000000027 0.05405400000000004
0 0.7967578125 0.5820078326055314 0.010000000000000009 0.025163999999999912
0 0.816640625 0.5880616652110626 0.020625000000000004 0.047529999999999954
0 0.9076171875 0.5903864978165939 0.021874999999999978 0.07269299999999991
0 0.92921875 0.5922504978165939 0.024375000000000036 0.072693
0 0.9868359375 0.567327248908297 0.014375000000000027 0.036346999999999935
