0 0.4524738345534407 0.493671875 0.06660400000000004 0.12124999999999997
0 0.1034357364568082 0.6519140625 0.08724200000000003 0.17437500000000006
0 0.17603644802342608 0.3881640625 0.058161 0.08187499999999998
0 0.19086109224011713 0.5151171875 0.07129499999999998 0.11624999999999996
0 0.2920166749633968 0.360703125 0.03846199999999999 0.06812499999999999
0 0.3256474787701318 0.51828125 0.07973800000000003 0.10249999999999992
0 0.34372593265007323 0.35671875 0.04409000000000001 0.05625000000000002
0 0.34484728843338214 0.32453125 0.03001900000000002 0.03937499999999999
0 0.38481757686676427 0.4297265625 0.05909900000000001 0.09749999999999998
0 0.4319673133235725 0.96390625 0.14352700000000004 0.07062500000000005
0 0.38781593265007325 0.35875 0.04596599999999996 0.06312499999999999
0 0.4410584172767203 0.3213671875 0.032832999999999994 0.05312500000000003
0 0.5872342825768668 0.9630078125 0.12288899999999989 0.07250000000000001
0 0.5787730614934115 0.49765625 0.04878099999999994 0.10249999999999992
0 0.5831654480234261 0.43484375 0.05628499999999992 0.05500000000000005
0 0.6038735461200586 0.43765625 0.035647000000000005 0.07187499999999997
0 0.6453069633967788 0.4138671875 0.0694190000000001 0.085625
0 0.6482352210834553 0.5525781249999999 0.07504700000000013 0.13000000000000006
0 0.6586684787701318 0.66875 0.07973700000000002 0.1568750000000001
0 0.7103335768667643 0.6089453125 0.05909899999999993 0.0887500000000001
0 0.7484009267935579 0.957890625 0.13602199999999984 0.08250000000000002
0 0.7468225402635432 0.6726171875 0.12758000000000005 0.14687499999999998
0 0.7623404480234262 0.3536328125 0.05722299999999998 0.073125
0 0.8298123499267935 0.7140234375 0.076923 0.15500000000000003
0 0.8988107613469986 0.876328125 0.19981200000000013 0.22375
0 0.889165803806735 0.3940625 0.043152000000000114 0.078125
0 0.9367101903367497 0.3943359375 0.05159499999999979 0.07687499999999997
0 0.9542797364568083 0.96390625 0.08724199999999996 0.07062500000000005
0 0.9750579326500732 0.380390625 0.045966000000000125 0.08374999999999999
