0 0.7120085 0.6833624692082111 0.04761899999999997 0.197425
0 0.1041243125 0.6366553020527859 0.025714000000000015 0.12160200000000002
0 0.12886175 0.6339364046920821 0.024761999999999992 0.13447799999999993
0 0.308359375 0.7667215542521993 0.13809499999999997 0.46351900000000007
0 0.589765625 0.6306118211143694 0.020000000000000018 0.09442100000000002
0 0.6078606249999999 0.6643008856304985 0.020000000000000018 0.15879800000000005
0 0.6145521875000001 0.6643361612903226 0.022856999999999905 0.161659
0 0.634721125 0.6970980586510265 0.036189999999999944 0.1502139999999999
0 0.634430375 0.5942048592375366 0.012381000000000086 0.04148800000000004
0 0.6602661875 0.6629051612903225 0.022857000000000016 0.16308999999999998
0 0.672719875 0.6558589882697947 0.02761900000000006 0.17024400000000006
