0 0.5730729166666667 0.611875 0.09333299999999996 0.09375
0 0.029583666666666664 0.4641796875 0.022500000000000003 0.03875000000000001
0 0.14197883333333333 0.4675 0.18249999999999997 0.03249999999999997
0 0.14520866666666668 0.406015625 0.05250000000000001 0.05249999999999999
0 0.2530208333333333 0.442578125 0.027500000000000007 0.03562500000000002
0 0.8048434166666666 0.671875 0.3883340000000001 0.09562499999999996
0 0.9403125 0.313359375 0.01583300000000006 0.044375
0 0.9774475833333334 0.3205859375 0.018334 0.04625000000000001
0 0.9811454999999999 0.3104296875 0.015834000000000053 0.03749999999999998
0 0.9918753333333333 0.3166796875 0.01250000000000003 0.03812500000000002
