0 0.0595703125 0.8569270833333333 0.12 0.28416700000000006
0 0.0367578125 0.5978128333333333 0.0725 0.3083329999999999
0 0.0569921875 0.4921878333333334 0.084375 0.15333299999999994
0 0.1590625 0.6560416666666667 0.203125 0.4291669999999999
0 0.0937890625 0.44026041666666665 0.05062499999999999 0.07583299999999997
0 0.1471875 0.46729166666666666 0.07875000000000001 0.116667
0 0.1605859375 0.41703158333333334 0.04500000000000001 0.08166599999999995
0 0.1898046875 0.4133336666666667 0.03749999999999998 0.08499999999999996
0 0.2171484375 0.43375 0.029374999999999984 0.06416700000000002
0 0.2386328125 0.45067708333333334 0.04125000000000001 0.09666700000000006
0 0.290234375 0.4838024166666666 0.10562500000000002 0.170833
0 0.46921875 0.7137496666666667 0.30562500000000004 0.523334
0 0.38328125 0.4960934166666666 0.07124999999999998 0.20166700000000004
0 0.4354296875 0.4283854166666667 0.07 0.1075
0 0.534296875 0.50557325 0.12249999999999994 0.258333
0 0.531484375 0.42250000000000004 0.07499999999999996 0.125833
0 0.5402734375 0.3261458333333333 0.02937500000000004 0.057499999999999996
0 0.5790234375 0.43942708333333336 0.09187500000000004 0.16
0 0.6099609375 0.31651075 0.04499999999999993 0.05499999999999994
0 0.623203125 0.4312496666666667 0.06687500000000002 0.14749999999999996
0 0.72890625 0.72786425 0.25875000000000004 0.5408340000000001
0 0.653046875 0.3940104166666667 0.059374999999999956 0.13999999999999999
0 0.684375 0.503542 0.0943750000000001 0.22083299999999997
0 0.7324609375 0.4228649166666667 0.07625000000000004 0.12249999999999998
0 0.746796875 0.3942190833333334 0.02749999999999997 0.06666599999999996
0 0.7765234375 0.46505175 0.06062500000000004 0.15
0 0.830234375 0.51546875 0.16937500000000005 0.21166699999999997
0 0.7889453125 0.3758336666666667 0.05687500000000001 0.08416599999999996
0 0.815234375 0.3719274166666667 0.04437500000000005 0.07583299999999997
0 0.871328125 0.4234371666666667 0.09812500000000002 0.13249999999999998
0 0.8765625 0.37286458333333333 0.046875 0.08249999999999995
0 0.9290625 0.7218746666666668 0.140625 0.5533340000000001
0 0.8798046875 0.24369758333333333 0.03875000000000006 0.08250000000000002
0 0.93625 0.4604166666666667 0.09437499999999999 0.14833299999999996
0 0.9535546875 0.36557291666666664 0.06937499999999996 0.09166700000000001
0 0.9596875 0.49442674999999997 0.07874999999999999 0.24333399999999994
