0 0.77546875 0.7743720581867388 0.05499999999999994 0.18370900000000004
0 0.37703125 0.7759855778078485 0.6968749999999999 0.221837
0 0.303359375 0.5905688186738837 0.544375 0.1351819999999999
0 0.2553125 0.8860030784844384 0.36 0.15424600000000002
0 0.2155078125 0.7983149783491205 0.073125 0.16551199999999996
0 0.426484375 0.8396700175913397 0.07437499999999997 0.24176799999999987
0 0.4434375 0.517697699594046 0.016250000000000042 0.04246099999999997
0 0.4634375 0.5155848795669825 0.015625 0.04592699999999989
0 0.4975390625 0.9121792990527741 0.08187500000000003 0.09618699999999995
0 0.64453125 0.8292851380243572 0.07187500000000002 0.20017300000000005
0 0.6415234375 0.9098993788903925 0.06125000000000003 0.1117859999999999
0 0.67796875 0.92377749932341 0.05499999999999994 0.06932399999999991
0 0.8756640625 0.5983080784844385 0.17562500000000003 0.15424600000000002
0 0.8178125 0.7446487185385657 0.04874999999999996 0.14731399999999986
0 0.8334375 0.8533820378890392 0.078125 0.2114379999999999
0 0.84578125 0.9100664790257105 0.07187499999999991 0.09965299999999995
0 0.8790625 0.7775048579161029 0.04875000000000007 0.20970599999999984
0 0.9275390625 0.7778846779431664 0.050000000000000044 0.20624
