0 0.1326953125 0.6351289504950495 0.02687500000000001 0.09936500000000001
0 0.2619140625 0.6096539801980199 0.018125000000000002 0.04122599999999991
0 0.6124609375 0.6569643201320131 0.01375000000000004 0.028541000000000066
0 0.63390625 0.5714696501650165 0.008750000000000036 0.03488400000000009
0 0.6536328125 0.5898276402640263 0.010624999999999996 0.05285400000000006
0 0.6893359375 0.5900853003300329 0.01375000000000004 0.06765400000000005
0 0.702109375 0.5602296402640264 0.013124999999999942 0.05602500000000007
0 0.711484375 0.5585794752475248 0.012500000000000067 0.049683000000000054
0 0.782734375 0.5635299702970297 0.011874999999999969 0.06236799999999999
0 0.8140625 0.561879805280528 0.015625 0.05813900000000001
0 0.8281640625 0.5777114455445544 0.01937500000000003 0.11205099999999996
0 0.8500390625 0.5644576402640265 0.018124999999999947 0.05391099999999994
0 0.8575390625 0.5688918151815182 0.018124999999999947 0.03911200000000006
