0 0.16796875 0.3492176470588235 0.336667 0.638796
0 0.4990234375 0.8009392352941177 0.9988889999999999 0.39297700000000013
0 0.2157939375 0.5654538235294116 0.046666999999999986 0.0953170000000001
0 0.2110455625 0.618620705882353 0.034444999999999976 0.12374600000000004
0 0.2519231875 0.6273855294117647 0.05333299999999999 0.12040100000000001
0 0.24256087499999998 0.5077911764705882 0.027778000000000053 0.108695
0 0.3540498125 0.5312952941176471 0.136666 0.227425
0 0.3199345625 0.6917958823529411 0.034445 0.13043500000000002
0 0.3990625 0.41074147058823535 0.08000000000000002 0.08528499999999999
0 0.42519075 0.7162159411764706 0.08666700000000005 0.11705699999999995
0 0.4646484375 0.4578255882352942 0.02999999999999997 0.10535099999999994
0 0.5540498125 0.6064967058823529 0.13555500000000004 0.37458200000000014
0 0.74390625 0.26829176470588234 0.5088889999999999 0.20902999999999997
0 0.6325654375 0.7061819411764706 0.093333 0.11705699999999995
0 0.6658294375 0.6383678823529412 0.061111000000000026 0.08026800000000002
0 0.6652216875 0.44464899999999996 0.03777699999999995 0.10200700000000007
0 0.6635374375 0.5489919411764707 0.031111 0.11705699999999995
0 0.7174781874999999 0.5993603529411765 0.05444500000000008 0.113713
0 0.7185201875 0.531546294117647 0.023332999999999937 0.07692300000000007
0 0.7331341250000001 0.6736032941176471 0.03555499999999989 0.12708999999999993
0 0.80404525 0.5328741764705882 0.07222200000000001 0.10702399999999991
0 0.8035719375 0.5991589411764706 0.04555600000000004 0.11538499999999997
