0 0.0361328125 0.23895833333333336 0.04125 0.075
0 0.076796875 0.2653121666666667 0.027499999999999997 0.09999999999999994
0 0.188359375 0.4985413333333333 0.10625000000000001 0.5116670000000001
0 0.546484375 0.50109375 0.16937499999999994 0.36833299999999997
0 0.5566015625 0.28729200000000005 0.06624999999999992 0.15833299999999997
0 0.624765625 0.39890625 0.083125 0.384167
0 0.7198828125 0.5226562499999999 0.166875 0.446667
0 0.7584765625 0.33874966666666667 0.06562500000000004 0.14666699999999996
0 0.804296875 0.3322399166666667 0.059374999999999956 0.21750000000000003
0 0.8907421875 0.3389583333333333 0.05312499999999998 0.20000000000000004
