0 0.0798046875 0.6747395833333334 0.03875000000000001 0.051666999999999984
0 0.108671875 0.62432325 0.027499999999999997 0.07250000000000001
0 0.165703125 0.63046875 0.036250000000000004 0.08666699999999998
0 0.3112109375 0.6605725833333334 0.044999999999999984 0.04999999999999997
0 0.333125 0.6439065833333334 0.033125000000000016 0.05166599999999999
0 0.35875 0.6668746666666667 0.06312499999999999 0.054167
0 0.4158984375 0.5625003333333334 0.029374999999999984 0.044166000000000004
0 0.46375 0.94828125 0.06312499999999999 0.1016670000000001
0 0.490859375 0.78182325 0.04437500000000005 0.07166600000000001
0 0.4971875 0.8189583333333333 0.04874999999999996 0.07416699999999994
0 0.5540234375 0.824375 0.06062499999999993 0.09583299999999999
0 0.5756640625 0.9425524166666667 0.04999999999999993 0.10833300000000001
0 0.6354296875 0.8830729166666668 0.10125000000000006 0.09166699999999987
0 0.633203125 0.7873434166666667 0.0675 0.13999999999999999
0 0.6546875 0.9438545 0.08000000000000007 0.11000000000000003
0 0.6654296875 0.6318229166666667 0.03875000000000006 0.029167000000000016
0 0.7176953125 0.8494270833333334 0.05812500000000009 0.15916699999999992
0 0.735390625 0.9338020833333333 0.08250000000000002 0.12916700000000012
0 0.77984375 0.8752600833333334 0.055625000000000036 0.16083400000000006
0 0.8910546875 0.60151075 0.03749999999999998 0.055000000000000084
