0 0.0302734375 0.17440618448023426 0.06125 0.14258900000000002
0 0.06812499999999999 0.10295276720351393 0.06375 0.10881799999999997
0 0.110703125 0.20412657101024892 0.066875 0.15197000000000002
0 0.121015625 0.2661720497803806 0.08375 0.22889300000000004
0 0.223515625 0.18504873645680822 0.05125000000000002 0.08630399999999994
0 0.437109375 0.7615953074670571 0.13687499999999997 0.2345220000000002
0 0.4303125 0.65328621522694 0.08000000000000002 0.16510300000000003
0 0.435234375 0.28354001903367493 0.07437499999999997 0.207317
0 0.4451171875 0.5041042767203514 0.08437499999999998 0.21106900000000006
0 0.5169921875 0.4407348653001465 0.08437499999999998 0.09005599999999997
