0 0.3519140625 0.44193750000000004 0.174375 0.7220000000000001
0 0.0546875 0.32675 0.109375 0.34
0 0.1162109375 0.623 0.2325 0.751
0 0.221484375 0.4525625 0.2 0.7539999999999999
0 0.235859375 0.1084375 0.074375 0.19699999999999998
0 0.3369140625 0.11625 0.174375 0.213
0 0.479375 0.18325 0.15625 0.365
0 0.533984375 0.5609375 0.169375 0.874
0 0.7284375 0.48343749999999996 0.17375000000000007 0.898
0 0.8631640625 0.587375 0.23812500000000003 0.8210000000000001
0 0.8117578125 0.115375 0.10499999999999998 0.221
