0 0.0349609375 0.45210512298682287 0.04625 0.09380900000000002
0 0.074375 0.44343460761347 0.0325 0.08348999999999997
0 0.213515625 0.4648894187408491 0.05250000000000002 0.5103190000000001
0 0.258984375 0.511364326500732 0.075625 0.439962
0 0.3128515625 0.45948893411420205 0.09749999999999998 0.521576
0 0.4732421875 0.13469985358711567 0.30437499999999995 0.272045
0 0.3408203125 0.3287159326500732 0.026874999999999982 0.045966
0 0.360859375 0.3203430307467057 0.012500000000000011 0.025328999999999977
0 0.43390625 0.47205264568081995 0.13374999999999998 0.494371
0 0.5323046874999999 0.5063497745241582 0.06937500000000002 0.49624699999999994
0 0.5819140625 0.15112982284040996 0.08062500000000006 0.24765399999999996
0 0.576171875 0.4908837437774524 0.059374999999999956 0.472796
0 0.6501953125 0.5226213265007321 0.08812500000000001 0.441839
0 0.6644921875 0.49710897071742316 0.08499999999999996 0.45591
0 0.7413671875 0.5094182284040996 0.08500000000000008 0.46153799999999995
0 0.79 0.495644841874085 0.0625 0.4521569999999999
0 0.8310546875 0.48805073645680813 0.038124999999999964 0.08630400000000006
0 0.8405078125 0.43428212298682284 0.04250000000000009 0.09474600000000002
0 0.8677734375 0.42838144802342604 0.030625000000000013 0.05816100000000004
0 0.9143359375 0.45668186530014643 0.04500000000000004 0.08817999999999994
