0 0.1965234375 0.40829393952483806 0.061874999999999986 0.10304300000000001
0 0.2772265625 0.4340161403887689 0.22125 0.37275299999999995
0 0.5201171875 0.5924421274298056 0.21062499999999995 0.32226899999999997
0 0.597578125 0.34276128725701943 0.16125 0.269018
0 0.597890625 0.27051874298056156 0.145625 0.18326499999999998
0 0.589765625 0.5031123844492441 0.08374999999999999 0.14246199999999998
0 0.6645703125 0.6140239416846652 0.21375 0.27800900000000006
0 0.749765625 0.5007517559395248 0.24 0.2330559999999999
0 0.8408203125 0.5914748812095032 0.245 0.37828500000000004
0 0.7587109375 0.2936438293736501 0.07750000000000001 0.18119
0 0.8049609375 0.2828446933045356 0.04625000000000001 0.15905999999999995
0 0.852109375 0.391239656587473 0.10562500000000008 0.185339
0 0.8989453125 0.2926591252699784 0.057499999999999996 0.14868599999999998
0 0.955859375 0.2946865205183586 0.07562500000000005 0.16320900000000002
0 0.9590625 0.5035549784017278 0.07937499999999997 0.25172900000000015
