0 0.0185546875 0.644137456681351 0.038125 0.39473699999999984
0 0.2158203125 0.6632203333333333 0.433125 0.669173
0 0.030507812500000002 0.45559114537444934 0.041249999999999995 0.03665400000000005
0 0.254765625 0.41881586930983844 0.083125 0.17105200000000004
0 0.482890625 0.7098040411160059 0.395625 0.577068
0 0.3598046875 0.43843501174743027 0.09999999999999998 0.16635299999999997
0 0.48515625 0.43402972540381796 0.10249999999999998 0.15695499999999998
0 0.5869140625 0.43385286930983846 0.11312500000000003 0.17199300000000006
0 0.67578125 0.6016720190895742 0.13375000000000004 0.26973699999999995
0 0.6962890625 0.4431340117474303 0.11250000000000004 0.16541400000000003
0 0.8632421875 0.6849553303964758 0.271875 0.62688
