0 0.0641015625 0.768059541436464 0.035 0.09725900000000004
0 0.1716015625 0.732697093922652 0.15874999999999997 0.05305099999999994
0 0.2954296875 0.7936430497237568 0.03875000000000001 0.11759500000000016
0 0.3227734375 0.7957988342541437 0.030625000000000013 0.11405799999999999
0 0.47140625 0.7159510331491712 0.13374999999999992 0.07869100000000016
0 0.6189453125 0.7452959558011049 0.026875000000000093 0.06366000000000013
0 0.643046875 0.7508208176795579 0.028124999999999956 0.07692300000000007
0 0.6569921875 0.7524793867403314 0.021874999999999978 0.06984900000000006
0 0.6952734375 0.7908806187845303 0.06062499999999993 0.11229000000000014
0 0.8421875 0.7518717403314917 0.016874999999999973 0.06100800000000004
0 0.8746875 0.7936904364640884 0.04875000000000007 0.18656099999999998
0 0.913125 0.8002142817679558 0.03187499999999999 0.15915200000000015
0 0.916875 0.732916955801105 0.03312499999999996 0.06366099999999997
