0 0.1030078125 0.6039816588579794 0.1675 0.7889310000000002
0 0.251640625 0.5802302591508053 0.08250000000000002 0.484991
0 0.3108203125 0.6158505344070277 0.05750000000000005 0.2176360000000001
0 0.375625 0.6442729267935579 0.06375000000000003 0.13696099999999997
0 0.4319921875 0.5255477979502196 0.053749999999999964 0.13320900000000005
0 0.5134375 0.5268822342606149 0.171875 0.36960600000000005
0 0.6565234375 0.640292411420205 0.06125000000000003 0.12570400000000004
0 0.76875 0.6059269707174231 0.09499999999999997 0.4540339999999999
0 0.90265625 0.6265225973645681 0.16437499999999994 0.7429640000000001
0 0.9467578125 0.527355486090776 0.104375 0.467167
