0 0.1171875 0.5778382352941177 0.235625 0.8418079999999998
0 0.2232421875 0.7783039411764705 0.05374999999999999 0.266478
0 0.28359375 0.5810819411764706 0.05625000000000002 0.316384
0 0.3149609375 0.9410043529411765 0.10750000000000004 0.11393599999999988
0 0.2988671875 0.423917 0.053749999999999964 0.202448
0 0.370234375 0.629337294117647 0.07437499999999997 0.3286250000000001
0 0.3519140625 0.023529411764705882 0.018125000000000002 0.04990599999999999
0 0.3668359375 0.151789 0.04500000000000004 0.20056500000000002
0 0.39640625 0.3329622941176471 0.070625 0.07721299999999996
0 0.3732421875 0.039705882352941174 0.023125000000000007 0.080038
0 0.4121484375 0.8518032352941176 0.09249999999999997 0.292843
0 0.4246484375 0.24525294117647056 0.06125000000000003 0.16478400000000004
0 0.416953125 0.04852941176470588 0.036250000000000004 0.09792800000000002
0 0.4285546875 0.3394371176470588 0.03812500000000002 0.07156299999999999
0 0.4858984375 0.6633514705882353 0.06187499999999996 0.33427499999999993
0 0.489140625 0.4026422941176471 0.05125000000000002 0.07721299999999988
0 0.5082421875 0.960493705882353 0.085625 0.07532899999999977
0 0.7544140625 0.3205882352941177 0.48812500000000003 0.642185
0 0.7409375 0.9160993529411764 0.11062499999999997 0.163841
0 0.810234375 0.6081449999999999 0.13812500000000005 0.35216600000000003
0 0.774921875 0.9204161176470589 0.06000000000000005 0.07156299999999995
0 0.82 0.8631581764705881 0.0318750000000001 0.05743800000000008
0 0.9119140625 0.8224215882352941 0.17437500000000006 0.3531069999999999
0 0.878828125 0.6488895294117647 0.0675 0.27024499999999996
0 0.8919140625 0.7654287647058823 0.08187499999999992 0.20903999999999992
