0 0.3134765625 0.8503948888888889 0.06624999999999998 0.1782429999999999
0 0.10546875 0.4429782026143791 0.21125 0.10125599999999996
0 0.0480078125 0.3491070849673203 0.010000000000000002 0.03096199999999998
0 0.06398437500000001 0.34576008496732025 0.011875000000000004 0.03096199999999998
0 0.0776953125 0.3491070849673203 0.025624999999999995 0.03096199999999998
0 0.2240625 0.4207559803921569 0.016875 0.05523099999999999
0 0.23890625 0.9784994640522876 0.040000000000000036 0.035983999999999926
0 0.2431640625 0.4161017908496732 0.018125000000000002 0.05355699999999996
0 0.2498828125 0.4134874117647058 0.011249999999999982 0.04769899999999999
0 0.262109375 0.4166763594771242 0.013124999999999998 0.06192499999999996
0 0.2961328125 0.3998359803921568 0.04125000000000001 0.05523000000000006
0 0.2887890625 0.9825800849673203 0.018124999999999947 0.03096199999999998
0 0.337890625 0.8305246143790851 0.020625000000000004 0.1464439999999999
0 0.3660546875 0.34539327450980395 0.007500000000000007 0.032635999999999936
0 0.373984375 0.34371927450980394 0.013124999999999998 0.03263599999999998
0 0.52 0.5877869738562091 0.25125 0.20836800000000008
0 0.43421875 0.7576778758169934 0.024375000000000036 0.08284500000000006
0 0.45625 0.6768667189542483 0.033125000000000016 0.1213390000000001
0 0.483125 0.695173339869281 0.03187499999999999 0.11548100000000014
0 0.5165234375 0.7380590980392158 0.030000000000000027 0.12635999999999997
0 0.5678515625 0.7220557189542484 0.03437499999999993 0.12050200000000016
0 0.656015625 0.591096202614379 0.020625000000000004 0.09958100000000007
0 0.816171875 0.8779611830065359 0.028124999999999956 0.1548119999999999
0 0.828984375 0.913419320261438 0.043749999999999956 0.1707109999999999
0 0.9223046875 0.39789954901960783 0.06937499999999996 0.064435
0 0.969765625 0.42687641176470587 0.020625000000000004 0.04937299999999995
0 0.9912109375 0.42886254901960785 0.015000000000000013 0.06443499999999994
