0 0.6331249999999999 0.5005027628111274 0.28250000000000003 0.678236
0 0.048828125 0.3054585783308931 0.09875 0.5384620000000001
0 0.2215234375 0.5394197935578331 0.31125 0.7016889999999999
0 0.2244140625 0.3269472591508053 0.11312499999999998 0.4849900000000001
0 0.4257421875 0.4108231918008785 0.21000000000000002 0.527204
0 0.38453125 0.324868682284041 0.070625 0.42495299999999997
0 0.5425 0.15507389604685212 0.06374999999999997 0.113509
0 0.59984375 0.16129912298682286 0.05499999999999994 0.09474599999999998
0 0.6434375 0.16697128257686678 0.04874999999999996 0.12101300000000004
0 0.8312890625 0.40693692679355775 0.050000000000000044 0.13508500000000007
0 0.87046875 0.3678969209370425 0.08687500000000004 0.22701699999999997
0 0.9458203125 0.22151176134699851 0.08812500000000001 0.20075099999999999
0 0.972265625 0.4661165285505124 0.05249999999999999 0.30956800000000007
