0 0.13072916666666667 0.6928125 0.038332999999999985 0.04749999999999999
0 0.15078158333333336 0.6879296875 0.01833299999999997 0.03874999999999995
0 0.2715621666666666 0.47 0.036667000000000005 0.06312499999999999
0 0.2768229166666667 0.937421875 0.029999999999999954 0.06000000000000005
0 0.36624966666666664 0.589375 0.022499999999999964 0.06312499999999999
0 0.40411458333333333 0.9936328125 0.019999999999999945 0.010624999999999996
0 0.4333333333333333 0.98375 0.041667000000000044 0.03125
0 0.43859408333333333 0.3674609375 0.034165999999999995 0.07687500000000003
0 0.4541145833333333 0.3748046875 0.018333000000000006 0.038124999999999964
0 0.48036425 0.222578125 0.04083400000000004 0.09875000000000003
0 0.5053124999999999 0.992734375 0.01583300000000006 0.012500000000000067
0 0.5251559166666667 0.9759375 0.029999999999999954 0.046875
0 0.53817675 0.2166796875 0.05666700000000002 0.10062500000000002
0 0.5646354166666666 0.22453125 0.04583300000000001 0.10250000000000001
0 0.6932291666666668 0.826015625 0.038332999999999874 0.05125000000000002
0 0.7288538333333333 0.6720703125 0.027500000000000153 0.05812499999999998
0 0.7853642500000001 0.5656640625 0.03916699999999995 0.08187500000000003
0 0.7983333333333333 0.23546875 0.043333000000000066 0.11812499999999998
0 0.8052600833333333 0.873203125 0.03416700000000006 0.06687500000000002
0 0.868542 0.2423046875 0.09500000000000004 0.16312500000000002
0 0.9285940833333334 0.7785546875 0.034166000000000064 0.06999999999999995
