0 0.0817578125 0.8377362316715542 0.041249999999999995 0.14258900000000008
0 0.1259765625 0.8332272639296188 0.065 0.17448400000000008
0 0.180625 0.833919750733138 0.03125 0.1153849999999999
0 0.2055859375 0.8245397507331378 0.013749999999999984 0.11725999999999999
0 0.2476953125 0.8619143607038123 0.08812500000000001 0.2720450000000001
0 0.3277734375 0.8640190527859237 0.09250000000000003 0.23639700000000002
0 0.3819140625 0.8562144692082111 0.04999999999999999 0.19793599999999997
0 0.4380078125 0.8862959501466275 0.04250000000000004 0.2242030000000001
0 0.479140625 0.8752760527859238 0.05249999999999999 0.23639699999999986
0 0.5155859375 0.8840102258064517 0.04625000000000007 0.22795500000000007
0 0.59625 0.8711133284457478 0.0631250000000001 0.2401500000000001
0 0.6740625 0.8073541671554252 0.015625 0.07879899999999995
0 0.6944140625 0.8180828914956012 0.01937499999999992 0.07504699999999982
0 0.7207421875 0.8115793724340176 0.023125000000000062 0.10225100000000001
0 0.7550390625 0.8156319560117302 0.04937500000000006 0.13977500000000015
0 0.7556640625 0.7999126480938417 0.01937500000000003 0.10506600000000008
0 0.7762890625 0.8226627507331379 0.018125000000000058 0.1153849999999999
0 0.8205078125 0.8361047448680352 0.07250000000000001 0.20075000000000007
0 0.8419921875 0.801489064516129 0.021874999999999978 0.06566599999999986
0 0.896640625 0.8736361554252199 0.08250000000000002 0.24765500000000001
0 0.9059375 0.8126359237536658 0.0475000000000001 0.10600400000000011
0 0.94984375 0.8080634750733138 0.05500000000000005 0.11163199999999997
