0 0.3701171875 0.6348973636363636 0.647461 0.727273
0 0.2470705625 0.21994092375366567 0.03515599999999999 0.107039
0 0.24609406250000002 0.16129051319648094 0.019530999999999993 0.06158299999999998
0 0.25683625 0.27712568035190616 0.04101499999999994 0.13489800000000002
0 0.2822263125 0.20087944281524928 0.02539099999999994 0.08064499999999995
0 0.29882793750000003 0.2785921612903226 0.04492199999999996 0.161291
0 0.3388668125 0.27565933431085043 0.041993 0.152493
0 0.437499625 0.2302056480938416 0.019531999999999994 0.10410500000000003
0 0.46386674999999994 0.20381251319648094 0.023438000000000014 0.06011700000000003
0 0.52246125 0.27126060997067447 0.040038999999999936 0.15689200000000006
0 0.5888666875 0.28005823167155425 0.037109999999999976 0.14076300000000003
0 0.6367189999999999 0.6788858416422288 0.09375 0.29912
0 0.63085925 0.27712630205278593 0.04003900000000005 0.12316700000000005
0 0.680664125 0.27126116129032257 0.03710900000000006 0.16275599999999996
0 0.7167969375 0.5263926099706745 0.04492200000000002 0.15689199999999998
0 0.7177735 0.4560112316715543 0.046875 0.1422289999999999
0 0.7841801875 0.2800588475073314 0.14843700000000004 0.21407599999999996
0 0.8730471875 0.5483872199413489 0.24218700000000004 0.312317
0 0.9257816249999999 0.2785924692082112 0.14550700000000005 0.19941299999999998
