0 0.11234375 0.7277205534407027 0.2125 0.4230769999999999
0 0.458671875 0.5773911068814055 0.5587500000000001 0.8433400000000002
0 0.7013671875 0.6472548477306003 0.14749999999999996 0.360225
0 0.697421875 0.8257712401171303 0.09062500000000007 0.2804879999999999
0 0.771015625 0.7285347920937042 0.05125000000000002 0.22514100000000015
0 0.84265625 0.7036004421669106 0.04062500000000002 0.1482179999999999
0 0.88671875 0.8347144304538799 0.11750000000000005 0.32833000000000007
0 0.8721875 0.6982258960468521 0.04874999999999996 0.11350899999999979
0 0.9160546875 0.7159797979502196 0.038125000000000075 0.134146
0 0.9909375 0.7561075036603221 0.016249999999999987 0.19606000000000007
