0 0.110703125 0.48388747507331376 0.036875000000000005 0.111737
0 0.1244921875 0.6320502639296187 0.053750000000000006 0.1755870000000001
0 0.1497265625 0.4717970263929619 0.065 0.11736999999999997
0 0.13828125 0.406906064516129 0.03937499999999999 0.06666699999999995
0 0.168359375 0.5973082639296188 0.074375 0.173709
0 0.18703125 0.44039930205278593 0.040624999999999994 0.12112599999999993
0 0.2266796875 0.43846982111436944 0.03875000000000001 0.09671400000000004
0 0.237734375 0.5104610586510264 0.043125000000000024 0.15211199999999991
0 0.2595703125 0.45642637243401757 0.026874999999999982 0.100469
0 0.291484375 0.6041774369501466 0.07437499999999997 0.16619699999999996
0 0.2858984375 0.4446961671554252 0.029374999999999984 0.07699500000000005
0 0.310390625 0.4267396158357771 0.020625000000000004 0.07324000000000008
0 0.3361328125 0.5799440586510265 0.04125000000000001 0.1502349999999999
0 0.3371484375 0.39616534017595306 0.030625000000000013 0.06948400000000002
0 0.3439453125 0.4328358211143695 0.02562500000000001 0.09389700000000001
0 0.370546875 0.5437367829912023 0.05937500000000001 0.148356
0 0.37375 0.4757841290322581 0.03187499999999999 0.130516
0 0.3966015625 0.5008904369501467 0.03437499999999999 0.167137
0 0.3919921875 0.3915868914956012 0.021875000000000033 0.075117
0 0.4145703125 0.43846982111436944 0.026875000000000038 0.09389700000000001
0 0.43375 0.48182885337243403 0.03249999999999997 0.12676099999999993
0 0.4656640625 0.5535889882697947 0.050000000000000044 0.17089200000000007
0 0.4740234375 0.394699064516129 0.02937500000000004 0.06572799999999998
0 0.4758203125 0.4820609560117302 0.026874999999999982 0.13990600000000006
0 0.4889453125 0.3708648211143695 0.026875000000000038 0.09671299999999992
0 0.5126953125 0.9176768856304985 0.05687500000000001 0.159624
0 0.5021484375 0.47431785337243404 0.030624999999999958 0.12863799999999997
0 0.5106640625 0.40291896187683285 0.018750000000000044 0.05539900000000004
0 0.5346875 0.749125090909091 0.04875000000000007 0.18403799999999998
0 0.5320703125 0.47261947507331376 0.02562500000000001 0.11173700000000009
0 0.536171875 0.42797478885630497 0.028125000000000067 0.061972
0 0.545 0.5306043724340176 0.03187499999999999 0.10046999999999998
0 0.5580859375 0.6068274046920821 0.04499999999999993 0.13427199999999995
0 0.5790234375 0.4769542316715542 0.030625000000000013 0.14084500000000008
0 0.5783203125 0.4066749618768329 0.026874999999999982 0.053520999999999944
0 0.6274609375 0.5859247126099707 0.04500000000000004 0.16901500000000003
0 0.6183203125 0.45336368035190616 0.02562500000000001 0.13615100000000002
0 0.6306640625 0.41980637243401764 0.01937500000000003 0.10046999999999998
0 0.6753125 0.7009419178885631 0.078125 0.192488
0 0.6462890625 0.40161871847507336 0.01937500000000003 0.08262900000000001
0 0.661875 0.47759705865102636 0.03249999999999997 0.15023500000000015
0 0.697734375 0.8013604369501467 0.07562499999999994 0.16713600000000003
0 0.715546875 0.9172651612903225 0.09062499999999996 0.16244100000000017
0 0.68359375 0.3949311671554253 0.024375000000000036 0.07887300000000003
0 0.691875 0.45126916715542525 0.03312499999999996 0.07887299999999998
0 0.702421875 0.601272064516129 0.028125000000000067 0.06478900000000003
0 0.728359375 0.6118690586510265 0.04437499999999994 0.1502349999999999
0 0.7240234375 0.4031364750733138 0.02937500000000004 0.111737
0 0.73125 0.44873375073313776 0.0318750000000001 0.11549300000000003
0 0.74125 0.3981084105571847 0.032500000000000084 0.04788700000000007
0 0.7654296875 0.7253918093841643 0.07000000000000006 0.26572799999999985
0 0.7464453125 0.37211358357771257 0.02562500000000001 0.04037500000000001
0 0.7539453125 0.36190013489736067 0.02562500000000001 0.04600900000000001
0 0.7680078125 0.4834252697947214 0.0412499999999999 0.08920100000000009
0 0.786875 0.6142879237536658 0.0625 0.10704299999999986
0 0.77625 0.431730788856305 0.03187499999999999 0.061971999999999916
0 0.7922265625 0.387599788856305 0.03500000000000003 0.06384899999999992
0 0.7926953125 0.40138761583577715 0.02562500000000001 0.07324
0 0.8146875 0.4558340263929619 0.04874999999999996 0.11737099999999996
0 0.8259375 0.4970334750733137 0.04749999999999999 0.11361500000000009
0 0.86890625 0.5203268533724341 0.07125000000000004 0.12863899999999995
0 0.8807421875 0.6991794692082112 0.08437499999999998 0.19906100000000004
0 0.8671875 0.44639354545454546 0.04874999999999996 0.092958
0 0.9059375 0.5283010586510264 0.048125000000000084 0.152113
0 0.940390625 0.6885552961876833 0.11499999999999999 0.20563299999999995
0 0.9041015625 0.38572178885630504 0.034375000000000044 0.063849
0 0.9167578125 0.407317788856305 0.04125000000000001 0.06291100000000001
0 0.9277734375 0.5656930263929618 0.06062500000000004 0.11737100000000004
0 0.9301171875 0.427151340175953 0.05437499999999995 0.06948399999999998
0 0.942109375 0.48718026979472145 0.043749999999999956 0.08920199999999989
0 0.977734375 0.4315501671554252 0.04312499999999997 0.07699600000000002
0 0.980703125 0.5058816099706744 0.036250000000000004 0.1558690000000001
