0 0.3812890625 0.6114305693430657 0.08187499999999998 0.26984099999999994
0 0.0985546875 0.5737481386861314 0.09999999999999999 0.14005599999999999
0 0.2273828125 0.5790096788321167 0.07312500000000002 0.168068
0 0.3009375 0.48932265693430665 0.07937499999999997 0.18767499999999998
0 0.3116015625 0.5426987226277372 0.06562499999999999 0.12698399999999999
0 0.5853125 0.21021897810218979 0.423125 0.42110200000000003
0 0.481953125 0.55373299270073 0.06687500000000002 0.141924
0 0.6381640625 0.8612564233576642 0.33187500000000003 0.2735760000000001
0 0.559296875 0.588258299270073 0.09062499999999996 0.25677
0 0.6475390625 0.582352197080292 0.08187499999999992 0.21662
0 0.745703125 0.5829300729927008 0.06687500000000002 0.19981299999999996
0 0.8425390625 0.5584019927007299 0.08187500000000003 0.14098900000000011
0 0.9422265625 0.5559717810218978 0.09624999999999995 0.20448100000000005
