0 0.1859765625 0.16513373575129534 0.03437499999999999 0.05414300000000003
0 0.480703125 0.15747277720207253 0.03687499999999999 0.08618799999999999
0 0.5315234375 0.1745395129533679 0.030625000000000013 0.138122
0 0.563828125 0.1848281658031088 0.03562500000000002 0.12486199999999997
0 0.616328125 0.14490008290155437 0.03562500000000002 0.06298400000000003
0 0.658125 0.15297873575129534 0.03187499999999999 0.051934000000000015
0 0.6907421875 0.15014662003454232 0.021874999999999978 0.04972400000000002
0 0.7670703125 0.1545666200345423 0.026874999999999982 0.04972299999999999
0 0.79171875 0.1504250829015544 0.024374999999999925 0.06298300000000003
0 0.8994921875 0.2269394645941278 0.11687499999999995 0.43314899999999995
0 0.9568359375 0.19154205872193436 0.04500000000000004 0.21326
