0 0.046875 0.5728117920937043 0.094375 0.22326499999999994
0 0.0931640625 0.37568231332357244 0.04999999999999999 0.1463410000000001
0 0.1143359375 0.4212623806734993 0.045 0.1013129999999999
0 0.1641796875 0.38170496339677884 0.037500000000000006 0.06941799999999992
0 0.209609375 0.3706323191800879 0.043125000000000024 0.055346999999999945
0 0.28015625 0.5703223440702783 0.133125 0.16697899999999996
0 0.2512109375 0.4047450922401171 0.044999999999999984 0.07035599999999995
0 0.2766796875 0.36939570571010244 0.03750000000000003 0.06285200000000006
0 0.2874609375 0.4709986017569546 0.04625000000000001 0.17542199999999997
0 0.3938671875 0.4932850863836018 0.085625 0.16228899999999993
0 0.3858984375 0.41600209224011714 0.06187499999999996 0.07223299999999995
0 0.5139843749999999 0.723328166910688 0.138125 0.413696
0 0.551015625 0.6600019150805271 0.176875 0.3189500000000002
0 0.771328125 0.5207876998535871 0.09937499999999999 0.153846
0 0.9004296875 0.6319559516837481 0.16312500000000008 0.25046900000000005
0 0.951484375 0.5934325710102488 0.07437499999999997 0.15197000000000005
