0 0.7929296875 0.5848074352256186 0.13124999999999998 0.7420850000000001
0 0.4746875 0.5596273289665211 0.76625 0.8091240000000001
0 0.1401953125 0.40078695050946145 0.08812500000000001 0.25046599999999997
0 0.2109765625 0.40748759534206697 0.035 0.28491600000000006
0 0.25296874999999996 0.4497001135371179 0.056249999999999994 0.368715
0 0.2947265625 0.4779994032023289 0.06562499999999999 0.43109899999999995
0 0.3583984375 0.5039638602620087 0.06125000000000003 0.47206699999999996
0 0.4496484375 0.5056517700145561 0.12312499999999998 0.6955309999999999
0 0.5215624999999999 0.4341603013100437 0.048750000000000016 0.35847299999999993
0 0.591015625 0.517784211062591 0.11499999999999999 0.5819369999999999
0 0.668359375 0.47323786026200876 0.07562500000000005 0.47206699999999996
0 0.7337109375 0.487058211062591 0.07687499999999992 0.5810059999999999
