0 0.0175 0.8157118960468521 0.031875 0.11340200000000003
0 0.0446484375 0.7390421903367497 0.029375 0.05154599999999991
0 0.1248046875 0.9079037306002927 0.09999999999999999 0.17807000000000014
0 0.2265625 0.8048678901903367 0.04749999999999999 0.20337299999999997
0 0.27156250000000004 0.7974260497803806 0.04874999999999999 0.23055300000000006
0 0.356328125 0.7530400922401173 0.036250000000000004 0.07122699999999997
0 0.40609375 0.8902780248901904 0.08750000000000002 0.11527700000000018
0 0.482578125 0.44443600732064426 0.12937499999999996 0.38800400000000007
0 0.524765625 0.8629788286969253 0.114375 0.15557599999999988
0 0.6112109375 0.5260626749633968 0.015000000000000013 0.03842600000000008
0 0.6121875 0.42724580380673494 0.016249999999999987 0.04217400000000009
0 0.6124609375 0.4760970614934114 0.015000000000000013 0.04873500000000007
0 0.9521484375 0.8569932401171304 0.09312500000000001 0.28022499999999995
