0 0.1204296875 0.2972395833333334 0.03875000000000001 0.04999999999999997
0 0.1641015625 0.2797399166666667 0.03437500000000002 0.093333
0 0.2489453125 0.46812499999999996 0.08937500000000001 0.408333
0 0.2526953125 0.5116149166666667 0.08812500000000001 0.43583299999999997
0 0.24046875 0.26859341666666664 0.02437499999999998 0.07749999999999997
0 0.2789453125 0.4543753333333333 0.08875 0.3875
0 0.262734375 0.2518229166666666 0.011874999999999969 0.030833000000000037
0 0.2694140625 0.25203125 0.01937500000000003 0.040000000000000036
0 0.2998046875 0.29661425 0.03875000000000001 0.103334
0 0.35015625 0.5114583333333332 0.10312500000000002 0.4491670000000001
0 0.340546875 0.244583 0.028124999999999956 0.0625
0 0.3553125 0.23828158333333335 0.015625 0.02083299999999999
0 0.39296875 0.24130241666666666 0.024375000000000036 0.04583300000000001
0 0.3944921875 0.29520799999999997 0.021875000000000033 0.09583399999999997
0 0.440078125 0.5308336666666666 0.09812500000000002 0.45999999999999996
0 0.461015625 0.4792705 0.11500000000000005 0.424167
0 0.4444921875 0.2572913333333333 0.021874999999999978 0.07333400000000001
0 0.50671875 0.447708 0.08750000000000002 0.34416699999999995
0 0.5623437499999999 0.5389586666666667 0.15000000000000008 0.490833
0 0.5858984375 0.5155211666666667 0.09312500000000001 0.445
0 0.6137109375 0.33776075 0.045624999999999916 0.11833300000000002
0 0.7042578125 0.5217184166666667 0.135625 0.48249999999999993
0 0.696171875 0.5003645833333333 0.08999999999999997 0.45583299999999993
0 0.7530078125 0.46057258333333334 0.07250000000000001 0.42666700000000013
0 0.8271875 0.51536425 0.07874999999999999 0.415
