0 0.0840234375 0.29647449635036494 0.030625 0.072829
0 0.1119921875 0.8612564233576642 0.084375 0.2735760000000001
0 0.1091015625 0.27774847445255474 0.03437499999999999 0.09337100000000001
0 0.3835546875 0.5710441532846716 0.31937499999999996 0.25863699999999995
0 0.3116796875 0.8378987591240876 0.06937499999999996 0.22595699999999994
0 0.3596484375 0.6925665547445256 0.09250000000000003 0.15126000000000003
0 0.3648828125 0.8612564233576642 0.073125 0.2735760000000001
0 0.383984375 0.731745197080292 0.04375000000000001 0.2166200000000001
0 0.4706640625 0.7228830291970803 0.050000000000000044 0.240896
0 0.50828125 0.8048045839416059 0.07125000000000004 0.3884220000000001
0 0.57328125 0.8070130437956203 0.07187500000000002 0.3604110000000002
0 0.62078125 0.5989217810218977 0.07062500000000005 0.20541600000000004
0 0.6412890625 0.7853526496350364 0.08062500000000006 0.32959799999999995
0 0.7121484375 0.7722953138686132 0.06125000000000003 0.37534999999999996
0 0.7746875 0.7680041313868614 0.07937499999999997 0.27824499999999974
0 0.75375 0.6263255766423358 0.03187499999999999 0.130718
0 0.79171875 0.6310976204379563 0.024374999999999925 0.08963499999999998
0 0.818671875 0.7547624014598541 0.05874999999999997 0.294117
0 0.878984375 0.7623874671532849 0.07437499999999997 0.233427
0 0.90671875 0.7232901751824817 0.05499999999999994 0.23902900000000002
