0 0.03125 0.57557325 0.06375 0.2583329999999999
0 0.0380859375 0.38458333333333333 0.076875 0.356667
0 0.2337109375 0.54880175 0.10875000000000001 0.21166700000000005
0 0.37734375 0.5069788333333333 0.11875000000000002 0.18416699999999997
0 0.420390625 0.5990100833333334 0.11499999999999999 0.22333399999999992
0 0.3916015625 0.323333 0.03375 0.12583399999999997
0 0.4992578125 0.7908333333333334 0.10499999999999998 0.41666700000000007
0 0.5211328125 0.48781283333333336 0.10499999999999998 0.18249999999999997
0 0.514453125 0.36645833333333333 0.06687499999999996 0.198333
0 0.6044921875 0.57182325 0.11624999999999996 0.196666
0 0.5821484375 0.34286491666666663 0.030000000000000027 0.12333300000000003
0 0.6440625 0.4636455 0.08000000000000007 0.1425
0 0.683125 0.3697916666666667 0.03187499999999999 0.11499999999999999
0 0.6873046875 0.28781216666666665 0.03875000000000006 0.10000000000000002
0 0.7683203125 0.5305725833333333 0.15125 0.17583400000000005
0 0.727265625 0.34119825 0.051875000000000004 0.16500000000000004
0 0.7737109375 0.29453158333333335 0.04625000000000001 0.08249999999999995
0 0.768671875 0.33421908333333333 0.028749999999999942 0.0675
0 0.8051953125 0.3396875 0.026874999999999982 0.11166700000000003
0 0.9043359375 0.49380241666666663 0.17062500000000003 0.17
0 0.8627734375 0.3216145833333333 0.030625000000000013 0.14500000000000002
0 0.8992578125 0.3361455 0.041874999999999996 0.140834
