0 0.0185546875 0.5080997298091042 0.03875 0.21898499999999999
0 0.0283203125 0.8119020264317179 0.056875 0.37218
0 0.3701171875 0.2726048825256975 0.740625 0.358083
0 0.1002734375 0.7405864654919238 0.09187499999999998 0.516917
0 0.1003125 0.4359698634361234 0.04874999999999999 0.09022600000000004
0 0.1358984375 0.6581753186490454 0.0925 0.462406
0 0.29640625 0.7947481718061673 0.165 0.40695500000000007
0 0.441875 0.7292484669603525 0.125625 0.538534
0 0.5053125 0.7834111732745962 0.17250000000000004 0.42857100000000004
0 0.4625390625 0.1160704302496329 0.018125000000000002 0.023497000000000004
0 0.4948828125 0.12676100293685755 0.011249999999999982 0.04229300000000003
0 0.5694921875 0.12676100293685755 0.023125000000000062 0.04229300000000003
0 0.6328125 0.9230454390602055 0.14249999999999996 0.1494360000000001
0 0.7606640625 0.7527466064610867 0.11250000000000004 0.49154100000000006
0 0.807890625 0.6815011600587372 0.11375000000000002 0.24248100000000003
0 0.84828125 0.8078483127753303 0.16562500000000002 0.38063900000000006
0 0.93140625 0.8561951629955946 0.13437500000000002 0.283834
