0 0.3365625 0.7980431600587372 0.04749999999999999 0.24248099999999995
0 0.25203125000000004 0.8284118737151249 0.040624999999999994 0.2330829999999998
0 0.287421875 0.8023895873715123 0.058750000000000024 0.22556400000000015
0 0.3903125 0.7784830161527168 0.048750000000000016 0.22744299999999995
0 0.4316796875 0.061793005873715126 0.10125 0.08270599999999997
0 0.4510546875 0.17193072246696034 0.10124999999999995 0.11560100000000005
0 0.433359375 0.7780714449339208 0.044375 0.22932299999999994
0 0.4578125 0.7555144449339208 0.04749999999999999 0.229324
0 0.487109375 0.7519323010279001 0.044375 0.21522500000000006
0 0.5235546875 0.738245872246696 0.03874999999999995 0.2142850000000001
0 0.523125 0.6409758604992658 0.03125 0.04793300000000003
0 0.5523828125 0.7249110161527166 0.04125000000000001 0.22744400000000017
0 0.5837109375 0.7217394434654919 0.04499999999999993 0.21052699999999988
0 0.6418359375 0.7058793010279001 0.04562500000000003 0.21522599999999995
0 0.687890625 0.7482924375917768 0.05249999999999999 0.12875999999999993
0 0.73859375 0.7165742922173275 0.05499999999999994 0.09304499999999995
0 0.7842578125 0.7143427195301029 0.04249999999999998 0.07518799999999985
0 0.84015625 0.710289005873715 0.03937499999999994 0.08364699999999996
0 0.8881640625 0.6508421512481645 0.04999999999999993 0.12030100000000009
