0 0.0283203125 0.2448859458272328 0.056875 0.3424009999999999
0 0.0152734375 0.29145689019033677 0.029375 0.203564
0 0.2122265625 0.24340359590043922 0.06562500000000002 0.265479
0 0.25472656250000003 0.3075977496339678 0.09624999999999997 0.38086299999999995
0 0.3675 0.5809502474377746 0.188125 0.6651029999999999
0 0.5162890625000001 0.5823884377745241 0.14375 0.7157600000000001
0 0.5366015625 0.10979144216691068 0.09624999999999995 0.148218
0 0.67234375 0.5914007262079063 0.33687500000000004 0.743903
0 0.58015625 0.09183596339677892 0.03937499999999994 0.068481
0 0.7364453125 0.5261553147877013 0.276875 0.6228890000000001
0 0.69546875 0.1262655710102489 0.08625000000000005 0.150094
0 0.835625 0.4619611610541727 0.1256250000000001 0.5056290000000001
0 0.932109375 0.1610100131771596 0.07437499999999997 0.29831199999999997
0 0.952890625 0.426840289897511 0.083125 0.507505
