0 0.5818305 0.6062125882352941 0.078538 0.354801
0 0.0940556875 0.5766630588235294 0.069984 0.236534
0 0.2971739375 0.5903640588235294 0.139192 0.33723600000000004
0 0.38986981249999997 0.5150361176470588 0.04276900000000006 0.17330299999999993
0 0.429835875 0.6240214705882353 0.09175800000000006 0.333724
0 0.414934125 0.501174294117647 0.036548000000000025 0.12763500000000003
0 0.48591393749999995 0.49747211764705884 0.045101 0.17330199999999996
0 0.5784489375 0.4616061764705882 0.04510099999999995 0.10655700000000005
0 0.7509355 0.4792532352941177 0.2356140000000001 0.14168600000000006
0 0.7542599375 0.6123671764705882 0.07698300000000002 0.357143
0 0.9050064375 0.4885655294117647 0.029548999999999936 0.118267
0 0.9343558750000001 0.48069647058823534 0.02877199999999991 0.13348899999999997
