0 0.0377113133940182 0.507578125 0.07660299999999999 0.13
0 0.0893818244473342 0.4744140625 0.100749 0.08187499999999998
0 0.2296294343302991 0.5415234375 0.097419 0.280625
0 0.22974197269180752 0.3501953125 0.061616000000000025 0.08875
0 0.2914607529258778 0.19734375 0.06577799999999996 0.056249999999999994
0 0.3885141430429129 0.339453125 0.06994199999999998 0.06687499999999996
0 0.46631475292587776 0.230078125 0.06661099999999993 0.06687499999999999
0 0.5355265331599479 0.2437890625 0.0724400000000001 0.080625
0 0.6863838244473341 0.4803515625 0.0999169999999999 0.06500000000000006
0 0.7792361820546164 0.5829296875000001 0.2689419999999999 0.44375000000000003
0 0.714179923276983 0.4734375 0.07493700000000007 0.07875000000000004
0 0.951893044213264 0.5155468750000001 0.09408799999999995 0.30875
