0 0.0107421875 0.2632184117647059 0.023125 0.09981200000000005
0 0.0149609375 0.29658782352941176 0.015 0.09604499999999999
0 0.0308203125 0.6374538235294117 0.025625 0.09698699999999993
0 0.0539453125 0.6303342352941176 0.026875000000000003 0.09321999999999996
0 0.14 0.5969648235294118 0.03249999999999999 0.09698700000000002
0 0.1811328125 0.6509330588235294 0.04187500000000002 0.08662899999999997
0 0.1994921875 0.642755294117647 0.021875000000000006 0.07909600000000008
0 0.208828125 0.5487617647058823 0.03687499999999999 0.11016999999999989
0 0.218828125 0.6434000588235295 0.03624999999999998 0.08662899999999989
0 0.28984375 0.5162704705882352 0.11874999999999997 0.13465200000000008
0 0.2533984375 0.6013765882352942 0.030624999999999986 0.10452000000000009
0 0.285 0.7564473529411764 0.033125000000000016 0.11205299999999997
0 0.368984375 0.6560322941176471 0.16875 0.17702399999999996
0 0.3032421875 0.5408163529411765 0.021875000000000033 0.11205299999999989
0 0.31984375 0.551883 0.023749999999999993 0.10263699999999992
0 0.32484375 0.7643927647058825 0.024375000000000036 0.11017000000000006
0 0.3573046875 0.7875203529411766 0.03812500000000002 0.11205299999999997
0 0.4125390625 0.495956294117647 0.143125 0.178908
0 0.3564453125 0.7016648823529411 0.02562500000000001 0.080979
0 0.38109375 0.6998341764705882 0.02437499999999998 0.10640299999999991
0 0.42984375 0.7486820000000001 0.02437499999999998 0.10075300000000002
0 0.43859375 0.6012071176470588 0.02437499999999998 0.0734470000000001
0 0.4420703125 0.5161658823529413 0.026874999999999982 0.08191999999999992
0 0.4420703125 0.8174838823529412 0.026874999999999982 0.08097899999999991
0 0.4451171875 0.8248368235294118 0.021874999999999978 0.09698699999999993
0 0.457421875 0.746799 0.02812500000000001 0.1026360000000001
0 0.4557421875 0.6013765882352942 0.021874999999999978 0.10452000000000009
0 0.4858203125 0.5334634117647059 0.02562500000000001 0.09981199999999993
0 0.4952734375 0.7611030588235294 0.030624999999999958 0.08662899999999997
0 0.4963671875 0.6209705294117648 0.021874999999999978 0.11958599999999994
0 0.5237499999999999 0.5234433529411765 0.06250000000000006 0.1619589999999999
0 0.5132421875 0.6459288235294118 0.02187500000000009 0.09416199999999995
0 0.526875 0.7715772352941178 0.03125 0.09227799999999997
0 0.530390625 0.4253041764705882 0.020625000000000004 0.058380999999999975
0 0.53484375 0.6840178235294118 0.024375000000000036 0.04425599999999995
0 0.5331640625 0.6167388235294117 0.018124999999999947 0.09604500000000003
0 0.53609375 0.7382078235294117 0.024374999999999925 0.09416200000000004
0 0.551015625 0.6322172352941177 0.02124999999999999 0.09133699999999996
0 0.5503125 0.4727347058823529 0.016249999999999987 0.07532900000000002
0 0.5550390625 0.710075 0.018124999999999947 0.10263699999999992
0 0.568515625 0.5378751764705882 0.020625000000000004 0.10734499999999998
0 0.575625 0.6484575882352941 0.03249999999999997 0.10357800000000009
0 0.5846875 0.8191345294117647 0.04874999999999996 0.06967999999999994
0 0.6369140625 0.5265007058823529 0.14437499999999992 0.17608300000000002
0 0.6034765625 0.6635235882352941 0.03374999999999995 0.10451999999999992
0 0.6234375 0.6733520000000001 0.01750000000000007 0.102637
0 0.635703125 0.677119 0.03562500000000002 0.1007530000000001
0 0.634375 0.806121 0.03125 0.10263599999999994
0 0.6920703125 0.7672177647058825 0.02562500000000001 0.10922799999999991
0 0.69234375 0.612559411764706 0.024374999999999925 0.09981200000000001
0 0.7087890625 0.703960294117647 0.050000000000000044 0.077213
0 0.7082421875 0.6311590588235295 0.021874999999999978 0.08568799999999997
0 0.717265625 0.7711638235294117 0.020625000000000004 0.09416200000000004
0 0.7228125 0.6257424117647059 0.016875000000000084 0.09887000000000003
0 0.7575 0.642755294117647 0.032500000000000084 0.07721300000000009
0 0.7589453125 0.7786968235294118 0.02562500000000001 0.09698699999999985
0 0.769921875 0.7955296470588235 0.028125000000000067 0.08851300000000004
0 0.7714453125 0.6182094117647058 0.02562500000000001 0.09792800000000003
0 0.78875 0.7491049999999999 0.0318750000000001 0.05179000000000007
0 0.7975 0.6402265294117647 0.03312499999999996 0.06779700000000002
0 0.7996875 0.5776671176470588 0.016874999999999973 0.07156299999999986
0 0.8275390625 0.870627294117647 0.01937500000000003 0.07721299999999992
0 0.8280078125 0.8248474117647059 0.011249999999999982 0.04990599999999992
0 0.8527734375 0.9455438823529412 0.030625000000000013 0.08097900000000008
0 0.86546875 0.8848674705882353 0.024375000000000036 0.08474600000000006
0 0.928125 0.4391852352941176 0.03312500000000007 0.09133700000000004
