0 0.0087890625 0.7260868707782673 0.01875 0.19266900000000006
0 0.098046875 0.7219140205580029 0.05937499999999998 0.289473
0 0.14015624999999998 0.7091687312775331 0.07187500000000001 0.24060100000000012
0 0.1834375 0.7260278722466961 0.04874999999999999 0.214285
0 0.2371875 0.7407144390602056 0.04749999999999999 0.14755699999999988
0 0.318515625 0.7312585800293686 0.05249999999999999 0.12124000000000007
0 0.3575390625 0.7484091556534509 0.08187499999999998 0.1795109999999998
0 0.4100390625 0.762037725403818 0.08187500000000003 0.15789399999999987
0 0.585859375 0.25692159618208515 0.10562500000000008 0.346804
0 0.6877734375 0.25586259911894277 0.09187500000000004 0.38909799999999994
0 0.750390625 0.740775577092511 0.05125000000000002 0.08176699999999995
