0 0.08671875 0.7595698125 0.05625000000000001 0.135938
0 0.119921875 0.7749995 0.059375 0.1421880000000001
0 0.170703625 0.769140625 0.051562 0.14531299999999991
0 0.210547375 0.7658203125 0.04374899999999998 0.1515629999999999
0 0.26953175 0.7740229375 0.05625000000000002 0.17031300000000005
0 0.325390625 0.787108875 0.051562 0.18437500000000007
0 0.3826166875 0.792577625 0.068751 0.17656300000000003
0 0.4220708125 0.779296375 0.042186999999999975 0.16875000000000007
0 0.45625 0.7302729375 0.03281200000000001 0.10781300000000005
0 0.764063 0.809766125 0.09531199999999995 0.223437
