0 0.6904301875 0.09869758333333334 0.08437500000000009 0.14374999999999996
0 0.0302734375 0.6669270833333334 0.060938 0.6604169999999999
0 0.34999949999999996 0.876042 0.046875 0.09583300000000013
0 0.34824268750000004 0.982292 0.039061999999999986 0.03125
0 0.371875 0.8742187500000002 0.03281199999999995 0.08749999999999976
0 0.38515574999999996 0.9802079999999999 0.02500100000000005 0.03333400000000012
0 0.65390575 0.24140591666666666 0.08593800000000007 0.09166699999999998
0 0.77734375 0.11510383333333334 0.05468799999999996 0.089584
0 0.78515575 0.11510383333333334 0.05624999999999991 0.089584
0 0.8953125 0.3979163333333333 0.20468799999999998 0.7937500000000001
0 0.8648432500000001 0.5815100833333333 0.04062599999999983 0.09791699999999996
0 0.8767578125 0.57994825 0.042188 0.10416600000000005
