0 0.042421875 0.6109137979502196 0.028125 0.133208
0 0.07570312500000001 0.6002971844802342 0.035625 0.14258900000000008
0 0.0869921875 0.7107107920937042 0.053750000000000006 0.22514099999999998
0 0.131015625 0.6880825344070277 0.05249999999999999 0.21951300000000004
0 0.14796875 0.4898825768667643 0.02437499999999998 0.06003800000000004
0 0.1696875 0.6945794363103954 0.048750000000000016 0.23827399999999996
0 0.1639453125 0.48402606149341143 0.02687500000000001 0.04784299999999997
0 0.2108203125 0.6868469209370425 0.057499999999999996 0.22701699999999994
0 0.2210546875 0.5453438345534407 0.03874999999999998 0.06472800000000001
0 0.2634765625 0.6835499516837482 0.06624999999999998 0.25140799999999996
0 0.2703515625 0.5379530922401171 0.03500000000000003 0.07129499999999998
0 0.324140625 0.6881266939970717 0.05249999999999999 0.24390300000000004
0 0.3389453125 0.5812193499267937 0.057499999999999996 0.07692299999999992
0 0.3528515625 0.5570127057101025 0.03437499999999999 0.06379000000000003
0 0.4028515625 0.6808502093704246 0.06562500000000004 0.25515899999999997
0 0.3858203125 0.5419595461200585 0.02562500000000001 0.03658600000000012
0 0.4249609375 0.5482279326500732 0.04624999999999996 0.04596699999999993
0 0.4384765625 0.6603524055636897 0.03437499999999999 0.21482199999999985
0 0.49171875 0.68771482284041 0.05625000000000002 0.24765499999999993
0 0.4813671875 0.5494645461200586 0.023125000000000007 0.03658499999999998
0 0.4871875 0.533815159590044 0.015625 0.02814300000000003
0 0.5096484375 0.5333331903367496 0.030625000000000013 0.05253300000000002
0 0.5210546875 0.6647447920937043 0.03875000000000006 0.22420299999999993
0 0.5589453125 0.6439925344070279 0.057499999999999996 0.21763600000000002
0 0.5578515625 0.5258281903367497 0.034375000000000044 0.05065699999999998
0 0.5959765625 0.5220761903367496 0.034375000000000044 0.05159500000000012
0 0.608671875 0.6072491171303076 0.028125000000000067 0.18574099999999993
0 0.6274609375 0.6028567306002929 0.04500000000000004 0.17636099999999985
0 0.6140625 0.5955360863836019 0.016875000000000084 0.16135099999999994
0 0.660859375 0.589679571010249 0.043749999999999956 0.15196999999999988
0 0.6607421875 0.5752226383601757 0.02312499999999995 0.10787999999999996
0 0.806796875 0.5124407364568082 0.028750000000000053 0.08536600000000001
0 0.8341015625 0.4944775402635431 0.03374999999999995 0.12757900000000008
0 0.8683984375 0.4788713133235725 0.030625000000000013 0.14634200000000003
0 0.895234375 0.42639119033674966 0.011874999999999969 0.05159499999999995
