0 0.18453125 0.28350292961876833 0.00874999999999998 0.020657999999999985
0 0.215078125 0.35919868621700873 0.0675 0.050705000000000104
0 0.197734375 0.4433590322580645 0.011874999999999997 0.03474200000000003
0 0.2125 0.4378405835777126 0.03125 0.04037599999999999
0 0.23078125 0.27927113489736066 0.03937499999999999 0.04600900000000001
0 0.2371875 0.4694694105571847 0.017500000000000016 0.04788800000000004
0 0.25375000000000003 0.47680078885630495 0.031875000000000014 0.061972
0 0.250234375 0.3711745835777126 0.011874999999999969 0.04037500000000005
0 0.2576171875 0.3242255835777126 0.023125000000000007 0.03849799999999997
0 0.2603125 0.2692383079178886 0.017500000000000016 0.03661999999999996
0 0.309453125 0.20902875659824047 0.03562500000000002 0.03192499999999997
0 0.30203125 0.47035792961876827 0.008125000000000049 0.022535000000000024
0 0.3218359375 0.5469140263929618 0.04625000000000001 0.11924899999999997
0 0.3144921875 0.2958769618768328 0.022499999999999964 0.05352100000000007
0 0.31015625 0.43667048093841637 0.00874999999999998 0.028169000000000062
0 0.3296484375 0.24540406451612906 0.029374999999999984 0.06572699999999997
0 0.3222265625 0.4510516539589443 0.003750000000000031 0.019718000000000003
0 0.3442578125 0.21026392961876833 0.04250000000000004 0.022534999999999982
0 0.3446875 0.3552115835777126 0.016250000000000042 0.04037599999999999
0 0.3537109375 0.46712920527859236 0.014375000000000027 0.025352000000000045
0 0.3665625 0.22117068621700883 0.016249999999999987 0.05164299999999997
0 0.38609375 0.5803839618768328 0.05624999999999997 0.053520999999999944
0 0.3700390625 0.46383641055718483 0.019374999999999976 0.0478869999999999
0 0.3693359375 0.5087908592375366 0.013749999999999984 0.04225300000000003
0 0.3753125 0.4311520322580645 0.015625 0.03474199999999995
0 0.4210546875 0.23449630791788859 0.09999999999999998 0.03661999999999996
0 0.3823828125 0.37662796187683284 0.010624999999999996 0.055398999999999955
0 0.384609375 0.5114923079178886 0.013124999999999998 0.036618999999999985
0 0.3909375 0.2838505835777126 0.017500000000000016 0.038496999999999997
0 0.3892578125 0.37257578885630505 0.011249999999999982 0.061972
0 0.4019140625 0.37216406451612905 0.018125000000000002 0.06572799999999998
0 0.4019140625 0.4684148592375367 0.018125000000000002 0.042254
0 0.405234375 0.2700617565982405 0.011875000000000024 0.030986
0 0.41015625 0.5070934809384164 0.00874999999999998 0.027229999999999973
0 0.4219921875 0.403561788856305 0.021874999999999978 0.06197200000000004
0 0.4283984375 0.5634178914956012 0.030625000000000013 0.07511700000000004
0 0.4218359375 0.5104377565982405 0.015000000000000013 0.030985999999999916
0 0.4268359375 0.4586141348973607 0.014375000000000027 0.04413100000000004
0 0.431015625 0.34399506451612905 0.020625000000000004 0.06666699999999999
0 0.433515625 0.49793458357771253 0.020625000000000004 0.04037600000000007
0 0.4414453125 0.2923005835777126 0.025624999999999953 0.04037600000000003
0 0.4891796875 0.36048534017595313 0.10125 0.06948299999999996
0 0.4626171875 0.36858868621700874 0.02312499999999995 0.05258200000000002
0 0.4741796875 0.5525616158357772 0.03749999999999998 0.07136099999999984
0 0.5077734375 0.2362451671554252 0.06187500000000007 0.07887299999999998
0 0.536640625 0.5446243020527859 0.05249999999999999 0.123005
0 0.534609375 0.3932978592375367 0.011874999999999969 0.042252999999999985
0 0.544375 0.3104882375366569 0.03125 0.05727699999999997
0 0.5478515625 0.22387213489736071 0.03500000000000003 0.04600899999999997
0 0.6176953125 0.4984715718475073 0.08875 0.20939000000000013
0 0.58140625 0.20609620527859238 0.008124999999999938 0.02629100000000001
0 0.5932421875 0.2867831348973607 0.021874999999999978 0.045070000000000006
0 0.5955078125 0.34036820527859235 0.010000000000000009 0.025353000000000018
0 0.6063671875 0.2329008914956012 0.02187500000000009 0.07511799999999998
0 0.619609375 0.3343234809384164 0.012499999999999956 0.02910800000000003
0 0.6236328125 0.21841875659824048 0.010000000000000009 0.030986
0 0.6455078125 0.2201161348973607 0.011249999999999982 0.04600900000000001
0 0.702890625 0.30991048093841644 0.020625000000000004 0.02816899999999998
0 0.7058203125 0.4657648914956012 0.02562500000000001 0.07511700000000004
0 0.7133203125 0.2690576862170088 0.025624999999999898 0.05164399999999999
0 0.712734375 0.3690654809384164 0.013124999999999942 0.027229999999999973
0 0.72015625 0.3417189296187683 0.008749999999999925 0.020657999999999985
0 0.7350390625 0.2613155835777126 0.018125000000000058 0.03849700000000004
0 0.733359375 0.45169448093841635 0.011874999999999969 0.027230000000000056
0 0.7433984375 0.48414675659824047 0.030625000000000013 0.030986
0 0.7390625 0.41319648093841643 0.015625 0.029107999999999988
0 0.7467578125 0.4479384809384165 0.010000000000000009 0.027229999999999973
0 0.759453125 0.28701423753665695 0.03562500000000002 0.056337999999999916
0 0.7587109375 0.4150744809384165 0.014375000000000027 0.027229999999999973
0 0.76328125 0.44353965395894435 0.009375000000000022 0.017839999999999905
0 0.767734375 0.47833213489736076 0.013125000000000053 0.04600899999999997
0 0.77390625 0.41319648093841643 0.008750000000000036 0.027229999999999973
