0 0.2985029375 0.8855032499999999 0.04583300000000001 0.1027780000000001
0 0.4990234375 0.6810761666666667 0.998958 0.1930559999999999
0 0.010026375 0.7681422499999999 0.012499999999999997 0.04027800000000011
0 0.02005175 0.8615452499999999 0.025 0.07083299999999992
0 0.086067375 0.8426214166666668 0.013541999999999998 0.015277999999999755
0 0.12421875 0.8480039166666667 0.02500000000000001 0.06111100000000006
0 0.174609375 0.7762154999999998 0.013541999999999998 0.04722200000000024
0 0.3517578125 0.7777773333333333 0.011458000000000024 0.0416669999999999
0 0.410026375 0.8451386666666666 0.01354099999999997 0.020834000000000092
0 0.4288408125 0.7872395833333332 0.01041700000000001 0.05000000000000012
0 0.4288408125 0.84921875 0.011458999999999997 0.02500000000000006
0 0.44752637500000003 0.7844615833333334 0.012499999999999956 0.05000000000000012
0 0.5184248125 0.7847223333333334 0.01041599999999998 0.0416669999999999
0 0.808984375 0.7829856666666667 0.013542000000000054 0.05277800000000014
0 0.9671875 0.8935768333333333 0.015625 0.02777700000000009
0 0.9869795 0.7844615833333334 0.015625 0.05000000000000012
