0 0.0523046875 0.610417 0.06937499999999999 0.18833299999999994
0 0.1559375 0.575 0.07999999999999999 0.12666700000000009
0 0.14253906249999998 0.5425520833333334 0.049375000000000016 0.06583300000000003
0 0.2562890625 0.5321354166666666 0.049375 0.046667000000000014
0 0.303828125 0.5275003333333333 0.036250000000000004 0.043333000000000066
0 0.3431640625 0.6149479166666666 0.11250000000000004 0.185833
0 0.339921875 0.5152600833333333 0.028749999999999998 0.03583400000000007
0 0.3902734375 0.510625 0.030625000000000013 0.03250000000000005
0 0.5070703125 0.5124996666666667 0.05687500000000001 0.08583400000000004
0 0.6878515625 0.5471354166666668 0.09687499999999993 0.16999999999999993
0 0.83125 0.4544788333333334 0.03125 0.05833399999999996
0 0.9111328125 0.4846350833333333 0.04125000000000001 0.12916700000000003
