0 0.5208395768667643 0.4420703125 0.06097599999999994 0.05812499999999998
0 0.5183231903367497 0.5001953125 0.05159499999999995 0.05812500000000004
0 0.521251448023426 0.3976171875 0.05722399999999995 0.05312499999999998
0 0.5392338653001465 0.5551953125 0.0891179999999999 0.08812500000000001
0 0.565341448023426 0.4923046875 0.05628600000000006 0.06874999999999998
0 0.5681564480234261 0.406484375 0.05628499999999992 0.044375
0 0.5713823191800879 0.3491796875 0.05440900000000005 0.07
0 0.5757747057101025 0.443046875 0.061914 0.06
0 0.64765721522694 0.9584375 0.16416500000000003 0.07999999999999996
0 0.6804018960468521 0.5018359375 0.11257099999999998 0.07687500000000003
0 0.8078676383601757 0.511953125 0.10787999999999988 0.06812499999999999
