0 0.025390625 0.9257104385964914 0.051875 0.14258899999999988
0 0.023320312500000002 0.7841684152046783 0.025624999999999995 0.15009400000000006
0 0.051640624999999996 0.8994932280701755 0.051250000000000004 0.19512199999999996
0 0.0953125 0.8705719941520467 0.04875 0.25328300000000004
0 0.130546875 0.8008842514619884 0.028124999999999983 0.19137000000000018
0 0.1804296875 0.803199157894737 0.03812500000000002 0.2157599999999999
0 0.200234375 0.8994932280701755 0.075625 0.19512199999999996
0 0.1969921875 0.7363866023391813 0.021875000000000006 0.101313
0 0.217578125 0.7804164152046784 0.03624999999999998 0.14821800000000013
0 0.3171484375 0.7819302923976609 0.18625000000000003 0.429644
0 0.3866796875 0.5081524619883041 0.06937500000000002 0.13508400000000004
0 0.50171875 0.8254226198830409 0.21250000000000002 0.3452159999999999
0 0.5120703125 0.5578102748538012 0.08812500000000001 0.18574100000000004
0 0.580390625 0.4124456666666667 0.05124999999999991 0.333958
0 0.658203125 0.7294968713450292 0.12937500000000002 0.5347090000000001
0 0.8008203125 0.7700642222222224 0.18312499999999998 0.4502819999999999
0 0.941015625 0.7935774093567252 0.11499999999999999 0.40337699999999993
