0 0.0673828125 0.6794050878477306 0.13625 0.6388370000000001
0 0.1541015625 0.5678154612005856 0.03437499999999999 0.3517820000000001
0 0.17125 0.6073469399707174 0.0625 0.43245800000000006
0 0.2190625 0.6611519956076135 0.10999999999999999 0.5694180000000001
0 0.26261718749999996 0.5713841054172767 0.05374999999999999 0.3677299999999999
0 0.313984375 0.6127915841874085 0.075625 0.4465289999999999
0 0.2869140625 0.43108119033674963 0.018125000000000002 0.05159499999999995
0 0.3684765625 0.5685431669106881 0.065 0.4136960000000001
0 0.4118359375 0.5533325900439239 0.04624999999999996 0.355534
0 0.4509375 0.5334741727672034 0.04749999999999999 0.3245780000000001
0 0.490234375 0.5235939824304539 0.043749999999999956 0.274859
0 0.5222265625 0.51323082284041 0.03500000000000003 0.24765500000000001
0 0.5478515625 0.4883146939970717 0.03374999999999995 0.24390199999999998
0 0.5677734375 0.48117740556368965 0.02937500000000004 0.21576000000000004
0 0.5839453125 0.4742696325036603 0.02562500000000001 0.198874
0 0.613046875 0.4553060556368961 0.028124999999999956 0.139774
0 0.6515234375 0.45372766910688134 0.030625000000000013 0.13039400000000007
0 0.683828125 0.45413954026354325 0.03562500000000002 0.12851799999999997
0 0.7026171875 0.44704641142020507 0.021874999999999978 0.12476599999999989
0 0.7289453125 0.44288254026354323 0.026874999999999982 0.12664199999999992
0 0.752578125 0.44851054026354326 0.036250000000000004 0.12664199999999992
0 0.8013671875 0.45361341142020495 0.022499999999999964 0.12476599999999997
0 0.8154296875 0.4922251112737921 0.038124999999999964 0.277673
0 0.8336328125 0.5124243016105418 0.073125 0.3264540000000001
0 0.8744140625 0.46104831332357243 0.01937500000000003 0.144465
0 0.8998046875 0.4544112152269399 0.03749999999999998 0.16510299999999997
0 0.9194140625 0.4568834421669106 0.01937500000000003 0.14821800000000007
