0 0.009765625 0.6979983806734993 0.02 0.10131299999999999
0 0.0191796875 0.738187467057101 0.0375 0.2626640000000002
0 0.3205078125 0.6224719838945827 0.44812500000000005 0.751407
0 0.573359375 0.3176268535871157 0.07437499999999997 0.27110699999999993
0 0.5919140625 0.6017803206442166 0.11312500000000003 0.5318950000000001
0 0.600546875 0.5029914245973646 0.09062499999999996 0.42120100000000005
0 0.66875 0.5235151669106881 0.06437500000000007 0.413696
0 0.6855859375 0.4071230688140557 0.07687500000000003 0.434333
0 0.8153125 0.3913853631039531 0.14249999999999996 0.37335799999999997
0 0.7878125 0.268723878477306 0.078125 0.38649199999999995
0 0.873359375 0.29461266325036606 0.07437499999999997 0.22232600000000005
0 0.9395703125 0.3048269092240117 0.11937500000000001 0.4099439999999999
