0 0.2970040625 0.8424422155688623 0.050452 0.108034
0 0.4990234375 0.24550898203592814 0.9992469999999999 0.492151
0 0.1369423125 0.7352599820359281 0.025602000000000014 0.093259
0 0.397707875 0.783722005988024 0.027861999999999942 0.10434000000000006
0 0.458513875 0.6893655868263473 0.06024099999999999 0.09510599999999997
0 0.49236431249999996 0.7502074011976048 0.027108000000000076 0.10156899999999999
0 0.5688654375 0.6642611676646707 0.030120000000000036 0.08587299999999994
0 0.67587575 0.7538271676646705 0.024096000000000006 0.08495000000000005
0 0.7329391249999999 0.8987672155688623 0.036145000000000094 0.1089569999999999
0 0.7543300000000001 0.8706191916167665 0.032378999999999936 0.09787599999999984
0 0.7593774375 0.8158665868263473 0.029367000000000032 0.09510599999999997
0 0.792733 0.830365982035928 0.032379999999999964 0.09325900000000013
0 0.83942 0.7383035868263473 0.032379999999999964 0.09418299999999995
0 0.8526091875 0.49795598203592817 0.022590999999999917 0.09141300000000001
0 0.863517 0.699696005988024 0.032378999999999936 0.1034169999999999
0 0.9105088750000001 0.8139194011976048 0.02786199999999983 0.10249299999999995
0 0.928276 0.6673057724550897 0.032378999999999936 0.08771899999999999
