0 0.13939440336134454 0.3069921875 0.04394600000000001 0.20999999999999996
0 0.25050521568627454 0.3059765625 0.19641299999999998 0.22250000000000003
0 0.19723488515406165 0.2346484375 0.06636800000000002 0.0925
0 0.4024446862745098 0.253515625 0.07892300000000008 0.05124999999999999
0 0.5931312885154062 0.2158203125 0.10762400000000004 0.08875
0 0.6711092464985996 0.2228515625 0.08340799999999993 0.09750000000000003
0 0.7162846078431373 0.2027734375 0.10044799999999994 0.12437500000000001
0 0.7231762885154063 0.8378515625 0.10762300000000002 0.06499999999999995
0 0.7836957338935573 0.220625 0.17399100000000017 0.12625
0 0.7827627282913164 0.88875 0.10582900000000003 0.12624999999999997
