0 0.0166015625 0.6051319999999999 0.035 0.1506590000000001
0 0.0296484375 0.5996620588235294 0.030625 0.136535
0 0.18484375 0.4996372352941177 0.11812500000000001 0.29190200000000005
0 0.3860546875 0.4869199411764705 0.10125 0.31638400000000005
0 0.5154687499999999 0.47537699999999994 0.1175 0.35216499999999995
0 0.5683203125 0.5284475882352941 0.02562500000000001 0.154426
0 0.5891796875 0.5253263529411764 0.03874999999999995 0.16384200000000007
0 0.718671875 0.42863394117647063 0.12125000000000008 0.4152540000000001
0 0.783359375 0.5521987647058824 0.04437500000000005 0.258946
0 0.8843359375 0.4072092941176471 0.20187500000000003 0.4284369999999999
0 0.93125 0.4761184117647059 0.06437499999999996 0.19868200000000003
0 0.9413671875 0.43112364705882356 0.021874999999999978 0.09039499999999998
0 0.969296875 0.4546937647058824 0.05937500000000007 0.21092300000000003
