0 0.0830078125 0.8625000000000002 0.104375 0.1274999999999998
0 0.1540625 0.8132809166666667 0.015625 0.06083399999999998
0 0.1759375 0.80625 0.015625 0.06333299999999993
0 0.188359375 0.7766663333333333 0.012500000000000011 0.04333400000000006
0 0.2028125 0.8052086666666667 0.016875 0.053333
0 0.3087890625 0.8015107499999999 0.01937500000000003 0.055000000000000014
0 0.3809375 0.7934375 0.015625 0.04833299999999996
0 0.3962890625 0.8291663333333332 0.018125000000000002 0.04333400000000006
0 0.4037109375 0.7923961666666667 0.01375000000000004 0.03750000000000009
0 0.4067578125 0.791458 0.010000000000000009 0.0324999999999999
0 0.41609375 0.8207809166666666 0.024375000000000036 0.06083399999999998
0 0.4290625 0.8140621666666666 0.016874999999999973 0.038334000000000014
0 0.437109375 0.7921354166666666 0.013124999999999998 0.04499999999999993
0 0.4584375 0.7891663333333333 0.015625 0.041667000000000044
0 0.48078125 0.7888024166666666 0.00874999999999998 0.04666599999999995
0 0.5041796875 0.8345315833333333 0.03749999999999998 0.08166599999999995
0 0.4959375 0.7888024166666666 0.015625000000000056 0.045000000000000075
0 0.5189453125 0.792917 0.026249999999999996 0.0625
0 0.5712109375 0.7871354166666666 0.014375000000000027 0.045000000000000075
0 0.582109375 0.78953125 0.013124999999999942 0.040000000000000036
0 0.597890625 0.80875 0.020625000000000004 0.06499999999999995
0 0.6034375 0.7743229166666667 0.015625 0.02916699999999987
0 0.6147265625 0.85276075 0.03500000000000003 0.11750000000000001
0 0.62765625 0.7830725833333334 0.009375000000000022 0.04999999999999982
0 0.66828125 0.8267190833333333 0.039999999999999925 0.06583300000000003
0 0.6827734375 0.7849479166666667 0.06062500000000004 0.05999999999999991
0 0.6953125 0.8039065833333333 0.016874999999999973 0.05166599999999999
0 0.730859375 0.8165625 0.04375000000000007 0.07916699999999999
0 0.741171875 0.7836458333333334 0.059374999999999956 0.05833299999999989
0 0.7887890625 0.7730725833333333 0.01937499999999992 0.05166700000000013
0 0.8383203125 0.7672395833333333 0.0568749999999999 0.04999999999999997
0 0.9140234375 0.843333 0.06062499999999993 0.12749999999999995
0 0.9014453125 0.7695315833333334 0.02562500000000001 0.08250000000000002
0 0.9121875 0.7674479166666668 0.016874999999999973 0.06083299999999984
0 0.977734375 0.8483329999999999 0.04312499999999997 0.12750000000000009
0 0.9700390625 0.7566663333333333 0.018124999999999947 0.04333400000000006
