0 0.383961 0.6389130367107195 0.09380799999999995 0.5155219999999999
0 0.009765625 0.5162980234948605 0.021263 0.3311389999999999
0 0.0374699375 0.5595734434654919 0.045029 0.21072500000000005
0 0.101688625 0.5118710176211454 0.052532999999999996 0.248354
0 0.3528111875 0.5303183054331865 0.08505299999999999 0.27751599999999993
0 0.439581 0.8487447356828195 0.21888700000000005 0.3000940000000001
0 0.3681476875 0.38941672099853153 0.038149000000000044 0.09595500000000001
0 0.5116121874999999 0.6080500528634362 0.24140100000000003 0.7403569999999999
0 0.5473181875 0.476880161527166 0.053782999999999914 0.26152400000000003
0 0.6579450625000001 0.3627780073421439 0.01813599999999993 0.103481
0 0.6762353125 0.388751295154185 0.026891999999999916 0.13264299999999998
0 0.7095015 0.3659435800293686 0.016884999999999928 0.123237
0 0.8260689375 0.6986833259911894 0.10756699999999997 0.565381
0 0.8209747500000001 0.35559558002936853 0.0243899999999998 0.12135499999999999
0 0.9250241874999999 0.7468683215859031 0.14759300000000009 0.5032920000000001
0 0.8662771875 0.3627780073421439 0.02313899999999991 0.103481
0 0.9450561875 0.5435124449339207 0.08442800000000006 0.229539
