0 0.09915331250000001 0.847274411764706 0.058334 0.29916300000000007
0 0.1285810625 0.634303411764706 0.04999999999999999 0.09832600000000005
0 0.1588763125 0.8463633529411766 0.058332999999999996 0.263598
0 0.214540375 0.8611742352941176 0.04305500000000001 0.24267799999999995
0 0.25707487500000004 0.8626448235294117 0.05972199999999997 0.24686200000000005
0 0.272092125 0.6842237647058823 0.066667 0.06066900000000004
0 0.2837890625 0.791890705882353 0.01805599999999996 0.1255229999999999
0 0.307595375 0.8435880588235294 0.04444500000000001 0.23640200000000006
0 0.3399954375 0.8572179999999999 0.06111099999999997 0.2510459999999999
0 0.3530169375 0.6944560000000001 0.04583299999999996 0.05020899999999997
0 0.39220931249999996 0.8705572941176472 0.05694400000000005 0.22803399999999988
0 0.39915331249999997 0.8030948823529414 0.05833400000000005 0.1799159999999998
0 0.444574875 0.6928195294117647 0.059722 0.06903700000000007
0 0.4521920625 0.8711787058823529 0.04999999999999999 0.22384999999999994
0 0.5097001875 0.8678438823529411 0.05277799999999999 0.23221799999999998
0 0.580685875 0.8783038823529411 0.05972199999999994 0.230126
0 0.6466796875 0.8679057647058822 0.06944399999999995 0.2594140000000001
0 0.7213763125 0.871240588235294 0.05833300000000008 0.25313800000000014
0 0.7926435625 0.8947512352941176 0.12777700000000003 0.192469
0 0.887890625 0.8503195882352941 0.05138899999999991 0.25523000000000007
0 0.945703125 0.9183237647058825 0.068056 0.15899599999999992
0 0.9558811875 0.8105528235294116 0.08472200000000008 0.1464430000000002
