0 0.1695703125 0.8561351826625389 0.05687500000000001 0.2073419999999999
0 0.0445703125 0.6465615417956656 0.025625000000000002 0.11607100000000004
0 0.1451171875 0.7816872941176471 0.05374999999999999 0.1785719999999999
0 0.2225390625 0.7875974055727554 0.05000000000000002 0.14880900000000005
0 0.25289062500000004 0.862763145510836 0.05124999999999999 0.21428599999999987
0 0.2665234375 0.7544223931888545 0.030624999999999958 0.15476199999999998
0 0.2751953125 0.6142595541795665 0.02562500000000001 0.11408700000000008
0 0.31015625 0.8307011083591331 0.03937499999999999 0.22420600000000004
0 0.4020703125 0.31671664086687307 0.026874999999999982 0.09226199999999998
0 0.4278125 0.31207267801857586 0.017500000000000016 0.083334
0 0.4725 0.6298155170278638 0.03187500000000004 0.12202400000000013
0 0.634765625 0.6302525294117647 0.020625000000000004 0.11805500000000001
0 0.6609375 0.6302525294117647 0.016875000000000084 0.12003900000000015
0 0.7658203125 0.5725154674922601 0.02562500000000001 0.13392899999999996
0 0.8155078125 0.4997697399380805 0.011249999999999982 0.06547600000000003
0 0.8246875 0.5041737523219815 0.016874999999999973 0.06349199999999998
0 0.8432421875 0.6346565417956657 0.021874999999999978 0.11607100000000004
0 0.8818359375 0.6565586284829721 0.015000000000000013 0.09523800000000002
0 0.897421875 0.7805324303405573 0.028124999999999956 0.142858
0 0.92609375 0.7617263188854488 0.024374999999999925 0.17162700000000006
