0 0.00453925 0.6863905893719805 0.008222 0.05003900000000009
0 0.0246020625 0.628952342995169 0.018342999999999998 0.07740400000000006
0 0.029950499999999998 0.7399763429951691 0.017078000000000003 0.07896799999999997
0 0.0531763125 0.7566751787439613 0.026565000000000005 0.0977330000000001
0 0.0628405 0.6590255893719806 0.016445999999999995 0.05003900000000009
0 0.07704493750000001 0.6519885893719807 0.015179999999999985 0.05003899999999995
0 0.0827930625 0.7529050966183574 0.017710000000000004 0.10633400000000008
0 0.0941229375 0.6426760483091789 0.013914999999999997 0.054730999999999946
0 0.09831762499999999 0.5998834251207729 0.019607 0.06880400000000002
0 0.122984625 0.5650626714975846 0.020873000000000017 0.039092999999999954
0 0.144490625 0.337604154589372 0.019607999999999987 0.070368
0 0.13989625 0.6389139420289854 0.008223000000000008 0.0383110000000001
0 0.1499503125 0.5712472125603865 0.026565000000000005 0.034401999999999905
0 0.1706559375 0.5867383188405797 0.015181 0.05082100000000001
0 0.17445093750000001 0.6138175072463768 0.015181 0.05863899999999999
0 0.1828964375 0.7353548019323671 0.03035999999999997 0.08287799999999997
0 0.183706625 0.3364668840579709 0.019606999999999986 0.07271300000000004
0 0.19158506250000001 0.5919255072463768 0.018342999999999998 0.060202999999999965
0 0.193826625 0.8895852028985507 0.020873000000000003 0.12431600000000008
0 0.2125131875 0.715738342995169 0.02340299999999998 0.0789680000000001
0 0.22320025000000002 0.8967611207729469 0.039215 0.13369800000000004
0 0.28112649999999995 0.7754202512077296 0.11132200000000006 0.17748199999999975
0 0.24552525 0.5711013188405798 0.009488000000000024 0.051602999999999996
0 0.259085875 0.8725241207729468 0.027830999999999967 0.1336979999999999
0 0.26978375 0.5427449420289855 0.025300000000000045 0.03674699999999999
0 0.2832429375 0.5817674830917874 0.013915999999999984 0.03283800000000007
0 0.2873825 0.33867196618357487 0.016445000000000043 0.06411299999999998
0 0.29273093749999995 0.5401825893719806 0.015180000000000027 0.048475000000000046
0 0.2970476875 0.5099833768115942 0.006956999999999991 0.015636999999999977
0 0.30923206249999996 0.3378205072463768 0.01771000000000006 0.060203000000000034
0 0.308199375 0.5504865072463768 0.012650999999999968 0.060203000000000034
0 0.3249889375 0.5489225072463768 0.013914999999999955 0.058640000000000005
0 0.33723925 0.5374108599033817 0.00822299999999998 0.04691199999999995
0 0.341090375 0.6067170241545893 0.012649999999999995 0.02736599999999998
0 0.3509219375 0.5288108599033816 0.015179999999999971 0.046912000000000016
0 0.364139 0.8332277198067632 0.031625000000000014 0.09225900000000012
0 0.35719181250000004 0.5454462125603865 0.010119999999999962 0.034401999999999974
0 0.37184025000000004 0.851287154589372 0.04047999999999996 0.07036699999999985
0 0.3656363125 0.6384107777777778 0.026566000000000034 0.056294000000000045
0 0.3635719375 0.5170193768115942 0.015181 0.014856000000000074
0 0.36984181250000003 0.5502771304347827 0.011384999999999978 0.04456599999999992
0 0.3711068125 0.5126082125603865 0.010120000000000018 0.035964999999999935
0 0.41890225 0.9436790966183574 0.10246700000000003 0.10867900000000016
0 0.38278025 0.5156657536231883 0.00822299999999998 0.03049199999999997
0 0.4126086875 0.5004475072463769 0.03795100000000001 0.060202999999999895
0 0.40962387499999997 0.6825450724637682 0.02783000000000002 0.08209499999999996
0 0.4249043125 0.59646961352657 0.05819099999999999 0.07662300000000001
0 0.421753125 0.8382115072463768 0.036052999999999946 0.060203000000000104
0 0.4318829375 0.6830402608695652 0.015180999999999945 0.08913199999999998
0 0.44177062500000003 0.5079866714975846 0.02087299999999992 0.03987500000000001
0 0.4596371875 0.8840417439613526 0.05313100000000004 0.12040700000000015
0 0.451258625 0.6750059082125605 0.019608000000000014 0.09929599999999998
0 0.4671720625 0.5238270724637681 0.05060100000000001 0.08209499999999996
0 0.4632096875 0.7833980966183574 0.03731799999999991 0.10867900000000016
0 0.4692019375 0.63712661352657 0.013915000000000066 0.07584100000000003
0 0.48880893749999993 0.6196527536231885 0.013916000000000095 0.030492999999999985
0 0.49421350000000003 0.3378205072463768 0.01581300000000002 0.058640000000000005
0 0.49616662500000003 0.7464546714975846 0.02023999999999998 0.039093000000000024
0 0.5061094374999999 0.9663670483091786 0.030992999999999993 0.055512000000000124
0 0.5193265 0.5069188599033816 0.04870299999999994 0.0461300000000001
0 0.5020368125 0.6073531304347827 0.01138500000000009 0.04534799999999997
0 0.5240419375 0.8663385797101448 0.0468059999999999 0.1391710000000002
0 0.5224993125 0.7215041304347826 0.02656499999999995 0.04456700000000014
0 0.5204349375 0.6326519661835749 0.01391500000000001 0.06411300000000011
0 0.5358935625 0.8472242850241546 0.03478800000000004 0.11493400000000012
0 0.5295783749999999 0.5619346714975845 0.01265000000000005 0.03987499999999994
0 0.536014625 0.631940425120773 0.01960799999999996 0.068803
0 0.5432049375 0.5654119661835749 0.015181 0.06411299999999998
0 0.5460795 0.33775104830917874 0.016444999999999932 0.053165999999999956
0 0.560383375 0.7732400724637681 0.04301100000000002 0.07975000000000002
0 0.5633130625 0.9524259903381642 0.04996900000000004 0.09069600000000022
0 0.54849825 0.7015383768115943 0.00822299999999998 0.015637999999999992
0 0.552981375 0.6192210483091788 0.01265000000000005 0.05316599999999989
0 0.5728010625 0.9180309661835747 0.05060100000000001 0.06333100000000019
0 0.563101375 0.5107584009661836 0.012017999999999973 0.0414379999999999
0 0.5701145000000001 0.615807236714976 0.017077999999999927 0.062549
0 0.5703478125 0.6781528357487923 0.010753000000000013 0.020328000000000027
0 0.5723009375 0.5289567536231884 0.015179999999999971 0.02971099999999993
0 0.583043125 0.7403326135265701 0.036053 0.07584000000000002
0 0.5870714374999999 0.49042940096618354 0.030360000000000054 0.0430030000000001
0 0.5869601875 0.7340845893719807 0.022769999999999957 0.0492569999999999
0 0.5917868749999999 0.6595982125603865 0.02909600000000001 0.035964999999999935
0 0.587769375 0.6111162367149758 0.01265000000000005 0.06176700000000008
0 0.6013959375000001 0.6118277777777777 0.013915999999999928 0.05707599999999996
0 0.6030055000000001 0.3378205072463768 0.016444999999999932 0.058640000000000005
0 0.6355205 0.9447479082125604 0.07906400000000002 0.10007800000000004
0 0.6291501875 0.49326461352657003 0.054396 0.07583999999999995
0 0.6165769375 0.5370555893719807 0.01391500000000001 0.05003899999999995
0 0.658867375 0.7697943816425121 0.07526900000000003 0.22048399999999999
0 0.63072425 0.5244761304347826 0.009488000000000052 0.04456599999999999
0 0.66807775 0.5752196956521739 0.055027999999999966 0.06724000000000005
0 0.64590525 0.5389748599033816 0.009487000000000023 0.046912000000000086
0 0.6599315 0.3378205072463768 0.016445000000000043 0.058640000000000005
0 0.6556806875 0.5389748599033816 0.00695800000000002 0.046912000000000086
0 0.6913695 0.5028629661835748 0.04743799999999998 0.06411299999999998
0 0.7150048125 0.7902316956521739 0.04174599999999995 0.065676
0 0.722939375 0.7522699903381642 0.04490799999999995 0.0899139999999999
0 0.70978825 0.6568899661835749 0.009487999999999941 0.06332999999999997
0 0.721862375 0.3354050483091787 0.01265000000000005 0.055511999999999985
0 0.7432354999999999 0.9775294009661835 0.04743799999999998 0.04222000000000016
0 0.72623425 0.6284701062801932 0.008222000000000063 0.017201000000000022
0 0.73635425 0.4595881062801933 0.008221999999999952 0.017201000000000022
0 0.7376192500000001 0.5055712125603865 0.009486999999999912 0.03596599999999995
0 0.7666375 0.5578033429951692 0.04870399999999997 0.0789679999999999
0 0.75279925 0.5009496714975846 0.00822299999999998 0.03987499999999994
0 0.76968925 0.7939183671497584 0.04048099999999999 0.10555100000000021
0 0.757804125 0.4966149420289855 0.00569200000000003 0.03752899999999998
0 0.7826385 0.3362565072463768 0.016445000000000043 0.06020399999999998
0 0.799139625 0.6720942608695651 0.02087300000000003 0.08756800000000013
0 0.8040224375 0.9648030483091786 0.030359999999999943 0.05316700000000004
0 0.8079286875 0.5157986956521738 0.03731799999999996 0.06645799999999999
0 0.8055758749999999 0.9301916714975845 0.029094999999999982 0.039093000000000024
0 0.8077613124999999 0.9843560241545892 0.025932999999999984 0.028147000000000227
0 0.8070731875 0.7077039903381642 0.02340299999999995 0.09147800000000014
0 0.81586225 0.8841251545893719 0.03984899999999991 0.07036700000000011
0 0.8069619375 0.609621695652174 0.01391600000000004 0.06723999999999991
0 0.8264488750000001 0.8029510724637681 0.02782999999999991 0.08053200000000008
0 0.8249052499999999 0.4939901062801932 0.008855999999999975 0.018763999999999982
0 0.8578858749999999 0.5842830048309179 0.05882399999999999 0.20563000000000006
0 0.8423829374999999 0.3316359661835748 0.015180000000000082 0.06411199999999999
0 0.876861875 0.966862236714976 0.06008800000000003 0.062549
0 0.8855948125 0.8025688985507246 0.07400399999999996 0.190774
0 0.894982375 0.644576391304348 0.04427599999999998 0.13057099999999996
0 0.9047135000000001 0.3316359661835748 0.01644499999999982 0.06411199999999999
0 0.9199939375 0.53783061352657 0.04617399999999994 0.07505899999999997
0 0.9236885 0.6126792367149758 0.016444999999999932 0.06176700000000001
0 0.9430533750000001 0.8705968743961352 0.04300999999999999 0.16340899999999997
0 0.943351625 0.6335034251207728 0.01960800000000007 0.06880400000000002
0 0.9540386875 0.7061399903381642 0.03731800000000007 0.08991400000000004
0 0.9483565 0.5335018599033816 0.015812999999999966 0.04769400000000001
0 0.97841825 0.5306536956521738 0.04047999999999996 0.06724000000000012
0 0.9809029375 0.663780072463768 0.015179999999999971 0.08053200000000008
0 0.98705075 0.7364166376811594 0.02403500000000003 0.10320599999999999
0 0.9941298125 0.6648478840579709 0.010120000000000018 0.07427700000000012
