0 0.8232424374999999 0.23645833333333335 0.06171899999999997 0.16666699999999998
0 0.3173828125 0.34036425 0.635938 0.16458399999999998
0 0.24003931250000002 0.8460940833333334 0.02734299999999998 0.09895799999999995
0 0.2546875 0.6052083333333332 0.017186999999999952 0.10416700000000005
0 0.27421875 0.8507812500000002 0.024999999999999967 0.10208299999999977
0 0.286327875 0.8552079999999999 0.028905999999999987 0.09583400000000013
0 0.2830080625 0.7817705 0.017969000000000013 0.046875
0 0.309765625 0.7895836666666667 0.021094 0.05312500000000009
0 0.43867162500000006 0.8273440833333333 0.021093999999999946 0.06562499999999998
0 0.52656225 0.4653649166666667 0.19687499999999997 0.12291599999999996
0 0.449609375 0.8374996666666666 0.012500000000000011 0.052084000000000095
0 0.5330080625 0.7075524166666667 0.017969000000000013 0.04479099999999988
0 0.540234625 0.9302083333333334 0.02109300000000003 0.0729169999999999
0 0.539453375 0.6164065833333333 0.012499999999999956 0.04999999999999997
0 0.5912106875 0.539583 0.03749999999999998 0.0625
0 0.715234125 0.20989616666666666 0.12968799999999991 0.13229099999999996
0 0.7962888125 0.48072950000000003 0.16640600000000005 0.171875
0 0.7541018125 0.3325520833333333 0.07343700000000009 0.06562499999999998
0 0.9275390625 0.29531216666666665 0.14296900000000012 0.34895899999999996
