0 0.0320703125 0.5123706383601757 0.057499999999999996 0.106004
0 0.13675781250000002 0.5119587672035139 0.07312499999999998 0.10975600000000008
0 0.276328125 0.1555117057101025 0.03687500000000005 0.06378999999999997
0 0.2771484375 0.3122869633967789 0.029374999999999984 0.06754200000000006
0 0.3881640625 0.9254013133235726 0.20625 0.145403
0 0.3409375 0.39192792679355787 0.07937499999999997 0.13696
0 0.6398828125 0.5014425490483162 0.63625 0.992495
0 0.4019921875 0.4123114729136164 0.08437500000000003 0.17073199999999994
0 0.4064453125 0.7485411229868228 0.08937500000000004 0.09474600000000002
0 0.552109375 0.5409696691068814 0.07562499999999994 0.13133199999999998
0 0.6520703125 0.40531538067349926 0.057499999999999996 0.10225099999999997
0 0.69296875 0.37605002489019035 0.024374999999999925 0.11538500000000003
0 0.9047265625 0.33057549780380674 0.06624999999999992 0.28611700000000007
