0 0.4990234375 0.5588806862745098 0.999375 0.879498
0 0.2481640625 0.7899470653594772 0.019374999999999976 0.08451899999999994
0 0.2682421875 0.8352394444444444 0.021874999999999978 0.09121300000000006
0 0.2902734375 0.7960674967320261 0.029374999999999984 0.0778240000000001
0 0.341796875 0.7977902026143792 0.028749999999999998 0.1012549999999998
0 0.4254296875 0.4731638431372549 0.007500000000000007 0.039330999999999915
0 0.5569140625 0.7004070653594772 0.01937500000000003 0.08368199999999992
0 0.57515625 0.45883446405228756 0.009374999999999911 0.035983
0 0.5856640625 0.5856099803921568 0.018124999999999947 0.05523000000000013
0 0.5823046875 0.4625482745098039 0.007500000000000062 0.03263600000000001
0 0.5885546875 0.44141951633986926 0.006250000000000089 0.022594000000000048
0 0.5998828125 0.4813250849673203 0.011249999999999982 0.02928799999999995
0 0.60390625 0.45527970588235284 0.008750000000000036 0.02510400000000002
0 0.6219921875 0.7033942222222223 0.02187500000000009 0.04602499999999996
0 0.636484375 0.46610303267973857 0.013125000000000053 0.04435199999999993
0 0.6417578125 0.4455001372549019 0.010624999999999996 0.017573000000000102
0 0.8009375 0.5822629803921568 0.01750000000000007 0.056903000000000016
0 0.965859375 0.5582574117647059 0.01187500000000008 0.04937199999999995
