0 0.813515625 0.5807001659324522 0.14625 0.3233080000000001
0 0.082734375 0.5364693069016153 0.138125 0.296992
0 0.192890625 0.48366372980910427 0.11499999999999996 0.21898499999999999
0 0.305234375 0.4276287209985316 0.043125000000000024 0.09586499999999991
0 0.381875 0.5005807298091043 0.12687499999999996 0.21804499999999993
0 0.3725 0.4398455814977974 0.0625 0.141917
0 0.453671875 0.6915977474302496 0.184375 0.4661659999999999
0 0.404765625 0.42433915124816446 0.05124999999999996 0.11936000000000002
0 0.4091015625 0.3599597209985316 0.03437499999999999 0.09680399999999997
0 0.6121484374999999 0.7333021806167401 0.34312500000000007 0.530075
0 0.4889453125 0.4506541512481645 0.08812499999999995 0.11748199999999993
0 0.573046875 0.43226872246696035 0.06000000000000005 0.11560200000000001
0 0.65546875 0.4952965814977973 0.08749999999999991 0.140977
0 0.6315234375 0.39473586049926573 0.030625000000000013 0.04981199999999993
0 0.683984375 0.4380845785609398 0.04375000000000007 0.10244400000000001
0 0.744765625 0.4982901585903084 0.083125 0.22180399999999997
0 0.8978515625 0.5387620176211454 0.15937500000000004 0.24812000000000006
0 0.977734375 0.530481013215859 0.04312499999999997 0.18515
