0 0.8335546875 0.3223032262678804 0.07000000000000006 0.363031
0 0.021484375 0.21907474252275683 0.044375 0.27893499999999993
0 0.224609375 0.7071389960988297 0.45 0.582015
0 0.1885546875 0.24930281404421326 0.06937499999999999 0.313905
0 0.21921875 0.40749633550065023 0.0875 0.124063
0 0.3109375 0.4231475279583875 0.07875000000000004 0.177352
0 0.2955859375 0.21753203901170348 0.04625000000000001 0.20149900000000004
0 0.360703125 0.540109132639792 0.09937499999999999 0.283097
0 0.3881640625 0.40416533550065015 0.04999999999999999 0.124064
0 0.4171484375 0.3644048959687906 0.060624999999999984 0.13488799999999992
0 0.5448828125 0.6890753472041613 0.26000000000000006 0.3846799999999999
0 0.464296875 0.4165893081924577 0.09000000000000002 0.1831810000000001
0 0.526484375 0.5115005500650195 0.16937499999999994 0.22398000000000004
0 0.5175390625 0.25858411053315994 0.04999999999999999 0.235637
0 0.55140625 0.31268559427828346 0.10312500000000002 0.318069
0 0.6004296875 0.25819898439531863 0.06874999999999998 0.32056700000000005
0 0.64734375 0.4084223576072821 0.11750000000000005 0.1706910000000001
0 0.7021484375 0.6326251547464239 0.21687500000000004 0.32889300000000005
0 0.688046875 0.44129672041612483 0.15250000000000008 0.231474
0 0.6643359375 0.2595556436931079 0.07750000000000001 0.3064120000000001
0 0.7249609375 0.2871926931079324 0.07750000000000001 0.2914239999999999
0 0.8944921875 0.6386746723016904 0.20937499999999998 0.7194
0 0.8969921875 0.26605759427828346 0.08499999999999996 0.31806900000000005
0 0.936875 0.4246781937581275 0.125 0.530392
0 0.9753125 0.20230172561768528 0.04749999999999999 0.127394
