0 0.005859375 0.44572949999999995 0.0125 0.205
0 0.0146875 0.41104199999999996 0.015625 0.09416599999999997
0 0.0282421875 0.4217190833333333 0.021875 0.06750000000000005
0 0.0481640625 0.37005175 0.018125000000000002 0.025833999999999985
0 0.0506640625 0.41499966666666666 0.018124999999999995 0.08333400000000002
0 0.072109375 0.4099996666666666 0.013124999999999998 0.08500000000000003
0 0.087734375 0.4116666666666666 0.011874999999999997 0.08500000000000003
0 0.0981640625 0.41369758333333334 0.018125000000000002 0.081667
0 0.1055859375 0.40281216666666664 0.014374999999999999 0.10000000000000002
0 0.1199609375 0.4092708333333333 0.014999999999999986 0.09000000000000001
0 0.133984375 0.41369758333333334 0.013124999999999998 0.081667
0 0.1526953125 0.4085937499999999 0.02562499999999998 0.11833300000000009
0 0.1706640625 0.39921908333333334 0.018125000000000002 0.06583299999999996
0 0.2594140625 0.3861975833333333 0.14437500000000003 0.081667
0 0.4291015625 0.3596354166666667 0.03375 0.04666699999999994
0 0.44875 0.2882291666666667 0.03125 0.036667000000000005
0 0.4923828125 0.3531250000000001 0.041250000000000064 0.0324999999999999
0 0.517734375 0.3211455 0.01187500000000008 0.015834000000000015
0 0.52140625 0.34807324999999995 0.008750000000000036 0.009166000000000007
0 0.52265625 0.36317741666666664 0.008749999999999925 0.01500000000000005
0 0.5386328125 0.34770833333333334 0.010625000000000107 0.012499999999999956
0 0.7623828125 0.33791666666666664 0.4175000000000001 0.146667
0 0.9773828125 0.36333366666666667 0.04249999999999998 0.08499999999999996
0 0.9882421875 0.31036425 0.021874999999999978 0.04
