0 0.068359375 0.6863049824304539 0.136875 0.27460099999999993
0 0.1904296875 0.6762324363103952 0.1 0.2399250000000001
0 0.2477734375 0.663819859443631 0.030624999999999986 0.18088100000000007
0 0.3262109375 0.7219830190336749 0.10749999999999998 0.20712300000000008
0 0.29453125 0.6393966998535872 0.03999999999999998 0.15370099999999998
0 0.351484375 0.6765910863836018 0.04375000000000001 0.16119900000000004
0 0.3846875 0.7186448901903367 0.046875 0.20337300000000014
0 0.443046875 0.6832683440702781 0.06 0.16963399999999995
0 0.473671875 0.7004270190336749 0.06 0.20524799999999996
0 0.53453125 0.7732482210834555 0.04062500000000002 0.07497599999999996
0 0.576171875 0.666752055636896 0.05874999999999997 0.13870700000000005
0 0.599140625 0.7656901229868227 0.05249999999999999 0.09653199999999999
