0 0.21614600000000003 0.5761718125 0.0625 0.07226599999999994
0 0.49999991666666666 0.5341795625000001 0.623698 0.5029299999999999
0 0.2343745833333333 0.501953 0.05078200000000003 0.0625
0 0.315104 0.445312625 0.06510399999999998 0.052734
0 0.3216144166666666 0.3740234375 0.07682300000000009 0.061522999999999994
0 0.35807325000000007 0.315430125 0.07161400000000002 0.067382
0 0.4322920833333333 0.2919918125 0.06640600000000003 0.072266
0 0.6210935000000001 0.3212886875 0.08072899999999998 0.06933599999999995
0 0.6536455 0.380859375 0.08072900000000012 0.07519499999999996
0 0.6601563333333332 0.4501954375 0.0742190000000001 0.06152299999999994
0 0.7460940833333334 0.501953 0.0664059999999999 0.0644530000000001
0 0.8177084999999998 0.8496097499999999 0.08072900000000012 0.15039000000000002
0 0.8789065833333334 0.8398439375 0.08333299999999995 0.1699219999999999
