0 0.883984375 0.55890625 0.19937499999999997 0.7599999999999999
0 0.078125 0.8913017499999999 0.1575 0.21333400000000013
0 0.1456640625 0.8035413333333333 0.081875 0.13750000000000004
0 0.1580859375 0.6942708333333334 0.07750000000000001 0.09083299999999994
0 0.35546875 0.8673434166666666 0.39937500000000004 0.2633340000000001
0 0.27156250000000004 0.6294270833333334 0.07999999999999999 0.15999999999999992
0 0.337109375 0.5732815833333333 0.106875 0.14500000000000002
0 0.4319921875 0.5179690833333334 0.085625 0.25333300000000003
0 0.5760546875 0.44484375 0.22624999999999995 0.431667
0 0.68375 0.3967711666666667 0.1875 0.256666
