0 0.02078125 0.37265963777089783 0.039375 0.345238
0 0.123984375 0.520596613003096 0.04312500000000001 0.347222
0 0.20875 0.2209752321981424 0.031875000000000014 0.194444
0 0.2334375 0.4727386625386997 0.079375 0.3353169999999999
0 0.331875 0.3296417120743034 0.03187500000000004 0.32539699999999994
0 0.396328125 0.2840741083591331 0.036250000000000004 0.228175
0 0.4075 0.47432953869969036 0.03187500000000004 0.369047
0 0.6808984375 0.26780798452012383 0.030625000000000013 0.25992099999999996
0 0.7259765625 0.27836105882352946 0.03500000000000003 0.2400799999999999
0 0.7265234375 0.394227306501548 0.029999999999999916 0.1785709999999999
0 0.8830859375 0.29645800928792565 0.04500000000000004 0.24801600000000004
0 0.8804296875 0.3283571826625387 0.03875000000000006 0.210318
0 0.913984375 0.23144252941176466 0.01187500000000008 0.12301600000000001
0 0.925 0.29654378637770895 0.03312499999999996 0.30555600000000005
0 0.9755859375 0.2924900092879257 0.04625000000000001 0.251984
