0 0.17515625 0.4455876143790849 0.070625 0.1489540000000001
0 0.0205078125 0.4285941503267973 0.0425 0.1138070000000001
0 0.0390625 0.44292949673202614 0.04875 0.076151
0 0.0745703125 0.48104575163398694 0.058124999999999996 0.164017
0 0.0869921875 0.4285941503267973 0.05437500000000001 0.1138070000000001
0 0.2271484375 0.4360267385620915 0.029375000000000012 0.067783
0 0.275234375 0.44350406535947706 0.04375000000000001 0.08451800000000008
0 0.2938671875 0.4218554117647059 0.023125000000000007 0.04853599999999993
0 0.37625 0.4373836339869282 0.09562500000000002 0.09288699999999994
0 0.4459375 0.4299063071895425 0.04749999999999999 0.07531399999999991
0 0.718828125 0.3980526339869281 0.036250000000000004 0.09288700000000001
0 0.8071484375 0.4013012222222222 0.030000000000000027 0.04518900000000002
0 0.85515625 0.424355477124183 0.07062500000000005 0.132217
0 0.9475 0.4703039346405229 0.09375 0.318828
