0 0.7894921875 0.5676289292035398 0.08562499999999995 0.364495
0 0.025390625 0.4936489115044248 0.051875 0.20491000000000004
0 0.1232421875 0.482255395280236 0.053750000000000006 0.226628
0 0.1917578125 0.49377394395280233 0.04249999999999998 0.16241800000000003
0 0.4476171875 0.5151250265486725 0.08499999999999996 0.23984899999999998
0 0.532265625 0.5183095840707964 0.05125000000000002 0.2587340000000001
0 0.5987109375 0.49589664896755165 0.04499999999999993 0.17469299999999996
0 0.61984375 0.502389796460177 0.024374999999999925 0.16902800000000015
0 0.6426953125 0.5072911651917404 0.026874999999999982 0.15486300000000003
0 0.6619140625 0.5150706902654868 0.050000000000000044 0.21340900000000002
0 0.7304296875 0.5111143215339233 0.03874999999999995 0.228517
