0 0.6992190625 0.4895833333333333 0.08105400000000007 0.292969
0 0.017578125 0.5117183333333334 0.036133 0.22916700000000004
0 0.2070308125 0.4973957500000001 0.041016 0.17968799999999993
0 0.3261718125 0.4908858333333333 0.04101600000000005 0.24739500000000003
0 0.355469 0.4921875 0.06445299999999998 0.265625
0 0.5097659375000001 0.48697950000000007 0.26464799999999994 0.296875
0 0.7412104375 0.43619825000000007 0.029297000000000017 0.13411399999999998
0 0.8124999375 0.429688 0.10742200000000002 0.126302
0 0.814453 0.5065102499999999 0.06250000000000011 0.13281300000000007
0 0.8769526875 0.49739625 0.06933600000000006 0.16536400000000007
