0 0.08333333333333333 0.669935125 0.16748799999999997 0.47295
0 0.0644511924882629 0.44814631250000003 0.10344799999999998 0.15163899999999997
0 0.18097313145539906 0.56299975 0.193104 0.30655699999999997
0 0.1475262676056338 0.3706811875 0.07192099999999996 0.08442599999999995
0 0.17062402816901406 0.414908 0.11330000000000003 0.09426199999999996
0 0.2332412676056338 0.39668325 0.07192100000000003 0.10163899999999998
0 0.3172077511737089 0.5342949375 0.17241399999999998 0.26475400000000004
0 0.25659476056338026 0.36712325 0.04335000000000004 0.072131
0 0.3148255586854461 0.39383975 0.0699509999999999 0.11885199999999996
0 0.35850952112676054 0.3537813125 0.08472899999999997 0.08934400000000003
0 0.4054834460093897 0.4512325625 0.11822699999999998 0.15983599999999998
0 0.4100151408450704 0.37324575 0.06403999999999997 0.05491799999999997
0 0.4716821549295774 0.51410125 0.12019700000000001 0.22704900000000006
0 0.48235601408450707 0.42401018749999997 0.058127999999999944 0.11557400000000007
0 0.5130867230046948 0.3849645 0.0600980000000001 0.07950800000000002
0 0.5626995727699531 0.4995741875 0.12610799999999997 0.20901599999999992
0 0.5939171784037559 0.393090125 0.0472909999999999 0.09836099999999992
0 0.6138108873239436 0.41264075 0.05123099999999996 0.08606600000000003
0 0.6762741924882629 0.481960875 0.10344800000000001 0.18442599999999992
0 0.8239549201877934 0.63541225 0.34876899999999994 0.727049
0 0.672777633802817 0.38206999999999997 0.03546799999999991 0.06393400000000005
0 0.693425178403756 0.4148728125 0.04926099999999986 0.10491799999999996
0 0.7605833192488263 0.471881125 0.11231499999999996 0.16065600000000002
0 0.9336908122065728 0.35608375000000003 0.082758 0.08770499999999992
