0 0.43796875 0.5451776998535871 0.05624999999999997 0.153846
0 0.2482421875 0.5200599941434847 0.05375000000000002 0.09099399999999995
0 0.309140625 0.4649145710102489 0.05249999999999999 0.150094
0 0.334765625 0.6097655036603221 0.05124999999999996 0.19606000000000015
0 0.38109375 0.44382054026354323 0.05499999999999999 0.12851800000000005
0 0.446171875 0.4551034787701318 0.058750000000000024 0.08067599999999987
0 0.4851171875 0.4649145710102489 0.05437500000000006 0.150094
0 0.4776171875 0.40012519033674965 0.021875000000000033 0.05159399999999999
0 0.5480859375 0.44190038067349924 0.04625000000000001 0.100375
0 0.59375 0.5777831844802342 0.06312499999999999 0.14071300000000012
0 0.6076953125 0.4384018345534407 0.026874999999999982 0.06472800000000001
0 0.654375 0.43842005563689607 0.0625 0.13977500000000007
0 0.65671875 0.5667095402635433 0.05625000000000002 0.12851799999999997
0 0.716875 0.5455895710102489 0.06437499999999996 0.15197000000000005
0 0.7259765625 0.4115837672035139 0.06500000000000006 0.10975599999999995
0 0.771328125 0.5338765402635431 0.06812499999999999 0.12757999999999997
0 0.7865234375 0.40801512298682285 0.06125000000000003 0.09662299999999995
0 0.8190625 0.3932164172767204 0.016874999999999973 0.03470899999999994
0 0.839453125 0.42373460761347 0.03562500000000002 0.082552
0 0.8859765625 0.5056462210834554 0.06625000000000003 0.07504699999999988
