0 0.684609375 0.5047446035242291 0.07500000000000007 0.45206799999999997
0 0.048828125 0.6315711629955947 0.099375 0.284774
0 0.0726171875 0.6221143039647576 0.11687499999999999 0.256579
0 0.1014453125 0.49511302790014683 0.08937500000000001 0.392857
0 0.2092578125 0.5200763171806168 0.10374999999999998 0.44266900000000003
0 0.30015625 0.5104436020558003 0.10249999999999998 0.43139099999999997
0 0.420234375 0.41275090308370044 0.1375 0.643797
0 0.5575390625000001 0.440654328928047 0.14375 0.6062029999999999
0 0.75515625 0.5052151732745961 0.07125000000000004 0.427632
0 0.8211328125 0.4951118883994126 0.073125 0.43796999999999997
0 0.9317578125 0.58945287958884 0.135 0.315789
