0 0.031015624999999998 0.4565258454810496 0.052500000000000005 0.14192299999999997
0 0.175625 0.47821036443148685 0.06375 0.200747
0 0.38796875 0.4798396967930029 0.024375000000000036 0.0672270000000001
0 0.4265234375 0.4842128746355685 0.030625000000000013 0.07843100000000011
0 0.4901171875 0.5186649504373179 0.11562499999999998 0.3118580000000001
0 0.5308203125 0.48357469679300297 0.026875000000000093 0.0690939999999999
0 0.573046875 0.49227351895043725 0.028125000000000067 0.05975700000000012
0 0.6057421875 0.4945497930029154 0.023125000000000062 0.056023000000000094
0 0.6509375 0.47209325947521863 0.0475000000000001 0.03081300000000001
0 0.6838671875 0.49227351895043725 0.023125000000000062 0.05975700000000012
0 0.7145703125 0.49227351895043725 0.026874999999999982 0.05975700000000012
0 0.742109375 0.4948456151603499 0.012500000000000067 0.049485999999999954
0 0.7883203125 0.4973517930029155 0.02562500000000001 0.05695599999999994
0 0.8234375 0.5014960670553935 0.015625 0.053221000000000025
0 0.8731640625 0.49962806705539364 0.018124999999999947 0.055088999999999964
0 0.9545703125 0.5065074227405248 0.08875 0.07002799999999988
