0 0.0283203125 0.42484375 0.058125 0.055832999999999945
0 0.0093359375 0.5583333333333332 0.015624999999999998 0.043333000000000066
0 0.030703124999999998 0.5531246666666666 0.035625000000000004 0.11583399999999999
0 0.058515625 0.5566666666666666 0.021250000000000005 0.08416700000000003
0 0.06828125 0.5226559166666668 0.009374999999999994 0.02916699999999987
0 0.0803125 0.5359899166666667 0.016875 0.029166000000000025
0 0.1106640625 0.52838575 0.019375000000000003 0.024165999999999983
0 0.1521875 0.53005175 0.015625 0.025833999999999985
0 0.1653125 0.5195836666666667 0.015625 0.022499999999999964
0 0.3814453125 0.5078649166666667 0.40125 0.7491660000000001
0 0.4899609375 0.42895833333333333 0.014374999999999971 0.07416700000000002
0 0.512109375 0.4435413333333333 0.04437500000000005 0.1375000000000001
0 0.5323046875 0.5198440833333333 0.03874999999999995 0.09666599999999999
0 0.5411328125 0.43328125 0.04125000000000001 0.10333300000000005
0 0.5653515625 0.52359375 0.06500000000000006 0.11750000000000001
0 0.573984375 0.4286461666666667 0.04437500000000005 0.10000000000000002
0 0.60359375 0.5297395833333334 0.08624999999999994 0.175833
0 0.6441015625 0.4284371666666667 0.06625000000000003 0.13083399999999998
0 0.6577734375 0.53619825 0.09312500000000001 0.16416600000000003
0 0.7171484375 0.5230211666666666 0.09187500000000004 0.19499999999999998
0 0.717578125 0.36875033333333335 0.036250000000000004 0.10499999999999998
0 0.7755859375 0.5139583333333333 0.1087499999999999 0.199167
0 0.821015625 0.4395833333333334 0.08250000000000002 0.23083299999999998
0 0.8632421875 0.4222916666666667 0.05312499999999998 0.241667
0 0.8888671875 0.51171875 0.08562499999999995 0.27416700000000005
0 0.9521484375 0.4541666666666666 0.09312500000000001 0.33583300000000005
