0 0.4399518125 0.40635159663865544 0.04166700000000001 0.1589
0 0.10160612499999999 0.5859685462184874 0.09861100000000003 0.13022700000000004
0 0.17508725 0.39233982352941177 0.03958300000000001 0.09677400000000007
0 0.3087454375 0.651981924369748 0.06180600000000003 0.1553169999999999
0 0.3462890625 0.3206951848739496 0.01944399999999996 0.113501
0 0.4114361875 0.33738182352941176 0.022916999999999965 0.09677399999999997
0 0.4665143125 0.6797643025210084 0.057638999999999996 0.1827960000000001
0 0.5156031875 0.4142911344537815 0.022916999999999965 0.08363199999999991
0 0.532595375 0.4106842857142857 0.043749999999999956 0.17323800000000003
0 0.61050325 0.47673902521008404 0.0409719999999999 0.21744299999999997
0 0.8630641250000001 0.5517843697478992 0.06666700000000003 0.22222199999999986
0 0.89435775 0.7395198151260505 0.08750000000000002 0.2891280000000001
