0 0.9357421875 0.8726320805270863 0.08499999999999996 0.25328300000000004
0 0.0146484375 0.8259114363103952 0.030625 0.23827400000000004
0 0.02734375 0.7462003748169838 0.05625 0.19230800000000006
0 0.4990234375 0.6527002781844803 0.999375 0.690432
0 0.0651171875 0.8931635402635433 0.084375 0.12851799999999997
0 0.0844140625 0.9475293806734992 0.08124999999999999 0.10131300000000015
0 0.12578125 0.7876078535871156 0.07187500000000001 0.2711069999999999
0 0.1726171875 0.8273755651537334 0.084375 0.2420260000000001
0 0.2437109375 0.6415030863836018 0.04625000000000001 0.1632269999999999
0 0.303671875 0.9263393133235724 0.09062500000000001 0.1444650000000001
0 0.30609375 0.4848680248901904 0.02437499999999998 0.11538500000000007
0 0.3730859375 0.5421351844802342 0.04624999999999996 0.14259000000000013
0 0.3876171875 0.9575056076134701 0.053749999999999964 0.082552
0 0.5141015625 0.8991784729136164 0.09749999999999998 0.17167000000000007
0 0.499140625 0.17029319033674964 0.020625000000000004 0.051594999999999995
0 0.5946484375 0.3784963133235724 0.02937500000000004 0.14446499999999998
0 0.6165234375 0.4482830248901904 0.02937499999999993 0.1153849999999999
0 0.6381640625 0.8030728843338214 0.04999999999999993 0.294559
0 0.650234375 0.5716462767203514 0.043749999999999956 0.21200699999999995
0 0.692890625 0.8824950497803806 0.083125 0.23076900000000017
0 0.723125 0.8165044978038066 0.0625 0.2861159999999999
0 0.7204296875 0.18051615373352856 0.03749999999999998 0.11913699999999999
0 0.766796875 0.33184676720351386 0.028124999999999956 0.10975600000000003
0 0.78578125 0.9769339326500731 0.04062500000000002 0.04409000000000018
0 0.826015625 0.8505040131771595 0.08250000000000002 0.29643500000000006
0 0.90484375 0.7984971420204978 0.05500000000000005 0.30018700000000004
0 0.9307421875 0.7491104114202051 0.053749999999999964 0.12476599999999989
0 0.9719921875 0.7844952401171301 0.053749999999999964 0.28048800000000007
0 0.9869921875 0.17116209224011714 0.023125000000000062 0.07129399999999998
