0 0.07515625000000001 0.7832496666666666 0.040625 0.1960000000000001
0 0.128046875 0.433167 0.05937499999999998 0.128
0 0.1222265625 0.7691663333333333 0.03437500000000002 0.19466699999999998
0 0.1571484375 0.780833 0.029375000000000012 0.177334
0 0.19671875 0.7816670000000001 0.024375000000000008 0.15333299999999994
0 0.215234375 0.5067503333333333 0.04374999999999998 0.106666
0 0.2297265625 0.77725 0.03437499999999999 0.16400000000000006
0 0.350859375 0.4263333333333333 0.04375000000000001 0.11733300000000006
0 0.4938671875 0.2519166666666666 0.02312499999999995 0.09600000000000003
0 0.50390625 0.49975033333333335 0.040000000000000036 0.15600000000000006
0 0.5112890625 0.246 0.018125000000000058 0.10400000000000001
0 0.5305078125 0.500333 0.04249999999999998 0.1506669999999999
0 0.5271875 0.24233333333333332 0.016249999999999987 0.11866700000000006
0 0.5415234375 0.24066700000000002 0.02937500000000004 0.10266600000000002
0 0.5676953125 0.2343333333333333 0.026874999999999982 0.11733300000000006
