0 0.3834765625 0.7686458333333333 0.06562499999999999 0.18333300000000005
0 0.018671875 0.6467184166666667 0.0275 0.108334
0 0.06203125 0.641667 0.04 0.12583299999999994
0 0.0771875 0.5207291666666666 0.016874999999999987 0.03833300000000003
0 0.086484375 0.5218229166666667 0.013124999999999998 0.029167000000000016
0 0.16109375 0.4967705 0.05562499999999998 0.04833400000000002
0 0.233359375 0.5468746666666666 0.013124999999999998 0.05333399999999999
0 0.25496093750000004 0.5455725833333332 0.015624999999999972 0.05166700000000005
0 0.27703125 0.4566145833333333 0.009374999999999967 0.019167000000000007
0 0.28640625 0.4586455 0.008750000000000036 0.01750000000000007
0 0.2928125 0.5186455 0.01687500000000003 0.015833999999999977
0 0.3067578125 0.5070312499999999 0.011249999999999982 0.040832999999999973
0 0.316484375 0.4907815833333333 0.011875000000000024 0.020832999999999952
0 0.3209375 0.50869825 0.01687500000000003 0.04083300000000004
0 0.3648828125 0.4699475833333333 0.010624999999999996 0.019167000000000007
0 0.3984375 0.5018229166666667 0.015625 0.029167000000000016
0 0.4418359375 0.4605208333333333 0.013749999999999984 0.02749999999999993
0 0.48875 0.6291666666666668 0.03312499999999996 0.08499999999999996
0 0.47953125 0.4027083333333334 0.008124999999999993 0.012499999999999956
0 0.4866796875 0.4023434166666666 0.007500000000000007 0.01416700000000004
0 0.4918359375 0.5086455 0.014375000000000027 0.015834000000000053
0 0.51203125 0.4619795 0.008124999999999938 0.015832999999999986
0 0.5160546875 0.3969795 0.0068749999999999645 0.01583300000000006
0 0.5205859375 0.49671875000000004 0.013749999999999929 0.024166999999999977
0 0.5216796875 0.3956774166666666 0.006249999999999978 0.014166000000000048
0 0.533359375 0.49671875000000004 0.013125000000000053 0.025832999999999995
0 0.5366796875 0.3927083333333334 0.0068750000000000755 0.011666999999999947
0 0.555234375 0.4569794999999999 0.01187500000000008 0.01750000000000007
0 0.594140625 0.38697950000000003 0.051875000000000004 0.01666599999999992
0 0.69875 0.6595315833333334 0.250625 0.20833299999999996
0 0.5896875 0.4896878333333334 0.015625 0.027500000000000007
0 0.59328125 0.33921874999999996 0.009375000000000022 0.02416700000000001
0 0.6040625 0.48322916666666665 0.015625 0.03749999999999994
0 0.632734375 0.4560413333333333 0.013125000000000053 0.01250000000000003
0 0.64390625 0.2727600833333333 0.008750000000000036 0.03583400000000003
0 0.69703125 0.5274996666666667 0.10312500000000002 0.08333399999999995
0 0.680859375 0.44895799999999997 0.011874999999999969 0.03333400000000005
0 0.688359375 0.32921875 0.013125000000000053 0.02416700000000001
0 0.69828125 0.4463538333333333 0.009375000000000022 0.02833400000000001
0 0.8142578125 0.44755174999999997 0.010624999999999996 0.025833999999999985
0 0.8703125 0.47619825 0.016874999999999973 0.03916599999999996
