0 0.0935546875 0.4581346470588235 0.09999999999999999 0.19079499999999996
0 0.162890625 0.6728855098039216 0.23874999999999996 0.5732219999999999
0 0.329765625 0.6225283921568627 0.176875 0.5029290000000001
0 0.33453125 0.35359725490196076 0.03999999999999998 0.08786600000000004
0 0.375625 0.49860781699346407 0.09437499999999999 0.24686199999999997
0 0.3874609375 0.3981570130718954 0.04625000000000001 0.09874500000000005
0 0.440703125 0.39564104575163395 0.06687500000000002 0.14058600000000007
0 0.51453125 0.36400606535947716 0.07125000000000004 0.086192
0 0.5918359375 0.406256614379085 0.04625000000000001 0.148118
0 0.6919140625 0.4336698235294118 0.11250000000000004 0.09623399999999993
0 0.7621875 0.6336201176470588 0.17374999999999996 0.4719669999999999
0 0.8776171875 0.61259077124183 0.24187500000000006 0.5079499999999999
0 0.96265625 0.4816252875816993 0.07187500000000002 0.13054400000000005
