0 0.007320644216691069 0.6497265625 0.0175 0.06499999999999995
0 0.17423133235724744 0.902370125 0.34875 0.1925
0 0.030248901903367497 0.6547265625 0.022500000000000006 0.06499999999999995
0 0.059641288433382136 0.654036125 0.03125 0.068334
0 0.089247803806735 0.655703125 0.043750000000000004 0.06666699999999992
0 0.1322108345534407 0.6565625 0.06625000000000002 0.07916699999999999
0 0.19217606149341146 0.6563935625 0.04749999999999997 0.06499999999999995
0 0.21756954612005855 0.63869825 0.03624999999999999 0.03916599999999992
0 0.22735541727672035 0.6616796875 0.035 0.06916700000000009
0 0.2538195461200585 0.6524873125 0.03625000000000003 0.05833299999999997
0 0.2792130307467057 0.6533720625 0.02624999999999997 0.08166699999999993
0 0.3102836749633968 0.6716015625 0.03875000000000001 0.03416699999999995
0 0.33864019033674964 0.6523955 0.052500000000000026 0.07916699999999999
0 0.39478038067349924 0.6868359375 0.10125 0.13916699999999993
0 0.414247803806735 0.6592060625 0.04125000000000006 0.08083299999999993
0 0.457997803806735 0.644583 0.041249999999999974 0.0625
0 0.4956021229868228 0.691953125 0.09499999999999999 0.12916700000000003
0 0.5568521229868229 0.691953125 0.09375 0.1308330000000001
0 0.5907467057101026 0.650442375 0.06374999999999999 0.07583399999999996
0 0.6320314787701318 0.691953125 0.07999999999999997 0.1308330000000001
0 0.6796412884333822 0.6377470625 0.03125 0.04999999999999993
0 0.7243173499267935 0.67161425 0.07750000000000001 0.10166700000000006
0 0.7311401903367497 0.643411125 0.049999999999999885 0.03583400000000003
0 0.7913195461200586 0.66828125 0.03624999999999995 0.1033329999999999
0 0.8319619326500732 0.6739716875 0.046250000000000006 0.09999999999999998
0 0.8630325768667643 0.6851171875 0.05875000000000004 0.11666700000000008
0 0.9086054172767203 0.721484375 0.033749999999999974 0.04416700000000007
0 0.9517478038067351 0.693254875 0.043749999999999865 0.09083399999999997
0 0.9800695461200586 0.6921220625 0.03624999999999995 0.14416700000000005
