0 0.7065625 0.24927050000000003 0.10999999999999999 0.29833399999999993
0 0.06640625 0.18937533333333334 0.134375 0.261666
0 0.272265625 0.8060413333333334 0.11499999999999999 0.385834
0 0.3705078125 0.7700520833333334 0.10500000000000004 0.44249999999999995
0 0.4547265625 0.19499966666666668 0.19000000000000006 0.33583399999999997
0 0.5508984375 0.18416666666666667 0.09312500000000001 0.33416700000000005
0 0.6042578125 0.22578158333333334 0.10499999999999998 0.269166
0 0.7837109375 0.7747913333333334 0.2025 0.3241669999999999
0 0.8911328125 0.20781249999999998 0.07374999999999998 0.26666700000000004
0 0.964453125 0.22265658333333335 0.06812499999999999 0.23750000000000002
