0 0.0927734375 0.6088303362701909 0.186875 0.7102540000000002
0 0.189453125 0.6997840425844346 0.379375 0.5973660000000001
0 0.2419921875 0.42899529955947135 0.08437499999999998 0.19661300000000004
0 0.32765625 0.6392117503671072 0.13437500000000002 0.507055
0 0.4103125 0.5564971688693098 0.07937499999999997 0.366886
0 0.4728125 0.6689456182085168 0.20374999999999993 0.6575730000000001
0 0.5964453125 0.6439837488986784 0.12 0.4863600000000002
0 0.6821484375 0.6964346138032306 0.18562500000000004 0.5936029999999999
0 0.7947265625 0.6311356020558002 0.09750000000000003 0.430856
0 0.845546875 0.5963758810572687 0.05874999999999997 0.3367819999999999
