0 0.2368359375 0.4512400442477876 0.14062499999999997 0.3984890000000001
0 0.3413671875 0.5523242005899706 0.241875 0.47403199999999995
0 0.356796875 0.728705215339233 0.21625 0.27289900000000006
0 0.352890625 0.1991651238938053 0.05249999999999999 0.11614699999999999
0 0.4367578125 0.42662978466076695 0.135 0.7299340000000001
0 0.593203125 0.4612879233038348 0.19249999999999995 0.6449489999999999
0 0.5433203125 0.6230077315634218 0.08812500000000001 0.252125
0 0.7703125 0.6309964218289085 0.1100000000000001 0.46459000000000006
0 0.808125 0.21032919174041298 0.06312499999999999 0.39471200000000006
0 0.8126171875 0.5745731268436578 0.053749999999999964 0.4759210000000002
