0 0.05625 0.20078175 0.06406200000000001 0.087499
0 0.07109325 0.132421375 0.040626 0.04375
0 0.2009765625 0.196875 0.03437499999999999 0.0625
0 0.24453075 0.187109875 0.05625100000000002 0.05937399999999998
0 0.294922375 0.201953625 0.04374899999999998 0.051562
0 0.3580078125 0.2056645625 0.042186999999999975 0.06562499999999999
0 0.43886668749999996 0.23984375 0.03750000000000003 0.05468800000000004
0 0.4951171875 0.216015625 0.02343700000000004 0.051563000000000025
0 0.537108875 0.259375 0.059374999999999956 0.09531300000000001
0 0.6896489375 0.4921875 0.357812 0.921875
0 0.56875 0.2525390625 0.03125 0.08125000000000002
0 0.8875 0.28476612500000004 0.03125 0.06718699999999994
0 0.906640625 0.2718745 0.020312999999999914 0.04843800000000001
0 0.9617182500000001 0.370313 0.07187599999999983 0.126562
0 0.9466801874999999 0.26796825 0.02343700000000004 0.03906299999999999
