0 0.086484375 0.636667 0.169375 0.25
0 0.195546875 0.5685416666666666 0.15249999999999997 0.30250000000000005
0 0.2570703125 0.5890628333333333 0.05687500000000001 0.12083300000000004
0 0.2772265625 0.63125 0.09687499999999999 0.19000000000000009
0 0.3553125 0.6205205 0.11062500000000003 0.23583399999999996
0 0.3217578125 0.5669791666666666 0.04125000000000001 0.10000000000000009
0 0.4655078125 0.6048955 0.10500000000000004 0.20499999999999993
0 0.564765625 0.6113538333333334 0.1137499999999999 0.151667
0 0.5910546875 0.5617708333333332 0.06999999999999995 0.0908330000000001
0 0.6632421875 0.5651038333333332 0.05312499999999998 0.08916700000000007
0 0.73203125 0.5930211666666667 0.13312499999999994 0.19416599999999998
0 0.823046875 0.5788538333333334 0.09062500000000007 0.15333399999999994
