0 0.1246373125 0.7603184050073637 0.08933699999999999 0.2956529999999999
0 0.23520481249999997 0.6474101782032401 0.04178700000000002 0.1304339999999999
0 0.277873 0.6516166539027983 0.03314100000000003 0.11304399999999996
0 0.3240306875 0.6870330132547865 0.03746299999999997 0.19347899999999996
0 0.3286740625 0.6025965729013255 0.018732000000000026 0.05434800000000007
0 0.37665525 0.7336716833578792 0.07060499999999997 0.31739100000000015
0 0.4343399375 0.730726175257732 0.07636800000000005 0.3108699999999999
0 0.48634256249999996 0.6597519322533136 0.034582 0.134783
0 0.5218534375 0.6589804241531665 0.030259000000000036 0.12826099999999993
0 0.5516956875 0.6504962106038292 0.03746400000000005 0.15434799999999987
0 0.6356854375 0.6418002106038291 0.030260000000000065 0.15434800000000004
0 0.67864075 0.7063169646539027 0.056196000000000024 0.15869600000000003
0 0.741112875 0.680089440353461 0.06051799999999996 0.13913
0 0.879407625 0.19635999705449192 0.11383199999999993 0.18260799999999996
