0 0.49843699999999996 0.39661491666666665 0.3437510000000001 0.21874999999999992
0 0.3458984375 0.5135413333333333 0.030469000000000024 0.13541700000000004
0 0.4005861875 0.49010383333333335 0.022655999999999954 0.09062499999999996
0 0.4220708125 0.48958299999999993 0.04296800000000006 0.09375
0 0.46796875 0.486458 0.023438000000000014 0.09375
0 0.4916015625 0.4942705 0.03359400000000001 0.109375
0 0.519921875 0.5 0.027344000000000035 0.125
0 0.5900395625 0.504167 0.034375000000000044 0.12604099999999993
0 0.7845708125 0.367708 0.04140599999999994 0.09583400000000004
0 0.8279296875 0.3736979166666667 0.03750000000000009 0.09166700000000001
0 0.8869143125000001 0.3520836666666667 0.026561999999999863 0.11666599999999994
