0 0.4990234375 0.08203125 0.998366 0.16503299999999999
0 0.121999625 0.26085025 0.11438000000000001 0.13398699999999997
0 0.16827475 0.4219194375 0.17973899999999995 0.155229
0 0.3448416875 0.32359968749999996 0.13235299999999994 0.13235300000000005
0 0.44188493749999996 0.6850298125000001 0.140523 0.135621
0 0.45983975 0.4697013125 0.150327 0.11928099999999997
0 0.4882751875 0.2111738125 0.14705900000000005 0.135621
0 0.6143921250000001 0.32750593749999996 0.1617639999999999 0.140523
0 0.8216081875 0.43696375 0.14705900000000005 0.150327
0 0.8797555625 0.23729862499999999 0.15849599999999997 0.14542500000000003
