0 0.2531640625 0.681060503660322 0.049375 0.19606000000000007
0 0.06796875 0.6892048901903368 0.1175 0.203565
0 0.15453125 0.6511375402635432 0.03937499999999999 0.1266420000000001
0 0.1815234375 0.6500411229868229 0.030625000000000013 0.09662299999999986
0 0.1965625 0.6188825461200586 0.016875 0.036586000000000035
0 0.2101953125 0.6349879633967789 0.02562499999999998 0.06941900000000002
0 0.34375 0.512529055636896 0.0625 0.13789800000000005
0 0.378515625 0.4913467057101025 0.020625000000000004 0.061914
0 0.3865625 0.5322809326500731 0.015625 0.04502800000000007
0 0.4312109375 0.5397071171303075 0.04562499999999997 0.18667899999999998
0 0.56859375 0.7640061537335285 0.05625000000000002 0.1172610000000001
0 0.6948828125 0.8087365402635431 0.04187500000000011 0.12664100000000011
0 0.864140625 0.7134287554904831 0.27 0.29080700000000015
