0 0.18893834451901567 0.1380859375 0.16106000000000006 0.13874999999999998
0 0.1876405033557047 0.6828515625 0.14889099999999997 0.19125000000000003
0 0.2303682997762864 0.826796875 0.19183999999999998 0.18437500000000007
0 0.23318300223713648 0.455078125 0.10021400000000004 0.193125
0 0.2871824340044743 0.49015625 0.098067 0.10249999999999998
0 0.49183430648769577 0.5151171875 0.486758 0.678125
0 0.33912191051454144 0.470625 0.06442399999999994 0.06312499999999993
0 0.4814388434004474 0.096953125 0.11166700000000003 0.06687499999999999
0 0.5644749351230426 0.54 0.14602699999999993 0.18750000000000006
0 0.6993602751677852 0.481484375 0.10808900000000002 0.075625
0 0.7305889574944071 0.4971484375 0.13099499999999994 0.09249999999999997
0 0.7814140492170021 0.8228515625 0.1667860000000001 0.19125000000000003
0 0.7837832527964206 0.6905078125 0.12526799999999988 0.198125
0 0.8050779798657719 0.134140625 0.11524700000000007 0.11437499999999999
