0 0.355078125 0.47432947058823527 0.12937499999999996 0.23468399999999995
0 0.0419921875 0.42171635294117643 0.085625 0.413761
0 0.0794140625 0.38051876470588236 0.081875 0.11027399999999997
0 0.139921875 0.5042621176470587 0.184375 0.222432
0 0.126328125 0.37550552941176474 0.036875000000000005 0.119699
0 0.38890625 0.3691358823529412 0.47687499999999994 0.13006599999999993
0 0.516640625 0.45023117647058825 0.14562499999999995 0.15645600000000007
0 0.6628125 0.5489553529411765 0.10999999999999999 0.41375999999999996
0 0.6570703125 0.3189891176470588 0.026874999999999982 0.07351500000000002
0 0.7591796875 0.4151318235294118 0.13124999999999998 0.14703099999999994
0 0.8463671875 0.3985802352941176 0.11562500000000009 0.143262
0 0.8801953125 0.39371476470588235 0.057499999999999996 0.11027299999999998
0 0.9497265625 0.3769761176470588 0.09687500000000004 0.12346900000000001
