0 0.0546875 0.14058258407079646 0.078125 0.257547
0 0.27066406249999997 0.15595498525073748 0.05000000000000002 0.20094399999999998
0 0.4074609375 0.13864306784660768 0.07687499999999997 0.27924499999999997
0 0.481015625 0.11799410029498525 0.11437499999999995 0.23679199999999997
0 0.5182421875 0.14481841002949852 0.023125000000000062 0.02452799999999999
0 0.5812109375 0.07107486135693215 0.04625000000000001 0.08679200000000001
0 0.64625 0.07731930383480826 0.03187499999999999 0.067925
0 0.7841015625 0.11510782005899706 0.03500000000000003 0.04905699999999999
0 0.8068359375 0.13155789380530972 0.014999999999999902 0.046226000000000024
0 0.834296875 0.12843567256637167 0.028124999999999956 0.053773
0 0.8770703125 0.08074756637168141 0.057499999999999996 0.098114
0 0.9317578125 0.07879423008849558 0.04249999999999998 0.07358499999999998
0 0.9673828125 0.09141778761061947 0.04249999999999998 0.089622
0 0.9876171875 0.11304845132743363 0.022499999999999964 0.06415100000000001
