0 0.197265625 0.6007815833333333 0.395625 0.2708330000000001
0 0.4990234375 0.7126562499999999 0.999375 0.571667
0 0.2447265625 0.902917 0.25312500000000004 0.19000000000000009
0 0.3925390625 0.5691663333333333 0.049375 0.16666699999999998
0 0.4230859375 0.5853128333333334 0.04625000000000001 0.18249999999999997
0 0.477578125 0.5767708333333333 0.036250000000000004 0.089167
0 0.5284375 0.570625 0.04812499999999997 0.15833299999999997
0 0.5621875 0.5665100833333333 0.015625 0.09666699999999999
0 0.5773828125 0.5707815833333334 0.04249999999999998 0.14333299999999985
0 0.692890625 0.9213538333333333 0.23875000000000002 0.15333400000000008
0 0.618203125 0.5817190833333333 0.036250000000000004 0.06749999999999996
0 0.6266015625 0.5066666666666667 0.034375000000000044 0.08583300000000005
0 0.6552734375 0.5833850833333334 0.030000000000000027 0.06583399999999988
0 0.6662890625 0.5861975833333334 0.05062500000000003 0.08250000000000002
0 0.6858203125 0.501875 0.026874999999999982 0.09583300000000006
0 0.695546875 0.46130241666666666 0.028749999999999942 0.045000000000000005
0 0.714140625 0.5852604166666667 0.05125000000000002 0.07583299999999997
0 0.7135546875 0.49010383333333335 0.03875000000000006 0.09000000000000001
0 0.7503515625 0.5855205 0.06499999999999995 0.11166699999999989
0 0.741171875 0.4475520833333333 0.028124999999999956 0.06750000000000005
0 0.7498046875 0.5650520833333333 0.03750000000000009 0.06666700000000003
0 0.75296875 0.4454684166666667 0.025000000000000022 0.045000000000000005
0 0.7723828125 0.5390621666666666 0.04250000000000009 0.161667
0 0.7658203125 0.44473958333333335 0.026874999999999982 0.04999999999999997
0 0.78921875 0.4480725833333334 0.02375000000000005 0.04999999999999997
0 0.8072265625 0.43734375 0.03500000000000003 0.05666700000000002
0 0.8201953125 0.5232288333333334 0.026874999999999982 0.12083400000000004
0 0.8278515625 0.45609341666666664 0.03374999999999995 0.07583400000000003
0 0.926015625 0.7551565833333332 0.14500000000000002 0.4875000000000001
0 0.8865234375 0.5133854166666667 0.030000000000000027 0.10833299999999994
0 0.9012890625 0.4395833333333334 0.05062500000000003 0.106667
0 0.9233203125 0.49734375 0.026249999999999996 0.055000000000000084
0 0.9924609375 0.47619758333333334 0.01375000000000004 0.08250000000000002
