0 0.386953125 0.3803022152269399 0.06687500000000002 0.16510399999999995
0 0.461484375 0.371675859443631 0.07437500000000002 0.179174
0 0.5188671874999999 0.4019924729136164 0.05375000000000002 0.17167000000000007
0 0.5394140625 0.41288176134699855 0.01937500000000003 0.2016880000000001
0 0.5852734375 0.43259898243045386 0.06062499999999993 0.272983
0 0.607578125 0.4336070805270864 0.03562500000000002 0.254222
0 0.6535546875 0.43422152855051244 0.06874999999999998 0.307692
0 0.6912890625 0.43447498243045385 0.04937500000000006 0.272984
0 0.7493359375 0.43408133235724744 0.07687499999999992 0.34990600000000005
0 0.8275 0.43380965739385063 0.0625 0.31332000000000004
0 0.9083984375 0.4394818169838946 0.09249999999999992 0.33864900000000003
0 0.9721875 0.4785572650073206 0.046875 0.39493399999999995
