0 0.0298046875 0.47833333333333333 0.037500000000000006 0.16916699999999998
0 0.0866796875 0.4773961666666667 0.03874999999999999 0.16166599999999995
0 0.14078125 0.51203125 0.03937499999999999 0.16499999999999995
0 0.6533984375 0.49223958333333334 0.029999999999999916 0.0499999999999999
0 0.718125 0.45593749999999994 0.03312499999999996 0.048333000000000036
0 0.8032421875 0.4797913333333333 0.021874999999999978 0.07416699999999994
0 0.8163671875 0.4770315833333334 0.021874999999999978 0.08083299999999986
0 0.838515625 0.48140658333333336 0.020625000000000004 0.051666000000000066
0 0.8594140625 0.4699479166666667 0.01937500000000003 0.05999999999999998
0 0.90109375 0.46692741666666665 0.024374999999999925 0.07749999999999997
