0 0.1640625 0.63859375 0.07999999999999999 0.24416700000000002
0 0.2445703125 0.5740100833333334 0.02562500000000001 0.09833400000000007
0 0.2719921875 0.5617190833333333 0.021875000000000033 0.06666599999999996
0 0.29953125 0.5453125 0.008124999999999993 0.01750000000000007
0 0.3241015625 0.5758336666666667 0.03500000000000003 0.0858329999999999
0 0.31265625 0.5432815833333334 0.009374999999999967 0.020832999999999952
0 0.3504296875 0.546458 0.006250000000000033 0.0324999999999999
0 0.368984375 0.5538538333333333 0.011875000000000024 0.027500000000000007
0 0.4556640625 0.560417 0.019374999999999976 0.06333300000000001
0 0.4715625 0.5616663333333333 0.015625 0.04333400000000006
0 0.48609375 0.567083 0.024375000000000036 0.06499999999999995
0 0.514609375 0.5642705 0.011874999999999969 0.04833400000000002
0 0.5358203125 0.5656253333333333 0.026249999999999996 0.07333300000000002
0 0.5498828125 0.5609375 0.010624999999999996 0.048333000000000105
0 0.5634375 0.5615107500000001 0.015625 0.05666599999999988
0 0.6065234375 0.59307325 0.06062499999999993 0.135
0 0.5823828125 0.553125 0.010624999999999996 0.03250000000000005
0 0.592109375 0.5568229166666666 0.011874999999999969 0.029167000000000016
0 0.6573828125 0.5888545000000001 0.04125000000000001 0.11000000000000003
0 0.7592578125 0.5888545000000001 0.04125000000000001 0.11166599999999989
0 0.9896875 0.5871354166666666 0.01749999999999996 0.046667000000000014
