0 0.172265625 0.40262065739385067 0.08249999999999999 0.311152
0 0.2078125 0.35916282284040996 0.048125 0.24742299999999998
0 0.2779296875 0.33866501903367496 0.03749999999999998 0.20524899999999996
0 0.309140625 0.3421765651537335 0.05249999999999999 0.24086200000000005
0 0.3444921875 0.3074522825768668 0.021875000000000033 0.12277399999999998
0 0.3637890625 0.3390758901903368 0.050000000000000044 0.20337399999999994
0 0.392109375 0.28403015959004396 0.011875000000000024 0.028115999999999954
0 0.4101171875 0.30470038067349925 0.021875000000000033 0.10028200000000004
0 0.416484375 0.29591560761346997 0.013124999999999998 0.08247500000000003
0 0.42890625 0.2827995461200586 0.008750000000000036 0.03561299999999996
0 0.4405859375 0.29861134992679356 0.014374999999999971 0.07685100000000002
0 0.6816015625 0.39388316691068814 0.09624999999999995 0.41518299999999997
0 0.981875 0.64150421522694 0.03312499999999996 0.16494800000000004
