0 0.01953125 0.5930958707782672 0.039375 0.19096900000000008
0 0.027578125000000002 0.5969278693098384 0.036875 0.17121399999999995
0 0.0566796875 0.6063358693098385 0.038125 0.17309499999999986
0 0.0896875 0.5859375829662262 0.04875 0.16274699999999995
0 0.12937500000000002 0.5952307254038179 0.063125 0.156161
0 0.176171875 0.6145031556534508 0.028124999999999983 0.18156199999999995
0 0.21375 0.587246295154185 0.031875000000000014 0.13452399999999998
0 0.254453125 0.5773798649045521 0.03562500000000002 0.1100660000000001
0 0.2751953125 0.5952307254038179 0.026874999999999982 0.156161
0 0.3186328125 0.615100582966226 0.04125000000000001 0.1618060000000001
0 0.3502734375 0.643022449339207 0.06124999999999997 0.293509
0 0.428203125 0.5861904375917767 0.036250000000000004 0.12888000000000005
0 0.4599609375 0.6076204419970632 0.04625000000000001 0.18908699999999995
0 0.5312890625 0.606518725403818 0.050000000000000044 0.15804399999999993
0 0.60953125 0.6321025814977974 0.040000000000000036 0.14299199999999998
0 0.681875 0.5740980146842879 0.0625 0.20601999999999993
0 0.7200390625 0.6163620161527166 0.04937499999999995 0.22765700000000003
0 0.77125 0.604591866372981 0.03312499999999996 0.13170299999999996
0 0.8418359375 0.6184958707782672 0.04500000000000004 0.19285
0 0.8853125 0.6314820146842879 0.04875000000000007 0.20602099999999998
0 0.9187109375 0.6384115873715124 0.04500000000000004 0.22389500000000023
0 0.985546875 0.6828538825256976 0.02749999999999997 0.35747900000000005
0 0.9903125 0.6067253010279001 0.016874999999999973 0.21636799999999992
