0 0.06901041666666667 0.4470703125 0.14 0.15062499999999995
0 0.08203125 0.85140625 0.16583299999999998 0.07187500000000002
0 0.10416666666666667 0.4826953125 0.21083299999999996 0.150625
0 0.11223958333333334 0.9596875 0.17500000000000004 0.07874999999999999
0 0.16807291666666666 0.5198437499999999 0.21666700000000003 0.14999999999999997
0 0.21802116666666668 0.546640625 0.19416599999999995 0.14500000000000002
0 0.255625 0.825546875 0.15666700000000003 0.12124999999999997
0 0.31072916666666667 0.8344140625 0.16333299999999998 0.11249999999999993
0 0.36265658333333334 0.8584765625 0.11333299999999998 0.09624999999999995
0 0.394167 0.8670703125 0.12750000000000003 0.08875
0 0.52671875 0.880859375 0.15000000000000005 0.10562499999999997
0 0.62536425 0.5237890625 0.16583400000000012 0.17562500000000003
0 0.6594274166666666 0.3205859375 0.20083300000000012 0.2325
0 0.7186458333333333 0.595703125 0.1825000000000001 0.161875
0 0.80921875 0.6441015625 0.150833 0.12812500000000004
0 0.8219270833333333 0.170703125 0.15916700000000006 0.193125
0 0.8523437499999998 0.365 0.18000000000000016 0.188125
