0 0.3709765625 0.7212432875816994 0.065 0.1304340000000001
0 0.0888671875 0.8105075620915032 0.17875 0.1605350000000001
0 0.023828125 0.6269610130718953 0.036250000000000004 0.09866300000000014
0 0.0966796875 0.6689441307189543 0.07 0.16889699999999985
0 0.1790625 0.6095440326797386 0.017499999999999988 0.043478
0 0.2590625 0.6131007908496732 0.017500000000000016 0.05351100000000011
0 0.281015625 0.6047387908496732 0.020000000000000018 0.05351200000000003
0 0.30171875 0.5985686535947712 0.025000000000000022 0.03678899999999997
0 0.3943359375 0.5907842222222223 0.013749999999999984 0.046823000000000066
0 0.4622265625 0.6988323725490196 0.06625000000000003 0.15719100000000003
0 0.549453125 0.688587614379085 0.0675 0.147157
0 0.57421875 0.5699876013071896 0.025000000000000022 0.050166999999999976
0 0.67234375 0.6845129934640524 0.17999999999999994 0.15384600000000004
0 0.6974609375 0.6428003398692811 0.04499999999999993 0.11538499999999999
0 0.7690625 0.5861917385620915 0.016249999999999987 0.06688899999999996
0 0.7868359375 0.6030667908496732 0.013749999999999929 0.05351200000000011
0 0.9166015625 0.6650822679738562 0.15874999999999995 0.18394600000000005
