0 0.062578125 0.6353220190336749 0.09875 0.20544099999999996
0 0.0430078125 0.6593260863836017 0.04125 0.16135100000000002
0 0.0892578125 0.6475871171303075 0.041249999999999995 0.18480299999999997
0 0.1248828125 0.6716353440702783 0.04250000000000001 0.16791799999999985
0 0.1898046875 0.7651025710102488 0.03874999999999998 0.15197000000000013
0 0.21046875 0.8353625344070279 0.056249999999999994 0.2176360000000001
0 0.281875 0.504270411420205 0.03187499999999999 0.124765
0 0.3097265625 0.8491359209370425 0.06562499999999999 0.22701699999999994
0 0.4206640625 0.8449710497803807 0.14375 0.22889300000000004
0 0.3821484375 0.5188233806734993 0.029374999999999984 0.10225199999999994
0 0.401640625 0.6064513133235725 0.05125000000000002 0.14634200000000003
0 0.4016015625 0.5077948960468521 0.034999999999999976 0.11163200000000004
0 0.468515625 0.8524760497803806 0.05125000000000002 0.230769
0 0.4640234375 0.5602136383601757 0.030624999999999958 0.10788000000000013
0 0.4793359375 0.6912911844802343 0.044999999999999984 0.142589
0 0.5585156250000001 0.43777195168374816 0.14499999999999996 0.25046900000000005
0 0.524375 0.754274663250366 0.06250000000000006 0.22138900000000025
0 0.5787890625 0.6281857306002928 0.050000000000000044 0.17729799999999993
0 0.595390625 0.8510196383601757 0.0525000000000001 0.10788000000000005
0 0.639765625 0.8367642825768669 0.05249999999999999 0.12101399999999982
0 0.66375 0.5410138286969253 0.0318750000000001 0.15759800000000007
0 0.6677734375 0.7101674421669106 0.02937500000000004 0.14727899999999994
0 0.746171875 0.7051441727672034 0.15374999999999994 0.32364000000000004
0 0.69078125 0.45656760761347004 0.03937499999999994 0.08255199999999992
0 0.6916015625 0.5263283806734993 0.03437499999999993 0.10225099999999997
0 0.70625 0.7592191171303074 0.06374999999999997 0.18668000000000012
0 0.750546875 0.8936195710102488 0.06000000000000005 0.15197000000000022
0 0.8301953125 0.887991571010249 0.057499999999999996 0.15009399999999992
