0 0.0146484375 0.9406434963503649 0.030625 0.07289799999999994
0 0.134765625 0.592925810218978 0.270625 0.04392499999999997
0 0.043476562499999996 0.958400496350365 0.065 0.07102900000000012
0 0.1505859375 0.6234186861313868 0.014374999999999999 0.028972000000000005
0 0.1814453125 0.969384080291971 0.02562499999999998 0.05887799999999977
0 0.2013671875 0.9706115182481752 0.023125000000000007 0.05233700000000007
0 0.2108203125 0.9178043503649634 0.02687500000000001 0.07476700000000008
0 0.2328125 0.5714918321167883 0.04874999999999999 0.02429899999999999
0 0.228125 0.9592197883211679 0.031875000000000014 0.06541999999999992
0 0.2283984375 0.9792002481751825 0.029375000000000012 0.03738299999999998
0 0.23546875 0.9180367664233576 0.024375000000000008 0.08598099999999996
0 0.22828125 0.631128102189781 0.008125000000000021 0.038317000000000066
0 0.23328125 0.6334062481751825 0.009374999999999994 0.036447999999999925
0 0.255 0.7682650145985401 0.033125000000000016 0.12243000000000001
0 0.25359375 0.9261543284671533 0.02437499999999998 0.09345800000000001
0 0.25875000000000004 0.9756936642335767 0.031875000000000014 0.04672899999999984
0 0.25593750000000004 0.9537348321167883 0.016875 0.025234000000000048
0 0.292578125 0.9783819562043796 0.06687499999999996 0.041120999999999935
0 0.2801953125 0.9131860364963504 0.026874999999999982 0.10186999999999978
0 0.31359375 0.5726582481751824 0.05499999999999999 0.03644900000000005
0 0.2998828125 0.6286175401459854 0.010000000000000009 0.030841000000000066
0 0.34140625 0.6182208321167884 0.00874999999999998 0.02616799999999997
0 0.3734765625 0.5783819562043796 0.065 0.04205599999999999
0 0.3638671875 0.9702023722627737 0.021874999999999978 0.055139999999999974
0 0.389375 0.9792002481751825 0.03187499999999999 0.03738299999999998
0 0.3904296875 0.6135478321167883 0.007500000000000007 0.023365000000000066
0 0.47390625 0.5755779562043796 0.13375000000000004 0.042991000000000126
0 0.4344921875 0.9508624744525547 0.053749999999999964 0.09065500000000011
0 0.4174609375 0.6494099562043796 0.013749999999999984 0.04205599999999999
0 0.43015625 0.8559382846715329 0.03999999999999998 0.13457899999999995
0 0.4343359375 0.962139496350365 0.044999999999999984 0.07196199999999991
0 0.42953125 0.6256978321167883 0.008750000000000036 0.02616799999999997
0 0.435078125 0.614250416058394 0.005624999999999991 0.013084000000000151
0 0.440234375 0.6238288321167883 0.011874999999999969 0.02429899999999999
0 0.453203125 0.6261069781021898 0.0050000000000000044 0.02056099999999995
0 0.46140625 0.6242379781021897 0.009374999999999967 0.022430000000000012
0 0.4865625 0.9527324744525548 0.04749999999999999 0.09158799999999989
0 0.488984375 0.9671059343065694 0.04437499999999994 0.0626159999999999
0 0.4735546875 0.6120879781021897 0.007500000000000007 0.021496000000000005
0 0.4810546875 0.6116788321167883 0.007499999999999951 0.025234000000000048
0 0.488984375 0.638604102189781 0.013124999999999998 0.040187000000000014
0 0.4979296875 0.6079408321167883 0.006249999999999978 0.02336400000000002
0 0.50640625 0.6087591240875913 0.008750000000000036 0.019625999999999977
0 0.5754296875 0.5818885401459853 0.06999999999999995 0.03084100000000015
0 0.5541796875 0.6055459781021898 0.006249999999999978 0.021494999999999875
0 0.56140625 0.6134321240875912 0.008125000000000049 0.017757000000000082
0 0.6669140625 0.5833483941605839 0.11312500000000003 0.032710000000000045
0 0.6287109375 0.642226394160584 0.01375000000000004 0.03271099999999993
0 0.664453125 0.8649361605839416 0.03562500000000002 0.11869200000000005
0 0.67640625 0.9671059343065694 0.040000000000000036 0.0626159999999999
0 0.710625 0.9783819562043796 0.03125 0.041120999999999935
0 0.7244921875 0.6744662262773723 0.021874999999999978 0.05794400000000001
0 0.73125 0.9697932262773723 0.032500000000000084 0.057008999999999956
0 0.7627734375 0.9697932262773723 0.02937499999999993 0.057008999999999956
0 0.871796875 0.6195576423357666 0.24687499999999996 0.06728999999999995
0 0.7630859375 0.6314205401459854 0.014375000000000027 0.03177600000000004
0 0.7916015625 0.9675150802919709 0.03437499999999993 0.06074699999999991
0 0.8286328125 0.9697932262773723 0.04249999999999998 0.057008999999999956
0 0.819765625 0.6730063722627737 0.020624999999999893 0.05420600000000005
0 0.8246875 0.9443888321167883 0.016874999999999973 0.023365000000000066
0 0.8675 0.9697932262773723 0.03312499999999996 0.057008999999999956
0 0.9227734375 0.9783819562043796 0.02937500000000004 0.041120999999999935
0 0.95203125 0.9671059343065694 0.04062500000000002 0.0626159999999999
0 0.9756640625 0.933398912408759 0.01937499999999992 0.0841130000000001
