0 0.28718750000000004 0.5625789411764707 0.11000000000000001 0.16572499999999998
0 0.4523828125 0.36251241176470583 0.011249999999999982 0.04990600000000005
0 0.4598828125 0.3538583529411765 0.010000000000000009 0.06402999999999996
0 0.469609375 0.3546831764705883 0.011875000000000024 0.058379999999999904
0 0.5046875 0.5799598823529412 0.07937500000000003 0.33050900000000005
0 0.4927734375 0.39316241176470584 0.02937499999999993 0.09981099999999994
0 0.5411328125 0.30125411764705884 0.011249999999999982 0.022599000000000008
0 0.556328125 0.2848347058823529 0.0050000000000000044 0.025423000000000057
0 0.562578125 0.2825382941176471 0.0050000000000000044 0.027306999999999953
0 0.5898828125 0.3203194705882353 0.011249999999999982 0.03483999999999997
0 0.6029296875 0.3199070588235294 0.0068750000000000755 0.03672300000000001
0 0.6098046875 0.3228482352941176 0.007499999999999951 0.04237300000000003
0 0.9260546875 0.36696588235294114 0.03875000000000006 0.13182700000000008
