0 0.106640625 0.7983536161879895 0.08281300000000001 0.2922750000000002
0 0.0224609375 0.813749133159269 0.045313 0.2880999999999999
0 0.0951176875 0.06760997389033943 0.037500000000000006 0.08141899999999998
0 0.224609375 0.061346973890339426 0.04375000000000001 0.08141899999999999
0 0.249609875 0.826749321148825 0.028123999999999955 0.10647199999999998
0 0.3068364375 0.7993888198433421 0.06093700000000002 0.2609599999999998
0 0.30234425000000004 0.06369352480417755 0.04062499999999997 0.07515599999999999
0 0.4064458125 0.17518841253263706 0.07343699999999997 0.3235910000000001
0 0.43828075 0.21797175195822455 0.08749999999999997 0.26931099999999997
0 0.445312 0.8108737519582246 0.06406300000000004 0.269311
0 0.52734375 0.1764938955613577 0.08750000000000002 0.32567799999999997
0 0.5486328125 0.22579978590078328 0.073438 0.26513499999999995
0 0.549608875 0.8116562689295039 0.059374999999999956 0.26722300000000015
0 0.6263676875 0.16812630287206268 0.06874899999999995 0.263048
0 0.65078175 0.21562520104438643 0.087499 0.277662
0 0.7580083125 0.19998186161879894 0.08906199999999997 0.329853
0 0.8640625 0.20102292950391645 0.07968799999999998 0.319415
0 0.8859375 0.24093088772845953 0.046875 0.248434
0 0.9435551874999999 0.8515808198433421 0.08593700000000015 0.2588730000000001
0 0.9515629999999999 0.2148544125326371 0.09375 0.3215029999999999
0 0.9695307500000001 0.237801819843342 0.05625099999999983 0.2588730000000001
