(0,[(10, -49.5, 1.57, -10),(-49.5, 5, 0, -10.0)],(0,'',''))
(0.05,[(10, -49.0, 1.57, -10),(-49.0, 5, 0, -10.0)],(0,'',''))
(0.1,[(10, -48.5, 1.57, -10),(-48.5, 5, 0, -10.0)],(0,'',''))
(0.15,[(10, -48.0, 1.57, -10),(-48.0, 5, 0, -10.0)],(0,'',''))
(0.2,[(10, -47.5, 1.57, -10),(-47.5, 5, 0, -10.0)],(0,'',''))
(0.25,[(10, -47.0, 1.57, -10),(-47.0, 5, 0, -10.0)],(0,'',''))
(0.3,[(10, -46.5, 1.57, -10),(-46.5, 5, 0, -10.0)],(0,'',''))
(0.35,[(10, -46.0, 1.57, -10),(-46.0, 5, 0, -10.0)],(0,'',''))
(0.4,[(10, -45.5, 1.57, -10),(-45.5, 5, 0, -10.0)],(0,'',''))
(0.45,[(10, -45.0, 1.57, -10),(-45.0, 5, 0, -10.0)],(0,'',''))
(0.5,[(10, -44.5, 1.57, -10),(-44.5, 5, 0, -10.0)],(0,'',''))
(0.55,[(10, -44.0, 1.57, -10),(-44.0, 5, 0, -10.0)],(0,'',''))
(0.6,[(10, -43.5, 1.57, -10),(-43.5, 5, 0, -10.0)],(0,'',''))
(0.65,[(10, -43.0, 1.57, -10),(-43.0, 5, 0, -10.0)],(0,'',''))
(0.7,[(10, -42.5, 1.57, -10),(-42.5, 5, 0, -10.0)],(0,'',''))
(0.75,[(10, -42.0, 1.57, -10),(-42.0, 5, 0, -10.0)],(0,'',''))
(0.8,[(10, -41.5, 1.57, -10),(-41.5, 5, 0, -10.0)],(0,'',''))
(0.85,[(10, -41.0, 1.57, -10),(-41.0, 5, 0, -10.0)],(0,'',''))
(0.9,[(10, -40.5, 1.57, -10),(-40.5, 5, 0, -10.0)],(0,'',''))
(0.95,[(10, -40.0, 1.57, -10),(-40.0, 5, 0, -10.0)],(0,'',''))
(1.0,[(10, -39.5, 1.57, -10.0),(-39.5, 5, 0, -10.0)],(0,'',''))
(1.05,[(10, -39.0, 1.57, -10.0),(-39.0, 5, 0, -10.0)],(0,'',''))
(1.1,[(10, -38.5, 1.57, -10.0),(-38.5, 5, 0, -10.0)],(0,'',''))
(1.15,[(10, -38.0, 1.57, -10.0),(-38.0, 5, 0, -10.0)],(0,'',''))
(1.2,[(10, -37.5, 1.57, -10.0),(-37.5, 5, 0, -10.0)],(0,'',''))
(1.25,[(10, -37.0, 1.57, -10.0),(-37.0, 5, 0, -10.0)],(0,'',''))
(1.3,[(10, -36.5, 1.57, -10.0),(-36.5, 5, 0, -10.0)],(0,'',''))
(1.35,[(10, -36.0, 1.57, -10.0),(-36.0, 5, 0, -10.0)],(0,'',''))
(1.4,[(10, -35.5, 1.57, -10.0),(-35.5, 5, 0, -10.0)],(0,'',''))
(1.45,[(10, -35.0, 1.57, -10.0),(-35.0, 5, 0, -10.0)],(0,'',''))
(1.5,[(10, -34.5, 1.57, -10.0),(-34.5, 5, 0, -10.0)],(0,'',''))
(1.55,[(10, -34.0, 1.57, -10.0),(-34.0, 5, 0, -10.0)],(0,'',''))
(1.6,[(10, -33.5, 1.57, -10.0),(-33.5, 5, 0, -10.0)],(0,'',''))
(1.65,[(10, -33.0, 1.57, -10.0),(-33.0, 5, 0, -10.0)],(0,'',''))
(1.7,[(10, -32.5, 1.57, -10.0),(-32.5, 5, 0, -10.0)],(0,'',''))
(1.75,[(10, -32.0, 1.57, -10.0),(-32.0, 5, 0, -10.0)],(0,'',''))
(1.8,[(10, -31.5, 1.57, -10.0),(-31.5, 5, 0, -10.0)],(0,'',''))
(1.85,[(10, -31.0, 1.57, -10.0),(-31.0, 5, 0, -10.0)],(0,'',''))
(1.9,[(10, -30.5, 1.57, -10.0),(-30.5, 5, 0, -10.0)],(0,'',''))
(1.95,[(10, -30.0, 1.57, -10.0),(-30.0, 5, 0, -10.0)],(0,'',''))
(2.0,[(10, -29.5, 1.57, -10.0),(-29.5, 5, 0, -10.0)],(0,'',''))
(2.05,[(10, -29.0, 1.57, -10.0),(-29.0, 5, 0, -10.0)],(0,'',''))
(2.1,[(10, -28.5, 1.57, -10.0),(-28.5, 5, 0, -10.0)],(0,'',''))
(2.15,[(10, -28.0, 1.57, -10.0),(-28.0, 5, 0, -10.0)],(0,'',''))
(2.2,[(10, -27.5, 1.57, -10.0),(-27.5, 5, 0, -10.0)],(0,'',''))
(2.25,[(10, -27.0, 1.57, -10.0),(-27.0, 5, 0, -10.0)],(0,'',''))
(2.3,[(10, -26.5, 1.57, -10.0),(-26.5, 5, 0, -10.0)],(0,'',''))
(2.35,[(10, -26.0, 1.57, -10.0),(-26.0, 5, 0, -10.0)],(0,'',''))
(2.4,[(10, -25.5, 1.57, -10.0),(-25.5, 5, 0, -10.0)],(0,'',''))
(2.45,[(10, -25.0, 1.57, -10.0),(-25.0, 5, 0, -10.0)],(0,'',''))
(2.5,[(10, -24.5, 1.57, -10.0),(-24.5, 5, 0, -10.0)],(0,'',''))
(2.55,[(10, -24.0, 1.57, -10.0),(-24.0, 5, 0, -10.0)],(0,'',''))
(2.6,[(10, -23.5, 1.57, -10.0),(-23.5, 5, 0, -10.0)],(0,'',''))
(2.65,[(10, -23.0, 1.57, -10.0),(-23.0, 5, 0, -10.0)],(0,'',''))
(2.7,[(10, -22.5, 1.57, -10.0),(-22.5, 5, 0, -10.0)],(0,'',''))
(2.75,[(10, -22.0, 1.57, -10.0),(-22.0, 5, 0, -10.0)],(0,'',''))
(2.8,[(10, -21.5, 1.57, -10.0),(-21.5, 5, 0, -10.0)],(0,'',''))
(2.85,[(10, -21.0, 1.57, -10.0),(-21.0, 5, 0, -10.0)],(0,'',''))
(2.9,[(10, -20.5, 1.57, -10.0),(-20.5, 5, 0, -10.0)],(0,'',''))
(2.95,[(10, -20.0, 1.57, -10.0),(-20.0, 5, 0, -10.0)],(0,'',''))
(3.0,[(10, -19.5, 1.57, -10.0),(-19.5, 5, 0, -10.0)],(0,'',''))
(3.05,[(10, -19.0, 1.57, -10.0),(-19.0, 5, 0, -10.0)],(0,'',''))
(3.1,[(10, -18.5, 1.57, -10.0),(-18.5, 5, 0, -10.0)],(0,'',''))
(3.15,[(10, -18.0, 1.57, -10.0),(-18.0, 5, 0, -10.0)],(0,'',''))
(3.2,[(10, -17.5, 1.57, -10.0),(-17.5, 5, 0, -10.0)],(0,'',''))
(3.25,[(10, -17.0, 1.57, -10.0),(-17.0, 5, 0, -10.0)],(0,'',''))
(3.3,[(10, -16.5, 1.57, -10.0),(-16.5, 5, 0, -10.0)],(0,'',''))
(3.35,[(10, -16.0, 1.57, -10.0),(-16.0, 5, 0, -10.0)],(0,'',''))
(3.4,[(10, -15.5, 1.57, -10.0),(-15.5, 5, 0, -10.0)],(0,'',''))
(3.45,[(10, -15.0, 1.57, -10.0),(-15.0, 5, 0, -10.0)],(0,'',''))
(3.5,[(10, -14.5, 1.57, -10.0),(-14.5, 5, 0, -10.0)],(0,'',''))
(3.55,[(10, -14.0, 1.57, -10.0),(-14.0, 5, 0, -10.0)],(0,'',''))
(3.6,[(10, -13.5, 1.57, -10.0),(-13.5, 5, 0, -10.0)],(0,'',''))
(3.65,[(10, -13.0, 1.57, -10.0),(-13.0, 5, 0, -10.0)],(0,'',''))
(3.7,[(10, -12.5, 1.57, -10.0),(-12.5, 5, 0, -10.0)],(0,'',''))
(3.75,[(10, -12.0, 1.57, -10.0),(-12.0, 5, 0, -10.0)],(0,'',''))
(3.8,[(10, -11.5, 1.57, -10.0),(-11.5, 5, 0, -10.0)],(0,'',''))
(3.85,[(10, -11.0, 1.57, -10.0),(-11.0, 5, 0, -10.0)],(0,'',''))
(3.9,[(10, -10.5, 1.57, -10.0),(-10.5, 5, 0, -10.0)],(0,'',''))
(3.95,[(10, -10.0, 1.57, -10.0),(-10.0, 5, 0, -10.0)],(0,'',''))
(4.0,[(10, -9.5, 1.57, -10.0),(-9.5, 5, 0, -10.0)],(0,'',''))
(4.05,[(10, -9.0, 1.57, -10.0),(-9.0, 5, 0, -10.0)],(0,'',''))
(4.1,[(10, -8.5, 1.57, -10.0),(-8.5, 5, 0, -10.0)],(0,'',''))
(4.15,[(10, -8.0, 1.57, -10.0),(-8.0, 5, 0, -10.0)],(0,'',''))
(4.2,[(10, -7.5, 1.57, -10.0),(-7.5, 5, 0, -10.0)],(0,'',''))
(4.25,[(10, -7.0, 1.57, -10.0),(-7.0, 5, 0, -10.0)],(0,'',''))
(4.3,[(10, -6.5, 1.57, -10.0),(-6.5, 5, 0, -10.0)],(0,'',''))
(4.35,[(10, -6.0, 1.57, -10.0),(-6.0, 5, 0, -10.0)],(0,'',''))
(4.4,[(10, -5.5, 1.57, -10.0),(-5.5, 5, 0, -10.0)],(0,'',''))
(4.45,[(10, -5.0, 1.57, -10.0),(-5.0, 5, 0, -10.0)],(0,'',''))
(4.5,[(10, -4.5, 1.57, -10.0),(-4.5, 5, 0, -10.0)],(0,'',''))
(4.55,[(10, -4.0, 1.57, -10.0),(-4.0, 5, 0, -10.0)],(0,'',''))
(4.6,[(10, -3.5, 1.57, -10.0),(-3.5, 5, 0, -10.0)],(0,'',''))
(4.65,[(10, -3.0, 1.57, -10.0),(-3.0, 5, 0, -10.0)],(0,'',''))
(4.7,[(10, -2.5, 1.57, -10.0),(-2.5, 5, 0, -10.0)],(0,'',''))
(4.75,[(10, -2.0, 1.57, -10.0),(-2.0, 5, 0, -10.0)],(0,'',''))
(4.8,[(10, -1.5, 1.57, -10.0),(-1.5, 5, 0, -10.0)],(0,'',''))
(4.85,[(10, -1.0, 1.57, -10.0),(-1.0, 5, 0, -10.0)],(0,'',''))
(4.9,[(10, -0.5, 1.57, -10.0),(-0.5, 5, 0, -10.0)],(0,'',''))
(4.95,[(10, 0.0, 1.57, -10.0),(0.0, 5, 0, -10.0)],(0,'',''))
(5.0,[(10, 0.5, 1.57, -10.0),(0.5, 5, 0, -10.0)],(0,'',''))
(5.05,[(10, 1.0, 1.57, -10.0),(1.0, 5, 0, -10.0)],(0,'',''))
(5.1,[(10, 1.5, 1.57, -10.0),(1.5, 5, 0, -10.0)],(0,'',''))
(5.15,[(10, 2.0, 1.57, -10.0),(2.0, 5, 0, -10.0)],(0,'',''))
(5.2,[(10, 2.5, 1.57, -10.0),(2.5, 5, 0, -10.0)],(0,'',''))
(5.25,[(10, 3.0, 1.57, -10.0),(3.0, 5, 0, -10.0)],(0,'',''))
(5.3,[(10, 3.5, 1.57, -10.0),(3.5, 5, 0, -10.0)],(0,'',''))
(5.35,[(10, 4.0, 1.57, -10.0),(4.0, 5, 0, -10.0)],(0,'',''))
(5.4,[(10, 4.5, 1.57, -10.0),(4.5, 5, 0, -10.0)],(0,'',''))
(5.45,[(10, 5.0, 1.57, -10.0),(5.0, 5, 0, -10.0)],(0,'',''))
(5.5,[(10, 5.5, 1.57, -10.0),(5.5, 5, 0, -10.0)],(0,'',''))
(5.55,[(10, 6.0, 1.57, -10.0),(6.0, 5, 0, -10.0)],(0,'',''))
(5.6,[(10, 6.5, 1.57, -10.0),(6.5, 5, 0, -10.0)],(0,'',''))
(5.65,[(10, 7.0, 1.57, -10.0),(7.0, 5, 0, -10.0)],(0,'',''))
(5.7,[(10, 7.5, 1.57, -10.0),(7.5, 5, 0, -10.0)],(0,'',''))
(5.75,[(10, 8.0, 1.57, -10.0),(8.0, 5, 0, -10.0)],(0,'',''))
(5.8,[(10, 8.5, 1.57, -10.0),(8.5, 5, 0, -10.0)],(0,'',''))
(5.85,[(10, 9.0, 1.57, -10.0),(9.0, 5, 0, -10.0)],(0,'',''))
(5.9,[(10, 9.5, 1.57, -10.0),(9.5, 5, 0, -10.0)],(0,'',''))
(5.95,[(10, 10.0, 1.57, -10.0),(10.0, 5, 0, -10.0)],(0,'',''))
(6.0,[(10, 10.5, 1.57, -10.0),(10.5, 5, 0, -10.0)],(0,'',''))
(6.05,[(10, 11.0, 1.57, -10.0),(11.0, 5, 0, -10.0)],(0,'',''))
(6.1,[(10, 11.5, 1.57, -10.0),(11.5, 5, 0, -10.0)],(0,'',''))
(6.15,[(10, 12.0, 1.57, -10.0),(12.0, 5, 0, -10.0)],(0,'',''))
(6.2,[(10, 12.5, 1.57, -10.0),(12.5, 5, 0, -10.0)],(0,'',''))
(6.25,[(10, 13.0, 1.57, -10.0),(13.0, 5, 0, -10.0)],(0,'',''))
(6.3,[(10, 13.5, 1.57, -10.0),(13.5, 5, 0, -10.0)],(0,'',''))
(6.35,[(10, 14.0, 1.57, -10.0),(14.0, 5, 0, -10.0)],(0,'',''))
(6.4,[(10, 14.5, 1.57, -10.0),(14.5, 5, 0, -10.0)],(0,'',''))
(6.45,[(10, 15.0, 1.57, -10.0),(15.0, 5, 0, -10.0)],(0,'',''))
(6.5,[(10, 15.5, 1.57, -10.0),(15.5, 5, 0, -10.0)],(0,'',''))
(6.55,[(10, 16.0, 1.57, -10.0),(16.0, 5, 0, -10.0)],(0,'',''))
(6.6,[(10, 16.5, 1.57, -10.0),(16.5, 5, 0, -10.0)],(0,'',''))
(6.65,[(10, 17.0, 1.57, -10.0),(17.0, 5, 0, -10.0)],(0,'',''))
(6.7,[(10, 17.5, 1.57, -10.0),(17.5, 5, 0, -10.0)],(0,'',''))
(6.75,[(10, 18.0, 1.57, -10.0),(18.0, 5, 0, -10.0)],(0,'',''))
(6.8,[(10, 18.5, 1.57, -10.0),(18.5, 5, 0, -10.0)],(0,'',''))
(6.85,[(10, 19.0, 1.57, -10.0),(19.0, 5, 0, -10.0)],(0,'',''))
(6.9,[(10, 19.5, 1.57, -10.0),(19.5, 5, 0, -10.0)],(0,'',''))
(6.95,[(10, 20.0, 1.57, -10.0),(20.0, 5, 0, -10.0)],(0,'',''))
(7.0,[(10, 20.5, 1.57, -10.0),(20.5, 5, 0, -10.0)],(0,'',''))
(7.05,[(10, 21.0, 1.57, -10.0),(21.0, 5, 0, -10.0)],(0,'',''))
(7.1,[(10, 21.5, 1.57, -10.0),(21.5, 5, 0, -10.0)],(0,'',''))
(7.15,[(10, 22.0, 1.57, -10.0),(22.0, 5, 0, -10.0)],(0,'',''))
(7.2,[(10, 22.5, 1.57, -10.0),(22.5, 5, 0, -10.0)],(0,'',''))
(7.25,[(10, 23.0, 1.57, -10.0),(23.0, 5, 0, -10.0)],(0,'',''))
(7.3,[(10, 23.5, 1.57, -10.0),(23.5, 5, 0, -10.0)],(0,'',''))
(7.35,[(10, 24.0, 1.57, -10.0),(24.0, 5, 0, -10.0)],(0,'',''))
(7.4,[(10, 24.5, 1.57, -10.0),(24.5, 5, 0, -10.0)],(0,'',''))
(7.45,[(10, 25.0, 1.57, -10.0),(25.0, 5, 0, -10.0)],(0,'',''))
(7.5,[(10, 25.5, 1.57, -10.0),(25.5, 5, 0, -10.0)],(0,'',''))
(7.55,[(10, 26.0, 1.57, -10.0),(26.0, 5, 0, -10.0)],(0,'',''))
(7.6,[(10, 26.5, 1.57, -10.0),(26.5, 5, 0, -10.0)],(0,'',''))
(7.65,[(10, 27.0, 1.57, -10.0),(27.0, 5, 0, -10.0)],(0,'',''))
(7.7,[(10, 27.5, 1.57, -10.0),(27.5, 5, 0, -10.0)],(0,'',''))
(7.75,[(10, 28.0, 1.57, -10.0),(28.0, 5, 0, -10.0)],(0,'',''))
(7.8,[(10, 28.5, 1.57, -10.0),(28.5, 5, 0, -10.0)],(0,'',''))
(7.85,[(10, 29.0, 1.57, -10.0),(29.0, 5, 0, -10.0)],(0,'',''))
(7.9,[(10, 29.5, 1.57, -10.0),(29.5, 5, 0, -10.0)],(0,'',''))
(7.95,[(10, 30.0, 1.57, -10.0),(30.0, 5, 0, -10.0)],(0,'',''))
(8.0,[(10, 30.5, 1.57, -10.0),(30.5, 5, 0, -10.0)],(0,'',''))
(8.05,[(10, 31.0, 1.57, -10.0),(31.0, 5, 0, -10.0)],(0,'',''))
(8.1,[(10, 31.5, 1.57, -10.0),(31.5, 5, 0, -10.0)],(0,'',''))
(8.15,[(10, 32.0, 1.57, -10.0),(32.0, 5, 0, -10.0)],(0,'',''))
(8.2,[(10, 32.5, 1.57, -10.0),(32.5, 5, 0, -10.0)],(0,'',''))
(8.25,[(10, 33.0, 1.57, -10.0),(33.0, 5, 0, -10.0)],(0,'',''))
(8.3,[(10, 33.5, 1.57, -10.0),(33.5, 5, 0, -10.0)],(0,'',''))
(8.35,[(10, 34.0, 1.57, -10.0),(34.0, 5, 0, -10.0)],(0,'',''))
(8.4,[(10, 34.5, 1.57, -10.0),(34.5, 5, 0, -10.0)],(0,'',''))
(8.45,[(10, 35.0, 1.57, -10.0),(35.0, 5, 0, -10.0)],(0,'',''))
(8.5,[(10, 35.5, 1.57, -10.0),(35.5, 5, 0, -10.0)],(0,'',''))
(8.55,[(10, 36.0, 1.57, -10.0),(36.0, 5, 0, -10.0)],(0,'',''))
(8.6,[(10, 36.5, 1.57, -10.0),(36.5, 5, 0, -10.0)],(0,'',''))
(8.65,[(10, 37.0, 1.57, -10.0),(37.0, 5, 0, -10.0)],(0,'',''))
(8.7,[(10, 37.5, 1.57, -10.0),(37.5, 5, 0, -10.0)],(0,'',''))
(8.75,[(10, 38.0, 1.57, -10.0),(38.0, 5, 0, -10.0)],(0,'',''))
(8.8,[(10, 38.5, 1.57, -10.0),(38.5, 5, 0, -10.0)],(0,'',''))
(8.85,[(10, 39.0, 1.57, -10.0),(39.0, 5, 0, -10.0)],(0,'',''))
(8.9,[(10, 39.5, 1.57, -10.0),(39.5, 5, 0, -10.0)],(0,'',''))
(8.95,[(10, 40.0, 1.57, -10.0),(40.0, 5, 0, -10.0)],(0,'',''))
(9.0,[(10, 40.5, 1.57, -10.0),(40.5, 5, 0, -10.0)],(0,'',''))
(9.05,[(10, 41.0, 1.57, -10.0),(41.0, 5, 0, -10.0)],(0,'',''))
(9.1,[(10, 41.5, 1.57, -10.0),(41.5, 5, 0, -10.0)],(0,'',''))
(9.15,[(10, 42.0, 1.57, -10.0),(42.0, 5, 0, -10.0)],(0,'',''))
(9.2,[(10, 42.5, 1.57, -10.0),(42.5, 5, 0, -10.0)],(0,'',''))
(9.25,[(10, 43.0, 1.57, -10.0),(43.0, 5, 0, -10.0)],(0,'',''))
(9.3,[(10, 43.5, 1.57, -10.0),(43.5, 5, 0, -10.0)],(0,'',''))
(9.35,[(10, 44.0, 1.57, -10.0),(44.0, 5, 0, -10.0)],(0,'',''))
(9.4,[(10, 44.5, 1.57, -10.0),(44.5, 5, 0, -10.0)],(0,'',''))
(9.45,[(10, 45.0, 1.57, -10.0),(45.0, 5, 0, -10.0)],(0,'',''))
(9.5,[(10, 45.5, 1.57, -10.0),(45.5, 5, 0, -10.0)],(0,'',''))
(9.55,[(10, 46.0, 1.57, -10.0),(46.0, 5, 0, -10.0)],(0,'',''))
(9.6,[(10, 46.5, 1.57, -10.0),(46.5, 5, 0, -10.0)],(0,'',''))
(9.65,[(10, 47.0, 1.57, -10.0),(47.0, 5, 0, -10.0)],(0,'',''))
(9.7,[(10, 47.5, 1.57, -10.0),(47.5, 5, 0, -10.0)],(0,'',''))
(9.75,[(10, 48.0, 1.57, -10.0),(48.0, 5, 0, -10.0)],(0,'',''))
(9.8,[(10, 48.5, 1.57, -10.0),(48.5, 5, 0, -10.0)],(0,'',''))
(9.85,[(10, 49.0, 1.57, -10.0),(49.0, 5, 0, -10.0)],(0,'',''))
(9.9,[(10, 49.5, 1.57, -10.0),(49.5, 5, 0, -10.0)],(0,'',''))
(9.95,[(10, 50.0, 1.57, -10.0),(50.0, 5, 0, -10.0)],(0,'',''))
(10.0,[(10, 50.5, 1.57, -10.0),(50.5, 5, 0, -10.0)],(0,'',''))
(10.05,[(10, 51.0, 1.57, -10.0),(51.0, 5, 0, -10.0)],(0,'',''))
(10.1,[(10, 51.5, 1.57, -10.0),(51.5, 5, 0, -10.0)],(0,'',''))
(10.15,[(10, 52.0, 1.57, -10.0),(52.0, 5, 0, -10.0)],(0,'',''))
(10.2,[(10, 52.5, 1.57, -10.0),(52.5, 5, 0, -10.0)],(0,'',''))
(10.25,[(10, 53.0, 1.57, -10.0),(53.0, 5, 0, -10.0)],(0,'',''))
(10.3,[(10, 53.5, 1.57, -10.0),(53.5, 5, 0, -10.0)],(0,'',''))
(10.35,[(10, 54.0, 1.57, -10.0),(54.0, 5, 0, -10.0)],(0,'',''))
(10.4,[(10, 54.5, 1.57, -10.0),(54.5, 5, 0, -10.0)],(0,'',''))
(10.45,[(10, 55.0, 1.57, -10.0),(55.0, 5, 0, -10.0)],(0,'',''))
(10.5,[(10, 55.5, 1.57, -10.0),(55.5, 5, 0, -10.0)],(0,'',''))
(10.55,[(10, 56.0, 1.57, -10.0),(56.0, 5, 0, -10.0)],(0,'',''))
(10.6,[(10, 56.5, 1.57, -10.0),(56.5, 5, 0, -10.0)],(0,'',''))
(10.65,[(10, 57.0, 1.57, -10.0),(57.0, 5, 0, -10.0)],(0,'',''))
(10.7,[(10, 57.5, 1.57, -10.0),(57.5, 5, 0, -10.0)],(0,'',''))
(10.75,[(10, 58.0, 1.57, -10.0),(58.0, 5, 0, -10.0)],(0,'',''))
(10.8,[(10, 58.5, 1.57, -10.0),(58.5, 5, 0, -10.0)],(0,'',''))
(10.85,[(10, 59.0, 1.57, -10.0),(59.0, 5, 0, -10.0)],(0,'',''))
(10.9,[(10, 59.5, 1.57, -10.0),(59.5, 5, 0, -10.0)],(0,'',''))
(10.95,[(10, 60.0, 1.57, -10.0),(60.0, 5, 0, -10.0)],(0,'',''))
(11.0,[(10, 60.5, 1.57, -10.0),(60.5, 5, 0, -10.0)],(0,'',''))
(11.05,[(10, 61.0, 1.57, -10.0),(61.0, 5, 0, -10.0)],(0,'',''))
(11.1,[(10, 61.5, 1.57, -10.0),(61.5, 5, 0, -10.0)],(0,'',''))
(11.15,[(10, 62.0, 1.57, -10.0),(62.0, 5, 0, -10.0)],(0,'',''))
(11.2,[(10, 62.5, 1.57, -10.0),(62.5, 5, 0, -10.0)],(0,'',''))
(11.25,[(10, 63.0, 1.57, -10.0),(63.0, 5, 0, -10.0)],(0,'',''))
(11.3,[(10, 63.5, 1.57, -10.0),(63.5, 5, 0, -10.0)],(0,'',''))
(11.35,[(10, 64.0, 1.57, -10.0),(64.0, 5, 0, -10.0)],(0,'',''))
(11.4,[(10, 64.5, 1.57, -10.0),(64.5, 5, 0, -10.0)],(0,'',''))
(11.45,[(10, 65.0, 1.57, -10.0),(65.0, 5, 0, -10.0)],(0,'',''))
(11.5,[(10, 65.5, 1.57, -10.0),(65.5, 5, 0, -10.0)],(0,'',''))
(11.55,[(10, 66.0, 1.57, -10.0),(66.0, 5, 0, -10.0)],(0,'',''))
(11.6,[(10, 66.5, 1.57, -10.0),(66.5, 5, 0, -10.0)],(0,'',''))
(11.65,[(10, 67.0, 1.57, -10.0),(67.0, 5, 0, -10.0)],(0,'',''))
(11.7,[(10, 67.5, 1.57, -10.0),(67.5, 5, 0, -10.0)],(0,'',''))
(11.75,[(10, 68.0, 1.57, -10.0),(68.0, 5, 0, -10.0)],(0,'',''))
(11.8,[(10, 68.5, 1.57, -10.0),(68.5, 5, 0, -10.0)],(0,'',''))
(11.85,[(10, 69.0, 1.57, -10.0),(69.0, 5, 0, -10.0)],(0,'',''))
(11.9,[(10, 69.5, 1.57, -10.0),(69.5, 5, 0, -10.0)],(0,'',''))
(11.95,[(10, 70.0, 1.57, -10.0),(70.0, 5, 0, -10.0)],(0,'',''))
(12.0,[(10, 70.5, 1.57, -10.0),(70.5, 5, 0, -10.0)],(0,'',''))
(12.05,[(10, 71.0, 1.57, -10.0),(71.0, 5, 0, -10.0)],(0,'',''))
(12.1,[(10, 71.5, 1.57, -10.0),(71.5, 5, 0, -10.0)],(0,'',''))
(12.15,[(10, 72.0, 1.57, -10.0),(72.0, 5, 0, -10.0)],(0,'',''))
(12.2,[(10, 72.5, 1.57, -10.0),(72.5, 5, 0, -10.0)],(0,'',''))
(12.25,[(10, 73.0, 1.57, -10.0),(73.0, 5, 0, -10.0)],(0,'',''))
(12.3,[(10, 73.5, 1.57, -10.0),(73.5, 5, 0, -10.0)],(0,'',''))
(12.35,[(10, 74.0, 1.57, -10.0),(74.0, 5, 0, -10.0)],(0,'',''))
(12.4,[(10, 74.5, 1.57, -10.0),(74.5, 5, 0, -10.0)],(0,'',''))
(12.45,[(10, 75.0, 1.57, -10.0),(75.0, 5, 0, -10.0)],(0,'',''))
(12.5,[(10, 75.5, 1.57, -10.0),(75.5, 5, 0, -10.0)],(0,'',''))
(12.55,[(10, 76.0, 1.57, -10.0),(76.0, 5, 0, -10.0)],(0,'',''))
(12.6,[(10, 76.5, 1.57, -10.0),(76.5, 5, 0, -10.0)],(0,'',''))
(12.65,[(10, 77.0, 1.57, -10.0),(77.0, 5, 0, -10.0)],(0,'',''))
(12.7,[(10, 77.5, 1.57, -10.0),(77.5, 5, 0, -10.0)],(0,'',''))
(12.75,[(10, 78.0, 1.57, -10.0),(78.0, 5, 0, -10.0)],(0,'',''))
(12.8,[(10, 78.5, 1.57, -10.0),(78.5, 5, 0, -10.0)],(0,'',''))
(12.85,[(10, 79.0, 1.57, -10.0),(79.0, 5, 0, -10.0)],(0,'',''))
(12.9,[(10, 79.5, 1.57, -10.0),(79.5, 5, 0, -10.0)],(0,'',''))
(12.95,[(10, 80.0, 1.57, -10.0),(80.0, 5, 0, -10.0)],(0,'',''))
(13.0,[(10, 80.5, 1.57, -10.0),(80.5, 5, 0, -10.0)],(0,'',''))
(13.05,[(10, 81.0, 1.57, -10.0),(81.0, 5, 0, -10.0)],(0,'',''))
(13.1,[(10, 81.5, 1.57, -10.0),(81.5, 5, 0, -10.0)],(0,'',''))
(13.15,[(10, 82.0, 1.57, -10.0),(82.0, 5, 0, -10.0)],(0,'',''))
(13.2,[(10, 82.5, 1.57, -10.0),(82.5, 5, 0, -10.0)],(0,'',''))
(13.25,[(10, 83.0, 1.57, -10.0),(83.0, 5, 0, -10.0)],(0,'',''))
(13.3,[(10, 83.5, 1.57, -10.0),(83.5, 5, 0, -10.0)],(0,'',''))
(13.35,[(10, 84.0, 1.57, -10.0),(84.0, 5, 0, -10.0)],(0,'',''))
(13.4,[(10, 84.5, 1.57, -10.0),(84.5, 5, 0, -10.0)],(0,'',''))
(13.45,[(10, 85.0, 1.57, -10.0),(85.0, 5, 0, -10.0)],(0,'',''))
(13.5,[(10, 85.5, 1.57, -10.0),(85.5, 5, 0, -10.0)],(0,'',''))
(13.55,[(10, 86.0, 1.57, -10.0),(86.0, 5, 0, -10.0)],(0,'',''))
(13.6,[(10, 86.5, 1.57, -10.0),(86.5, 5, 0, -10.0)],(0,'',''))
(13.65,[(10, 87.0, 1.57, -10.0),(87.0, 5, 0, -10.0)],(0,'',''))
(13.7,[(10, 87.5, 1.57, -10.0),(87.5, 5, 0, -10.0)],(0,'',''))
(13.75,[(10, 88.0, 1.57, -10.0),(88.0, 5, 0, -10.0)],(0,'',''))
(13.8,[(10, 88.5, 1.57, -10.0),(88.5, 5, 0, -10.0)],(0,'',''))
(13.85,[(10, 89.0, 1.57, -10.0),(89.0, 5, 0, -10.0)],(0,'',''))
(13.9,[(10, 89.5, 1.57, -10.0),(89.5, 5, 0, -10.0)],(0,'',''))
(13.95,[(10, 90.0, 1.57, -10.0),(90.0, 5, 0, -10.0)],(0,'',''))
(14.0,[(10, 90.5, 1.57, -10.0),(90.5, 5, 0, -10.0)],(0,'',''))
(14.05,[(10, 91.0, 1.57, -10.0),(91.0, 5, 0, -10.0)],(0,'',''))
(14.1,[(10, 91.5, 1.57, -10.0),(91.5, 5, 0, -10.0)],(0,'',''))
(14.15,[(10, 92.0, 1.57, -10.0),(92.0, 5, 0, -10.0)],(0,'',''))
(14.2,[(10, 92.5, 1.57, -10.0),(92.5, 5, 0, -10.0)],(0,'',''))
(14.25,[(10, 93.0, 1.57, -10.0),(93.0, 5, 0, -10.0)],(0,'',''))
(14.3,[(10, 93.5, 1.57, -10.0),(93.5, 5, 0, -10.0)],(0,'',''))
(14.35,[(10, 94.0, 1.57, -10.0),(94.0, 5, 0, -10.0)],(0,'',''))
(14.4,[(10, 94.5, 1.57, -10.0),(94.5, 5, 0, -10.0)],(0,'',''))
(14.45,[(10, 95.0, 1.57, -10.0),(95.0, 5, 0, -10.0)],(0,'',''))
(14.5,[(10, 95.5, 1.57, -10.0),(95.5, 5, 0, -10.0)],(0,'',''))
(14.55,[(10, 96.0, 1.57, -10.0),(96.0, 5, 0, -10.0)],(0,'',''))
(14.6,[(10, 96.5, 1.57, -10.0),(96.5, 5, 0, -10.0)],(0,'',''))
(14.65,[(10, 97.0, 1.57, -10.0),(97.0, 5, 0, -10.0)],(0,'',''))
(14.7,[(10, 97.5, 1.57, -10.0),(97.5, 5, 0, -10.0)],(0,'',''))
(14.75,[(10, 98.0, 1.57, -10.0),(98.0, 5, 0, -10.0)],(0,'',''))
(14.8,[(10, 98.5, 1.57, -10.0),(98.5, 5, 0, -10.0)],(0,'',''))
(14.85,[(10, 99.0, 1.57, -10.0),(99.0, 5, 0, -10.0)],(0,'',''))
(14.9,[(10, 99.5, 1.57, -10.0),(99.5, 5, 0, -10.0)],(0,'',''))
(14.95,[(10, 100.0, 1.57, -10.0),(100.0, 5, 0, -10.0)],(0,'',''))
(15.0,[(10, 100.5, 1.57, -10.0),(100.5, 5, 0, -10.0)],(0,'',''))
(15.05,[(10, 101.0, 1.57, -10.0),(101.0, 5, 0, -10.0)],(0,'',''))
(15.1,[(10, 101.5, 1.57, -10.0),(101.5, 5, 0, -10.0)],(0,'',''))
(15.15,[(10, 102.0, 1.57, -10.0),(102.0, 5, 0, -10.0)],(0,'',''))
(15.2,[(10, 102.5, 1.57, -10.0),(102.5, 5, 0, -10.0)],(0,'',''))
(15.25,[(10, 103.0, 1.57, -10.0),(103.0, 5, 0, -10.0)],(0,'',''))
(15.3,[(10, 103.5, 1.57, -10.0),(103.5, 5, 0, -10.0)],(0,'',''))
(15.35,[(10, 104.0, 1.57, -10.0),(104.0, 5, 0, -10.0)],(0,'',''))
(15.4,[(10, 104.5, 1.57, -10.0),(104.5, 5, 0, -10.0)],(0,'',''))
(15.45,[(10, 105.0, 1.57, -10.0),(105.0, 5, 0, -10.0)],(0,'',''))
(15.5,[(10, 105.5, 1.57, -10.0),(105.5, 5, 0, -10.0)],(0,'',''))
(15.55,[(10, 106.0, 1.57, -10.0),(106.0, 5, 0, -10.0)],(0,'',''))
(15.6,[(10, 106.5, 1.57, -10.0),(106.5, 5, 0, -10.0)],(0,'',''))
(15.65,[(10, 107.0, 1.57, -10.0),(107.0, 5, 0, -10.0)],(0,'',''))
(15.7,[(10, 107.5, 1.57, -10.0),(107.5, 5, 0, -10.0)],(0,'',''))
(15.75,[(10, 108.0, 1.57, -10.0),(108.0, 5, 0, -10.0)],(0,'',''))
(15.8,[(10, 108.5, 1.57, -10.0),(108.5, 5, 0, -10.0)],(0,'',''))
(15.85,[(10, 109.0, 1.57, -10.0),(109.0, 5, 0, -10.0)],(0,'',''))
(15.9,[(10, 109.5, 1.57, -10.0),(109.5, 5, 0, -10.0)],(0,'',''))
(15.95,[(10, 110.0, 1.57, -10.0),(110.0, 5, 0, -10.0)],(0,'',''))
(16.0,[(10, 110.5, 1.57, -10.0),(110.5, 5, 0, -10.0)],(0,'',''))
(16.05,[(10, 111.0, 1.57, -10.0),(111.0, 5, 0, -10.0)],(0,'',''))
(16.1,[(10, 111.5, 1.57, -10.0),(111.5, 5, 0, -10.0)],(0,'',''))
(16.15,[(10, 112.0, 1.57, -10.0),(112.0, 5, 0, -10.0)],(0,'',''))
(16.2,[(10, 112.5, 1.57, -10.0),(112.5, 5, 0, -10.0)],(0,'',''))
(16.25,[(10, 113.0, 1.57, -10.0),(113.0, 5, 0, -10.0)],(0,'',''))
(16.3,[(10, 113.5, 1.57, -10.0),(113.5, 5, 0, -10.0)],(0,'',''))
(16.35,[(10, 114.0, 1.57, -10.0),(114.0, 5, 0, -10.0)],(0,'',''))
(16.4,[(10, 114.5, 1.57, -10.0),(114.5, 5, 0, -10.0)],(0,'',''))
(16.45,[(10, 115.0, 1.57, -10.0),(115.0, 5, 0, -10.0)],(0,'',''))
(16.5,[(10, 115.5, 1.57, -10.0),(115.5, 5, 0, -10.0)],(0,'',''))
(16.55,[(10, 116.0, 1.57, -10.0),(116.0, 5, 0, -10.0)],(0,'',''))
(16.6,[(10, 116.5, 1.57, -10.0),(116.5, 5, 0, -10.0)],(0,'',''))
(16.65,[(10, 117.0, 1.57, -10.0),(117.0, 5, 0, -10.0)],(0,'',''))
(16.7,[(10, 117.5, 1.57, -10.0),(117.5, 5, 0, -10.0)],(0,'',''))
(16.75,[(10, 118.0, 1.57, -10.0),(118.0, 5, 0, -10.0)],(0,'',''))
(16.8,[(10, 118.5, 1.57, -10.0),(118.5, 5, 0, -10.0)],(0,'',''))
(16.85,[(10, 119.0, 1.57, -10.0),(119.0, 5, 0, -10.0)],(0,'',''))
(16.9,[(10, 119.5, 1.57, -10.0),(119.5, 5, 0, -10.0)],(0,'',''))
(16.95,[(10, 120.0, 1.57, -10.0),(120.0, 5, 0, -10.0)],(0,'',''))
(17.0,[(10, 120.5, 1.57, -10.0),(120.5, 5, 0, -10.0)],(0,'',''))
(17.05,[(10, 121.0, 1.57, -10.0),(121.0, 5, 0, -10.0)],(0,'',''))
(17.1,[(10, 121.5, 1.57, -10.0),(121.5, 5, 0, -10.0)],(0,'',''))
(17.15,[(10, 122.0, 1.57, -10.0),(122.0, 5, 0, -10.0)],(0,'',''))
(17.2,[(10, 122.5, 1.57, -10.0),(122.5, 5, 0, -10.0)],(0,'',''))
(17.25,[(10, 123.0, 1.57, -10.0),(123.0, 5, 0, -10.0)],(0,'',''))
(17.3,[(10, 123.5, 1.57, -10.0),(123.5, 5, 0, -10.0)],(0,'',''))
(17.35,[(10, 124.0, 1.57, -10.0),(124.0, 5, 0, -10.0)],(0,'',''))
(17.4,[(10, 124.5, 1.57, -10.0),(124.5, 5, 0, -10.0)],(0,'',''))
(17.45,[(10, 125.0, 1.57, -10.0),(125.0, 5, 0, -10.0)],(0,'',''))
(17.5,[(10, 125.5, 1.57, -10.0),(125.5, 5, 0, -10.0)],(0,'',''))
(17.55,[(10, 126.0, 1.57, -10.0),(126.0, 5, 0, -10.0)],(0,'',''))
(17.6,[(10, 126.5, 1.57, -10.0),(126.5, 5, 0, -10.0)],(0,'',''))
(17.65,[(10, 127.0, 1.57, -10.0),(127.0, 5, 0, -10.0)],(0,'',''))
(17.7,[(10, 127.5, 1.57, -10.0),(127.5, 5, 0, -10.0)],(0,'',''))
(17.75,[(10, 128.0, 1.57, -10.0),(128.0, 5, 0, -10.0)],(0,'',''))
(17.8,[(10, 128.5, 1.57, -10.0),(128.5, 5, 0, -10.0)],(0,'',''))
(17.85,[(10, 129.0, 1.57, -10.0),(129.0, 5, 0, -10.0)],(0,'',''))
(17.9,[(10, 129.5, 1.57, -10.0),(129.5, 5, 0, -10.0)],(0,'',''))
(17.95,[(10, 130.0, 1.57, -10.0),(130.0, 5, 0, -10.0)],(0,'',''))
(18.0,[(10, 130.5, 1.57, -10.0),(130.5, 5, 0, -10.0)],(0,'',''))
(18.05,[(10, 131.0, 1.57, -10.0),(131.0, 5, 0, -10.0)],(0,'',''))
(18.1,[(10, 131.5, 1.57, -10.0),(131.5, 5, 0, -10.0)],(0,'',''))
(18.15,[(10, 132.0, 1.57, -10.0),(132.0, 5, 0, -10.0)],(0,'',''))
(18.2,[(10, 132.5, 1.57, -10.0),(132.5, 5, 0, -10.0)],(0,'',''))
(18.25,[(10, 133.0, 1.57, -10.0),(133.0, 5, 0, -10.0)],(0,'',''))
(18.3,[(10, 133.5, 1.57, -10.0),(133.5, 5, 0, -10.0)],(0,'',''))
(18.35,[(10, 134.0, 1.57, -10.0),(134.0, 5, 0, -10.0)],(0,'',''))
(18.4,[(10, 134.5, 1.57, -10.0),(134.5, 5, 0, -10.0)],(0,'',''))
(18.45,[(10, 135.0, 1.57, -10.0),(135.0, 5, 0, -10.0)],(0,'',''))
(18.5,[(10, 135.5, 1.57, -10.0),(135.5, 5, 0, -10.0)],(0,'',''))
(18.55,[(10, 136.0, 1.57, -10.0),(136.0, 5, 0, -10.0)],(0,'',''))
(18.6,[(10, 136.5, 1.57, -10.0),(136.5, 5, 0, -10.0)],(0,'',''))
(18.65,[(10, 137.0, 1.57, -10.0),(137.0, 5, 0, -10.0)],(0,'',''))
(18.7,[(10, 137.5, 1.57, -10.0),(137.5, 5, 0, -10.0)],(0,'',''))
(18.75,[(10, 138.0, 1.57, -10.0),(138.0, 5, 0, -10.0)],(0,'',''))
(18.8,[(10, 138.5, 1.57, -10.0),(138.5, 5, 0, -10.0)],(0,'',''))
(18.85,[(10, 139.0, 1.57, -10.0),(139.0, 5, 0, -10.0)],(0,'',''))
(18.9,[(10, 139.5, 1.57, -10.0),(139.5, 5, 0, -10.0)],(0,'',''))
(18.95,[(10, 140.0, 1.57, -10.0),(140.0, 5, 0, -10.0)],(0,'',''))
(19.0,[(10, 140.5, 1.57, -10.0),(140.5, 5, 0, -10.0)],(0,'',''))
(19.05,[(10, 141.0, 1.57, -10.0),(141.0, 5, 0, -10.0)],(0,'',''))
(19.1,[(10, 141.5, 1.57, -10.0),(141.5, 5, 0, -10.0)],(0,'',''))
(19.15,[(10, 142.0, 1.57, -10.0),(142.0, 5, 0, -10.0)],(0,'',''))
(19.2,[(10, 142.5, 1.57, -10.0),(142.5, 5, 0, -10.0)],(0,'',''))
(19.25,[(10, 143.0, 1.57, -10.0),(143.0, 5, 0, -10.0)],(0,'',''))
(19.3,[(10, 143.5, 1.57, -10.0),(143.5, 5, 0, -10.0)],(0,'',''))
(19.35,[(10, 144.0, 1.57, -10.0),(144.0, 5, 0, -10.0)],(0,'',''))
(19.4,[(10, 144.5, 1.57, -10.0),(144.5, 5, 0, -10.0)],(0,'',''))
(19.45,[(10, 145.0, 1.57, -10.0),(145.0, 5, 0, -10.0)],(0,'',''))
(19.5,[(10, 145.5, 1.57, -10.0),(145.5, 5, 0, -10.0)],(0,'',''))
(19.55,[(10, 146.0, 1.57, -10.0),(146.0, 5, 0, -10.0)],(0,'',''))
(19.6,[(10, 146.5, 1.57, -10.0),(146.5, 5, 0, -10.0)],(0,'',''))
(19.65,[(10, 147.0, 1.57, -10.0),(147.0, 5, 0, -10.0)],(0,'',''))
(19.7,[(10, 147.5, 1.57, -10.0),(147.5, 5, 0, -10.0)],(0,'',''))
(19.75,[(10, 148.0, 1.57, -10.0),(148.0, 5, 0, -10.0)],(0,'',''))
(19.8,[(10, 148.5, 1.57, -10.0),(148.5, 5, 0, -10.0)],(0,'',''))
(19.85,[(10, 149.0, 1.57, -10.0),(149.0, 5, 0, -10.0)],(0,'',''))
(19.9,[(10, 149.5, 1.57, -10.0),(149.5, 5, 0, -10.0)],(0,'',''))
(19.95,[(10, 150.0, 1.57, -10.0),(150.0, 5, 0, -10.0)],(0,'',''))
