Person 176.0 543.36 259.2 760.3199999999999
Person 0.64 523.520256 94.72 725.76
Person 97.28 535.6800000000001 163.84 731.52
Person 265.6 539.52 300.16 698.240256
Person 310.4 539.52 372.48 703.359744
Person 332.8 268.160256 372.48 379.520256
Person 383.36 547.2 404.48 596.480256
Person 424.32 542.079744 472.96 670.719744
Person 471.68 558.080256 492.8 669.440256
Person 507.52 547.2 524.8 613.760256
Person 553.6 568.959744 621.44 767.360256
Person 606.72 596.480256 671.36 767.360256
Person 630.4 556.8 650.24 595.2
Person 646.4 563.199744 692.48 662.4000000000001
Person 673.92 552.96 687.36 590.079744
Person 692.48 564.48 764.16 728.960256
Person 773.12 558.080256 807.68 643.839744
Person 811.52 563.199744 837.12 634.880256
Person 847.36 539.52 863.36 608.64
Person 947.84 585.5999999999999 1014.4 767.360256
Person 998.4 577.92 1022.08 767.360256
