Person 888.32 92.16 1020.8 229.11974400000003
Person 37.76 195.84 55.04 231.680256
Person 92.8 142.719744 152.32 285.44025600000003
Person 118.4 168.320256 147.2 268.79999999999995
Person 266.24 146.559744 299.52 238.07999999999998
Person 277.12 148.479744 330.88 264.320256
Person 352.64 190.719744 375.04 209.28000000000003
Person 438.4 156.159744 467.2 176.000256
Person 463.36 138.879744 499.2 220.79999999999998
Person 497.92 125.439744 547.84 209.28000000000003
Person 625.92 140.16 645.76 146.559744
Person 729.6 126.72 743.68 141.440256
Person 758.4 132.48 771.84 140.16
Person 773.12 84.48 832.64 216.95999999999998
Person 830.08 116.480256 871.04 182.39999999999998
Person 872.32 111.35999999999999 922.24 189.440256
