Person 0.0 447.21747200000004 39.68 583.689751
Person 0.0 0.0 1023.36 682.3593460000001
Person 0.64 420.948609 140.8 682.3593460000001
Person 83.2 435.685017 222.08 682.3593460000001
Person 85.76 614.443875 134.4 682.3593460000001
Person 164.48 631.1022449999999 274.56 682.3593460000001
Person 233.6 540.761835 344.32 682.3593460000001
Person 379.52 543.324451 531.84 682.3593460000001
Person 540.8 557.420205 669.44 682.3593460000001
Person 669.44 641.9947289999999 749.44 682.3593460000001
Person 849.28 540.761835 1020.8 681.078038
Person 862.08 0.0 1000.32 185.80673499999997
Person 915.84 561.905466 1010.56 682.3593460000001
