Person 34.690048 211.336785 72.592384 264.01016999999996
Person 52.677631999999996 253.73268000000002 94.434304 334.66999500000003
Person 199.789568 265.29499500000003 271.73888 339.80929499999996
Person 281.37472 211.336785 326.985728 296.77071
Person 330.841088 258.87142500000004 375.809024 338.52447
Person 440.050688 207.48286499999998 461.89158399999997 325.67733000000004
Person 486.945792 113.05572 537.054208 197.20481999999998
Person 503.006208 213.90643500000002 548.617216 372.56928
Person 587.804672 208.76713500000002 615.428096 335.95482
Person 670.6749440000001 236.38893000000002 700.868608 262.7259
Person 688.02048 326.9616 783.73888 534.4444649999999
Person 694.444032 250.52089500000002 766.394368 352.01374500000003
Person 806.222848 275.57304 855.689216 397.62142500000004
