Person 809.6 258.20746699999995 1008.0 672.108199
Person 0.0 85.21449500000001 126.72 682.3593460000001
Person 8.96 0.0 158.08 169.148365
Person 82.56 135.190288 325.12 682.3593460000001
Person 131.84 0.0 261.76 136.471596
Person 230.4 3.8446070000000003 288.0 139.034895
Person 251.52 162.741142 412.8 682.3593460000001
Person 271.36 86.496486 356.48 169.148365
Person 311.68 41.005954 397.44 148.64538800000003
Person 362.88 195.417228 517.76 680.437384
Person 462.72 112.765349 777.6 682.3593460000001
Person 629.12 210.153636 710.4 682.3593460000001
Person 707.84 274.225183 849.92 680.437384
