Person 0.0 439.09905599999996 88.32 885.239685
Person 0.0 252.83372399999996 309.76 890.360262
Person 197.76 288.03891600000003 576.64 833.3923950000001
Person 501.76 336.68573399999997 721.92 694.493514
Person 658.56 394.933077 823.68 646.4873249999999
Person 681.6 344.366154 809.6 604.241451
Person 729.6 643.926591 1023.36 890.360262
Person 745.6 329.004423 869.12 582.478776
Person 787.2 347.566626 926.08 531.9118530000001
Person 881.92 342.44604899999996 961.28 469.82340899999997
Person 960.64 498.6267660000001 1023.36 571.596993
