Person 0.0 137.753587 120.96 630.461591
Person 0.0 30.754123999999997 158.72 506.163104
Person 69.76 189.65134199999997 391.04 620.2104439999999
Person 157.44 0.0 451.2 357.517716
Person 279.68 278.710444 501.12 616.3658369999999
Person 426.24 83.292533 670.08 541.4024890000001
Person 526.08 278.710444 754.56 682.3593460000001
Person 562.56 0.0 782.08 495.27130300000005
Person 690.56 515.1329430000001 901.76 682.3593460000001
Person 717.44 0.0 888.32 435.044363
Person 889.6 226.17135199999998 1023.36 682.3593460000001
Person 898.56 49.975793 1023.36 469.00175700000005
