Person 96.710656 741.451776 171.61523200000002 938.667008
Person 181.096448 720.592896 211.436544 824.889344
Person 211.436544 718.696448 248.41523199999997 823.9411200000001
Person 242.725888 712.0588799999999 283.496448 826.784768
Person 260.74112 724.384768 303.407104 865.6588800000001
Person 292.977664 713.955328 317.62944 795.4964480000001
Person 395.37766400000004 720.592896 442.784768 897.8964480000001
Person 636.207104 708.267008 678.874112 787.9106559999999
Person 713.955328 756.622336 879.881216 956.6812160000001
Person 736.710656 752.8294400000001 823.9411200000001 864.7106560000001
