Person 587.246592 490.88025600000003 643.602432 580.479744
Person 11.527168 474.24 43.547647999999995 551.679744
Person 32.66048 542.7202560000001 84.533248 640.640256
Person 124.237824 500.480256 177.390592 588.800256
Person 125.51884799999999 581.1202559999999 165.223424 690.560256
Person 128.079872 362.88 162.661376 456.96
Person 157.538304 407.679744 192.760832 496.640256
Person 198.52390400000002 384.0 235.66745600000002 465.920256
Person 252.31769599999998 370.56 276.653056 449.91974400000004
Person 270.88896 431.36025600000005 321.480704 529.280256
Person 277.93408 387.84000000000003 310.59456 452.480256
Person 318.91967999999997 412.79999999999995 356.062208 500.480256
Person 381.038592 494.079744 428.427264 606.080256
Person 393.20576 324.48 424.585216 398.72025600000006
Person 394.486784 362.88 440.59545599999996 438.39974400000006
Person 395.767808 451.20000000000005 435.472384 530.559744
Person 459.16672 362.88 489.266176 442.23974400000003
Person 493.74822400000005 351.99974399999996 558.429184 509.43974399999996
Person 564.83328 375.680256 608.379904 460.160256
Person 580.84352 153.60000000000002 601.975808 206.079744
Person 583.404544 271.359744 620.548096 317.439744
Person 587.246592 293.76 608.379904 354.560256
Person 600.695808 316.160256 637.838336 391.68
Person 609.660928 235.52025600000002 637.838336 300.159744
Person 673.7008639999999 332.15999999999997 713.40544 400.640256
Person 686.509056 334.719744 726.2136320000001 415.359744
Person 687.79008 309.759744 715.967488 342.399744
Person 776.805376 305.28000000000003 806.903808 380.799744
Person 835.0822400000001 247.68 911.9303679999999 342.399744
