Person 195.2 259.48877500000003 252.16 349.829185
Person 222.72 258.20746699999995 266.24 334.45212300000003
Person 244.48 286.398975 341.76 351.110493
Person 391.04 243.471059 406.4 279.351098
Person 398.72 203.105759 431.36 312.027184
Person 424.96 213.357589 457.6 310.745876
Person 448.64 214.63889700000001 483.84 308.182577
Person 481.28 244.752367 524.8 308.182577
Person 510.08 230.65661300000002 536.32 256.926159
Person 542.08 219.764812 570.88 312.027184
Person 572.16 237.063836 590.08 272.303221
Person 728.32 206.950366 752.0 254.36285999999998
