Person 0.0 432.0 26.88 518.4
Person 0.0 257.280192 142.08 313.599744
Person 0.0 60.800256 264.32 227.199744
Person 92.16 303.360192 113.28 341.119872
Person 113.28 503.679744 164.48 560.639808
Person 145.92 324.479808 163.2 371.19974399999995
Person 181.12 346.23993599999994 198.4 376.95974399999994
Person 203.52 318.719808 227.2 344.960064
Person 234.88 318.719808 250.88 357.12
Person 257.28 255.99974399999996 613.12 330.87974399999996
Person 259.84 57.6 478.08 229.760064
Person 316.8 351.999936 354.56 388.479744
Person 418.56 332.16019200000005 467.2 389.760192
Person 423.04 325.760256 450.56 354.560256
Person 439.68 42.239808000000004 700.8 241.280064
Person 579.2 350.720064 613.12 392.319936
Person 690.56 48.639744 1023.36 241.280064
Person 809.6 373.76006400000006 832.0 419.840064
Person 842.88 271.99987200000004 1023.36 357.12
Person 975.36 372.480192 1009.28 426.24
Person 977.92 375.67987200000005 1002.88 428.159808
