Person 73.6 318.84705600000007 117.76 426.409571
Person 74.88 348.938971 85.12 386.713973
Person 78.72 377.750723 231.04 667.786027
Person 96.0 325.249277 144.0 428.9706
Person 123.52 317.56619 163.84 425.12940799999996
Person 147.2 321.40808499999997 191.36 436.65368700000005
Person 172.16 301.560286 956.16 490.43529599999994
Person 202.24 293.877199 301.44 516.686019
Person 510.08 380.311752 723.2 624.2485340000001
Person 524.8 370.067636 746.24 580.071311
Person 721.28 380.311752 779.52 582.63234
Person 727.04 395.03749300000004 993.28 679.9507389999999
Person 753.28 361.744116 826.24 542.936039
Person 794.88 363.024279 867.2 481.472046
Person 814.72 380.311752 1023.36 589.034561
Person 834.56 368.78677 893.44 452.66029399999996
Person 887.04 361.744116 914.56 398.87868499999996
Person 903.68 317.56619 952.32 359.183087
Person 910.72 356.62205800000004 924.8 398.87868499999996
Person 927.36 363.024279 945.92 400.15955099999996
Person 939.52 355.34119200000004 956.16 389.27500200000003
Person 960.64 373.908828 1023.36 484.03307500000005
Person 961.92 296.438228 998.4 327.810306
Person 964.48 347.65880799999996 981.12 380.311752
Person 977.28 338.694855 998.4 367.506607
Person 988.16 307.962507 1023.36 379.030886
Person 995.84 301.560286 1023.36 334.21323000000007
