Person 0.0 342.78130799999997 151.68 479.253587
Person 3.84 379.302001 67.2 548.450366
Person 148.48 362.00297699999993 209.92 523.462128
Person 154.24 354.9551 174.08 440.16959499999996
Person 168.96 349.18853099999995 195.2 415.18204
Person 182.4 370.33216200000004 237.44 509.367057
Person 257.92 376.73938499999997 277.76 442.73289400000004
Person 269.44 372.894778 294.4 442.73289400000004
Person 288.0 374.17608600000005 315.52 449.13943399999994
Person 289.28 335.09277699999996 319.36 382.505271
Person 316.8 367.769546 339.2 441.450903
Person 357.12 333.170815 391.04 408.134163
Person 421.12 344.06261600000005 474.88 469.64241100000004
Person 526.08 344.06261600000005 567.04 469.64241100000004
Person 574.72 344.06261600000005 614.4 464.517179
