Person 376.889344 329.844795 435.2 408.040885
Person 187.02233600000002 251.648705 213.332992 289.3247
Person 281.6 224.635705 297.24467200000004 266.577255
Person 317.155328 245.25066999999996 512.0 345.483775
Person 566.7553280000001 243.829215 586.667008 292.16820500000006
Person 585.2446719999999 246.67272 607.289344 299.277265
Person 588.0893440000001 257.335715 633.6 330.55582000000004
Person 689.067008 259.46819500000004 714.667008 322.73573500000003
Person 693.332992 251.648705 716.8 316.33829499999996
Person 707.555328 320.603255 752.355328 370.36429499999997
Person 785.067008 272.97469500000005 803.555328 332.68829999999997
