Person 250.000384 515.000064 378.99980800000003 703.00032
Person 0.0 468.99993600000005 92.00025600000001 578.999808
Person 0.0 387.99974399999996 1022.999552 590.999808
Person 3.999744 516.999936 254.999552 759.999744
Person 90.000384 485.99961600000006 204.99968 621.000192
Person 131.999744 407.00006399999995 152.00051200000001 444.99993600000005
Person 165.000192 393.00019199999997 197.999616 445.99987200000004
Person 188.99968 538.0001279999999 270.00012799999996 672.0
Person 206.000128 399.99974399999996 231.99948799999999 444.99993600000005
Person 254.999552 406.00012799999996 272.0 441.00019199999997
Person 296.999936 388.99968 339.999744 519.999744
Person 339.999744 406.00012799999996 369.000448 448.99968
Person 382.999552 507.99974399999996 520.999936 740.000256
Person 385.000448 337.999872 677.9996160000001 392.00025600000004
Person 506.99980800000003 483.99974399999996 540.0002559999999 560.000256
Person 524.99968 500.00025600000004 568.999936 580.99968
Person 542.000128 540.0 616.999936 655.00032
Person 558.999552 396.99993600000005 577.999872 448.99968
Person 572.99968 480.99993600000005 627.9997440000001 560.000256
Person 586.0003839999999 403.00032 609.000448 445.99987200000004
Person 597.9996160000001 566.999808 748.99968 705.000192
Person 625.000448 504.99993600000005 666.0003839999999 563.000064
Person 638.999552 458.99980800000003 714.0003839999999 575.000064
Person 661.000192 398.99980800000003 682.0003839999999 461.99961600000006
Person 682.999808 396.99993600000005 711.000064 456.99993600000005
Person 698.0003839999999 357.00019199999997 723.00032 396.0
Person 725.000192 354.000384 739.9997440000001 393.00019199999997
Person 744.999936 476.00025600000004 819.00032 599.000064
Person 753.999872 393.00019199999997 771.00032 442.00012799999996
Person 780.99968 388.99968 817.999872 480.0
Person 824.000512 455.00006399999995 892.9996800000001 532.99968
Person 826.0003839999999 472.99968 915.0003199999999 570.0003839999999
Person 828.0002559999999 536.000256 888.9999359999999 612.999936
Person 881.000448 551.000064 1022.999552 764.000256
Person 917.000192 492.0 977.000448 599.000064
Person 956.000256 454.00012799999996 981.9996160000001 507.99974399999996
Person 970.999808 457.99987200000004 1016.000512 520.99968
Person 999.0000640000001 519.999744 1022.999552 580.99968
Person 1004.9996800000001 419.00006399999995 1022.999552 495.99974399999996
