Person 512.799744 445.599744 572.0002559999999 549.5999999999999
Person 103.999488 493.599744 162.400256 546.399744
Person 253.599744 477.59999999999997 314.399744 561.5999999999999
Person 369.60051200000004 444.0 429.59974400000004 555.999744
Person 381.599744 363.99974399999996 422.4 458.40000000000003
Person 387.999744 277.599744 423.999488 370.400256
Person 416.0 194.39999999999998 470.4 282.399744
Person 426.39974400000006 125.60025600000002 469.60025599999994 188.000256
Person 430.39948799999996 341.600256 464.0 442.400256
Person 450.40025599999996 231.999744 485.60025599999994 351.99974399999996
Person 487.999488 122.39999999999999 531.9997440000001 243.999744
Person 554.399744 315.99974399999996 594.400256 435.99974399999996
Person 577.599488 356.00025600000004 610.400256 456.0
Person 588.0002559999999 222.399744 632.000512 339.99974399999996
Person 602.399744 362.4 642.400256 466.400256
Person 642.400256 269.600256 682.399744 370.400256
Person 653.599744 461.60025599999994 711.999488 525.5999999999999
Person 658.400256 152.000256 698.399744 246.399744
Person 672.0 190.400256 714.399744 296.00025600000004
Person 725.600256 72.0 762.399744 158.39999999999998
Person 726.4 122.39999999999999 758.4 230.39999999999998
Person 755.9997440000001 474.39974400000006 785.599488 504.0
