Person 17.92 332.799744 171.52 699.519744
Person 30.08 314.240256 161.92 425.60025599999994
Person 168.96 323.840256 217.6 404.480256
Person 181.76 352.640256 398.72 709.760256
Person 253.44 320.00025600000004 302.08 392.319744
Person 282.24 323.840256 331.52 382.08
Person 340.48 301.44 396.16 368.64
Person 387.2 397.43999999999994 552.32 723.84
Person 629.12 262.400256 681.6 361.599744
Person 688.64 330.24 865.92 672.639744
Person 766.72 312.320256 812.8 346.880256
Person 800.64 323.199744 897.28 452.480256
Person 812.8 312.320256 899.84 442.23974400000003
Person 827.52 348.159744 893.44 484.479744
Person 858.88 309.759744 906.88 390.39974400000006
