Person 0.0 500.71596 43.52 582.03376
Person 55.04 259.32207999999997 113.92 400.82872000000003
Person 128.64 520.56516 142.72 566.66644
Person 142.72 519.28404 179.84 574.3504399999999
Person 200.96 501.99640000000005 243.84 592.9191999999999
Person 519.68 498.1544 551.04 588.43664
Person 584.96 499.43484 608.64 530.81004
Person 607.36 500.71596 625.92 539.13392
Person 636.16 500.71596 648.32 534.6513600000001
Person 638.72 511.60071999999997 662.4 540.4143600000001
Person 654.72 501.99640000000005 670.72 525.6876
Person 661.12 509.67972 682.24 542.97524
Person 693.76 514.16228 733.44 637.0994800000001
Person 708.48 500.71596 723.2 529.52892
Person 737.28 494.31239999999997 794.88 553.2201200000001
Person 959.36 489.18996000000004 979.84 539.13392
Person 976.0 482.1472 997.12 546.8172400000001
