Person 479.36 283.520256 595.84 445.43999999999994
Person 0.0 437.120256 165.12 635.52
Person 69.76 382.719744 170.24 579.84
Person 149.12 440.96025599999996 296.96 579.84
Person 229.76 422.40000000000003 446.72 682.880256
Person 241.28 279.680256 311.68 422.40000000000003
Person 268.16 421.11974399999997 328.96 524.16
Person 371.2 305.919744 458.24 448.640256
Person 398.72 397.43999999999994 479.36 508.160256
Person 398.72 448.640256 654.08 747.519744
Person 403.2 520.3199999999999 828.8 767.360256
Person 616.96 405.12 785.28 552.320256
