Person 32.64 305.28000000000003 117.76 567.680256
Person 0.0 370.56 51.2 490.88025600000003
Person 124.8 368.00025600000004 165.76 519.039744
Person 278.4 350.720256 306.56 391.68
Person 307.84 364.160256 339.2 423.680256
Person 339.2 350.720256 413.44 545.28
Person 393.6 360.320256 430.72 418.56000000000006
Person 428.16 362.88 456.96 415.359744
Person 443.52 343.040256 508.8 537.5999999999999
Person 511.36 360.320256 613.12 602.240256
Person 529.92 373.119744 552.32 405.12
Person 627.84 340.479744 695.04 561.2797439999999
Person 675.2 373.119744 716.16 402.56025600000004
Person 758.4 359.04 807.68 428.799744
Person 796.8 360.320256 835.2 418.56000000000006
Person 822.4 327.03974400000004 931.84 659.199744
Person 837.76 312.320256 963.84 627.2002560000001
