Person 367.36 428.799744 464.0 625.92
Person 105.6 494.079744 124.16 541.4399999999999
Person 124.16 524.16 147.84 565.119744
Person 222.08 525.440256 244.48 577.280256
Person 249.6 488.319744 277.76 594.560256
Person 277.76 483.200256 318.72 594.560256
Person 316.16 519.039744 350.72 583.6800000000001
Person 355.84 489.59999999999997 403.2 606.080256
Person 460.16 512.000256 501.12 594.560256
Person 504.96 516.48 550.4 603.519744
Person 542.08 501.75974399999996 584.32 599.679744
Person 584.32 501.75974399999996 621.44 566.4000000000001
Person 596.48 503.04 646.4 613.119744
Person 640.0 495.36 696.96 608.64
Person 682.24 499.20000000000005 694.4 525.440256
Person 696.96 479.36025600000005 737.92 533.76
Person 700.8 503.04 771.2 603.519744
Person 752.64 504.320256 814.72 598.400256
Person 789.76 513.920256 812.16 542.7202560000001
Person 805.12 490.88025600000003 833.28 594.560256
Person 849.28 500.480256 872.96 608.64
