Person 140.8 146.723426 237.44 391.475793
Person 24.96 250.518936 78.72 394.679063
Person 80.0 331.889507 104.96 384.42791600000004
Person 83.84 313.308492 103.68 335.733431
Person 108.8 328.0449 138.88 389.5531480000001
Person 115.2 315.87179100000003 125.44 328.0449
Person 150.4 325.482284 168.96 345.985261
Person 297.6 284.47633 332.8 390.83513899999997
Person 330.24 343.421962 347.52 369.691508
Person 351.36 335.733431 372.48 368.4102
Person 351.36 230.65661300000002 398.72 401.08628600000003
Person 393.6 221.686774 427.52 386.990532
Person 408.96 91.62171800000002 565.12 415.82269400000007
Person 461.44 317.153099 486.4 398.52367
