Person 0.0 538.533985 97.28 684.36021
Person 0.0 531.49835 1020.16 684.36021
Person 68.48 576.26995 103.68 638.309715
Person 93.44 559.640205 215.04 684.36021
Person 167.68 593.5387999999999 204.8 648.543615
Person 195.2 590.9803250000001 245.12 669.6498349999999
Person 206.08 554.52394 341.12 684.36021
Person 301.44 602.49312 364.8 669.6498349999999
Person 347.52 555.802835 471.04 682.441525
Person 440.96 566.0367349999999 592.0 684.36021
Person 528.64 370.96175 634.88 656.218355
Person 599.68 518.70666 771.2 684.36021
Person 603.52 605.6907000000001 662.4 660.695515
Person 660.48 342.819895 761.6 644.066455
Person 678.4 399.10360499999996 769.28 610.16786
Person 755.84 553.24436 957.44 684.36021
Person 965.76 638.309715 1023.36 684.36021
Person 975.36 465.621215 1023.36 559.0011
