Person 532.48 51.225 827.732992 679.585
Person 0.0 73.4225 25.6 305.6425
Person 22.187008 261.2475 73.387008 338.085
Person 30.72 0.0 97.28 49.5175
Person 92.16 290.275 134.827008 348.33
Person 92.16 40.98 472.747008 575.4275
Person 112.64 0.0 290.132992 54.64
Person 119.467008 271.4925 141.65299199999998 341.5
Person 175.78700800000001 232.22000000000003 199.68 290.275
Person 179.2 291.9825 216.747008 341.5
Person 201.387008 239.04999999999998 223.572992 297.105
Person 206.507008 112.69500000000001 230.4 157.09
Person 226.987008 114.4025 244.052992 160.505
Person 250.88 131.4775 274.772992 165.6275
Person 274.772992 136.6 296.96 172.4575
Person 290.132992 3.415 370.347008 59.762499999999996
Person 384.0 0.0 486.4 47.81
Person 426.667008 88.79 447.147008 128.0625
Person 426.667008 158.7975 448.852992 206.6075
Person 445.44 291.9825 467.627008 346.62249999999995
Person 452.26700800000003 85.375 465.92 131.4775
Person 453.972992 162.2125 472.747008 206.6075
Person 476.16 162.2125 520.532992 201.48499999999999
Person 493.227008 206.6075 575.147008 418.33750000000003
Person 515.412992 10.245 756.052992 49.5175
Person 534.187008 169.0425 551.252992 211.73
Person 564.907008 288.5675 595.627008 341.5
Person 575.147008 186.1175 595.627008 232.22000000000003
Person 769.707008 0.0 875.52 42.6875
Person 882.347008 261.2475 925.0129919999999 368.82000000000005
Person 902.827008 6.83 1020.587008 44.395
Person 911.36 145.1375 950.612992 184.41000000000003
Person 931.84 249.295 984.747008 384.1875
Person 972.8 124.6475 998.4 170.75
Person 974.507008 186.1175 998.4 215.145
Person 993.28 136.6 1022.292992 165.6275
Person 1001.812992 191.24 1022.292992 223.6825
