Person 227.84 545.28 287.36 744.96
Person 273.28 558.72 334.08 741.12
Person 331.52 547.839744 397.44 730.239744
Person 341.76 412.79999999999995 914.56 611.199744
Person 386.56 567.680256 418.56 680.319744
Person 423.68 543.999744 479.36 679.040256
Person 492.8 540.159744 537.6 661.760256
Person 519.04 540.159744 572.16 711.680256
Person 551.04 513.2797439999999 627.84 747.519744
Person 660.48 546.560256 720.0 755.840256
Person 778.24 512.000256 835.2 727.6800000000001
Person 855.04 551.679744 893.44 655.359744
Person 933.12 536.319744 977.92 686.7202560000001
Person 967.68 554.240256 996.48 687.999744
Person 996.48 549.12 1023.36 681.5999999999999
