Person 165.76 349.3113 225.92 498.37579999999997
Person 0.0 332.67715 154.88 486.22015
Person 250.88 335.2362 266.24 381.29910000000007
Person 267.52 331.39795000000004 287.36 373.62194999999997
Person 317.44 328.8389 382.08 371.0629
Person 387.2 348.67105000000004 413.44 377.46085
Person 472.32 346.112 488.32 364.6656
Person 517.12 342.27375 542.08 385.138
Person 552.32 332.67715 570.88 356.34819999999996
Person 564.48 361.46630000000005 600.96 419.68485
Person 573.44 338.43485 588.8 358.90725000000003
Person 598.4 335.2362 611.84 387.69705
Person 652.16 388.97625 688.64 422.2439
Person 725.76 343.55295 745.6 397.293
Person 741.76 343.55295 762.88 411.36809999999997
Person 773.76 332.67715 784.64 358.90725000000003
Person 810.88 328.8389 834.56 358.90725000000003
