Person 638.999552 249.000246 707.9997440000001 496.99976399999997
Person 346.99980800000003 226.999824 442.000384 481.99969200000004
Person 369.99987200000004 251.999718 401.99987200000004 477.00012
Person 426.000384 259.000068 462.000128 466.000248
Person 448.0 249.000246 542.000128 490.00009200000005
Person 508.99967999999996 254.999868 549.9996160000001 460.999998
Person 513.000448 273.00009 593.000448 481.99969200000004
Person 577.999872 279.999762 636.0002559999999 457.999848
Person 679.000064 264.99969 771.9997440000001 470.99981999999994
Person 760.000512 272.00004 826.999808 458.99989800000003
