Person 471.04 115.328648 560.0 322.278331
Person 522.88 94.82567099999999 555.52 157.615227
Person 547.84 90.98106399999999 728.96 350.469839
Person 554.24 94.82567099999999 583.04 166.585066
Person 664.32 106.358126 700.16 185.16608100000002
Person 696.32 80.08926299999999 794.24 285.11698399999995
Person 744.32 71.119424 837.76 322.91898499999996
Person 861.44 80.08926299999999 951.68 338.93738399999995
Person 917.76 90.98106399999999 947.84 131.346364
Person 945.28 106.358126 1006.72 166.585066
