Person 79.76448 50.745021 99.166208 84.215147
Person 103.478272 48.585693 116.412416 83.13548300000001
Person 240.370688 44.267036999999995 294.26483199999996 82.055819
Person 261.927936 95.01205800000001 338.45862400000004 241.84852999999998
Person 266.24 212.697331 321.212416 269.920336
Person 305.04447999999996 34.54979000000001 317.978624 60.462268
Person 339.536896 65.860588 350.31552 82.055819
Person 418.223104 45.346701 440.858624 106.888362
Person 541.103104 87.45413900000001 557.272064 116.605609
Person 550.80448 111.207289 619.789312 200.820756
Person 592.841728 62.62159600000001 625.178624 125.24292100000001
Person 607.932416 163.031974 635.958272 227.81262700000002
Person 629.490688 92.85245900000001 652.126208 152.235063
Person 632.72448 201.90042 648.892416 232.131554
Person 856.926208 57.223005 863.393792 70.179244
