Person 14.72 151.040256 42.24 211.839744
Person 42.88 140.799744 234.88 217.599744
Person 226.56 147.200256 241.92 202.23974399999997
Person 246.4 148.479744 263.04 195.84
Person 298.88 141.440256 316.16 207.999744
Person 315.52 135.03974399999998 449.28 206.720256
Person 327.68 189.440256 709.76 714.8797440000001
Person 449.92 144.639744 465.92 205.44
Person 522.88 135.03974399999998 542.72 202.23974399999997
Person 538.24 137.600256 549.12 172.160256
Person 562.56 144.639744 579.2 197.12025600000004
Person 590.08 144.639744 613.76 205.44
Person 616.32 121.599744 653.44 229.11974400000003
Person 653.44 127.35974399999998 693.12 229.11974400000003
Person 695.68 144.0 796.16 200.960256
Person 821.76 145.92000000000002 880.0 204.159744
Person 878.08 140.16 1023.36 208.640256
Person 992.0 167.679744 1006.72 216.95999999999998
