Person 138.88 651.18636 176.64 678.71956
Person 141.44 611.4879599999999 229.12 679.35944
Person 175.36 630.05672 222.72 679.35944
Person 200.32 276.6104 217.6 312.46680000000003
Person 240.0 616.6103999999999 290.56 679.35944
Person 246.4 241.39388 260.48 259.96264
Person 252.8 270.20684 256.64 287.49516
Person 270.08 256.12064 282.88 288.7756
Person 277.76 386.10196 301.44 417.4764799999999
Person 504.96 382.90052000000003 522.88 431.56336
Person 591.36 397.62728 611.2 454.614
Person 903.68 327.83412 924.8 375.21652000000006
