Person 401.92 502.31918 441.6 607.395998
Person 0.0 427.355832 14.08 483.097511
Person 15.36 427.355832 31.36 483.097511
Person 52.48 440.81024899999994 116.48 540.761835
Person 112.64 476.049634 131.2 539.4805269999999
Person 142.72 447.21747200000004 153.6 510.64836500000007
Person 147.84 548.450366 172.8 590.737628
Person 168.96 490.78604199999995 192.64 565.74939
Person 172.8 493.348658 207.36 572.1566130000001
Person 213.76 483.097511 236.16 569.5939970000001
Person 273.92 485.660127 466.56 641.9947289999999
Person 498.56 488.2234260000001 734.72 619.569107
Person 618.88 634.946852 652.16 682.3593460000001
Person 760.96 553.576281 783.36 661.2157149999999
Person 787.2 578.5638359999999 821.12 675.9521229999999
Person 801.28 558.701513 835.84 675.9521229999999
Person 821.12 589.4556369999999 849.92 681.078038
Person 935.04 565.74939 979.84 623.413714
Person 1006.08 653.5271839999999 1023.36 682.3593460000001
