Person 340.799488 259.20000000000005 539.200512 617.600256
Person 0.0 422.40000000000003 64.0 492.800256
Person 86.4 440.00025600000004 126.400512 491.199744
Person 110.400512 464.00025600000004 156.8 528.0
Person 126.400512 430.400256 148.800512 481.599744
Person 150.4 435.200256 209.600512 528.0
Person 217.6 432.0 267.200512 528.0
Person 276.799488 435.200256 318.39948799999996 524.7997439999999
Person 300.8 403.20000000000005 336.0 456.0
Person 334.39948799999996 432.0 388.799488 526.400256
Person 414.39948799999996 464.00025600000004 483.2 534.399744
Person 508.8 419.199744 534.4 486.39974400000006
Person 521.6 430.400256 571.200512 512.000256
Person 563.2 406.400256 633.6 510.39974400000006
Person 614.4 419.199744 667.200512 502.400256
Person 668.8 436.79999999999995 721.599488 505.599744
Person 729.6 440.00025600000004 760.000512 499.20000000000005
Person 743.999488 423.99974399999996 807.999488 483.200256
Person 804.799488 427.20000000000005 875.2005119999999 536.000256
Person 806.4 423.99974399999996 822.4 510.39974400000006
Person 856.000512 427.20000000000005 888.000512 492.800256
Person 897.5994880000001 420.800256 932.7994880000001 468.800256
Person 899.2 441.59999999999997 953.6 502.400256
Person 947.2 428.799744 984.000512 492.800256
Person 960.0 409.599744 1022.4005119999999 504.0
