Person 0.0 638.9786009999999 35.999744 679.6649110000001
Person 25.33376 474.898096 38.66624 502.912024
Person 33.333248 404.197351 48.0 431.54398799999996
Person 41.33376 656.320654 57.33376 682.332709
Person 115.99974399999999 656.320654 130.666496 680.99881
Person 148.666368 520.920685 346.000384 682.332709
Person 192.666624 398.86107200000004 201.33376 427.542291
Person 339.33312 645.648096 519.332864 682.332709
Person 380.000256 580.282947 403.999744 620.96994
Person 401.333248 306.816577 414.00012799999996 321.490149
Person 410.667008 570.945654 453.999616 624.971637
Person 415.333376 648.316577 447.333376 673.6620240000001
Person 424.667136 331.49541600000003 439.332864 352.839166
Person 427.333632 604.9617860000001 444.66688 640.3125
Person 472.000512 580.282947 493.333504 616.96756
Person 486.66624 634.976904 531.33312 682.332709
Person 487.999488 454.22163700000004 500.666368 480.234375
Person 498.666496 342.167291 508.66688 366.178839
Person 526.000128 656.320654 545.333248 682.332709
Person 532.6663679999999 286.806726 538.0003839999999 300.146399
Person 573.333504 634.976904 619.3336320000001 682.332709
Person 732.0002559999999 440.881964 748.0002559999999 469.5625
Person 778.0003839999999 650.984375 818.666496 682.332709
Person 812.0002559999999 289.474524 819.9997440000001 308.150476
Person 832.0 419.538214 1023.3333759999999 682.332709
Person 863.3333759999999 485.570654 874.0003839999999 514.25119
Person 902.66624 413.53532699999994 908.000256 440.881964
