Person 0.0 131.3625 965.510144 283.065
Person 18.649088 364.425 129.695744 443.24250000000006
Person 137.324544 372.05249999999995 159.364096 433.07250000000005
Person 166.146048 377.1375 192.423936 433.07250000000005
Person 195.8144 372.05249999999995 222.94016000000002 433.07250000000005
Person 222.94016000000002 357.645 244.132864 418.665
Person 248.3712 353.40749999999997 278.887424 416.96999999999997
Person 475.549696 346.6275 503.52332800000005 400.02
Person 496.741376 345.78000000000003 517.086208 405.105
Person 512.8478719999999 339.0 534.039552 398.325
Person 534.039552 337.305 556.079104 400.02
Person 556.079104 337.305 659.49696 412.7325
Person 721.3772799999999 329.6775 744.264704 385.6125
Person 740.0263679999999 322.8975 812.079104 410.19
Person 806.1460480000001 319.5075 865.483776 405.105
Person 862.94016 319.5075 916.344832 383.9175
Person 917.19168 312.7275 1023.152128 398.325
