Person 766.72 219.124158 844.8 504.881796
Person 115.84 227.45334300000002 188.8 408.774817
Person 158.72 240.267106 190.72 332.530161
Person 169.6 247.955637 248.32 437.60697899999997
Person 219.52 235.14187400000003 247.04 292.805515
Person 233.6 233.86056599999998 298.24 407.49350899999996
Person 278.4 241.549097 309.76 374.17608600000005
Person 295.68 198.62118100000004 372.48 486.301464
Person 299.52 223.60873600000002 330.88 260.129429
Person 336.0 210.153636 454.4 530.5100050000001
Person 424.96 216.560859 472.32 486.301464
Person 446.08 208.87232799999998 560.64 531.7919959999999
Person 513.28 224.89004400000002 547.2 279.99175199999996
Person 534.4 215.279551 603.52 509.367057
Person 574.72 216.560859 698.24 543.965105
Person 638.08 220.405466 727.04 518.9775500000001
Person 687.36 236.42318200000003 746.88 419.025964
Person 729.6 240.267106 770.56 395.31971699999997
Person 828.16 236.42318200000003 889.6 411.337433
Person 880.64 230.01595899999998 934.4 416.46334800000005
Person 918.4 220.405466 1009.28 500.396535
Person 990.72 235.14187400000003 1023.36 413.900732
