Person 183.196672 592.796672 215.170048 680.938496
Person 200.47974399999998 571.193344 235.90912000000003 611.807232
Person 211.71302400000002 350.838784 225.53907200000003 379.35513599999996
Person 218.626048 601.438208 248.006656 679.209984
Person 220.35456000000002 359.48032 234.180608 377.62662400000005
Person 255.78393599999998 356.023296 274.794496 389.725184
Person 290.349056 401.82272 324.050944 435.52358399999997
Person 343.92576 462.312448 373.306368 504.6548480000001
Person 377.62662400000005 589.339648 407.007232 667.976704
Person 401.82272 579.83488 438.980608 675.753984
Person 423.42604800000004 472.681472 440.70912000000004 525.39392
Person 440.70912000000004 476.138496 457.99116799999996 532.306944
Person 638.596096 793.276416 716.3678719999999 959.190016
Person 654.1506559999999 645.50912 703.40608 744.019968
Person 728.465408 642.052096 767.351808 749.205504
Person 750.932992 640.323584 804.509696 752.661504
Person 774.2648320000001 638.596096 809.694208 744.019968
Person 802.7811839999999 648.9651200000001 845.1235839999999 765.623296
