Person 46.08 1.919972 112.0 81.905807
Person 123.52 12.157932 179.84 80.626062
Person 176.0 5.759207 233.6 84.466006
Person 222.08 0.640227 253.44 56.950424999999996
Person 286.08 213.084278 464.64 502.95467399999995
Person 296.96 0.0 389.76 224.601983
Person 357.12 0.0 501.76 67.188385
Person 385.92 63.34915 474.24 188.128187
Person 475.52 79.34631700000001 1023.36 530.470255
Person 518.4 44.792493 752.0 444.724504
Person 528.0 0.0 1023.36 60.78966
Person 545.92 15.997167 615.68 85.745751
Person 727.04 15.997167 808.32 79.34631700000001
Person 848.0 47.351983 922.88 169.57153
Person 859.52 8.318697 926.72 77.427054
Person 912.0 4.479462 979.2 62.069404999999996
Person 924.16 40.953258 1005.44 164.451841
