Person 0.0 378.24 191.36 497.28
Person 183.68 394.23974400000003 217.6 495.99974399999996
Person 211.2 374.4 261.76 494.72025600000006
Person 250.88 383.36025600000005 281.6 447.99974399999996
Person 270.72 382.08 323.84 467.840256
Person 334.08 379.520256 371.2 482.559744
Person 363.52 380.799744 699.52 492.159744
Person 376.32 404.480256 397.44 489.59999999999997
Person 678.4 375.680256 732.16 494.72025600000006
Person 714.88 357.12 757.76 494.72025600000006
Person 745.6 358.400256 796.16 490.88025600000003
Person 805.12 362.240256 847.36 493.43999999999994
Person 844.8 388.479744 872.32 435.200256
Person 873.6 363.519744 900.48 433.91999999999996
