Person 522.88 239.626452 574.72 353.673792
Person 32.64 236.42318200000003 100.48 547.809712
Person 83.84 285.11698399999995 133.12 401.72694
Person 97.92 319.075061 196.48 518.9775500000001
Person 175.36 346.62591499999996 307.84 581.7671059999999
Person 177.92 210.153636 268.8 391.475793
Person 213.76 299.212738 332.8 403.00824800000004
Person 302.72 282.554368 357.76 372.894778
Person 320.0 382.505271 521.6 682.3593460000001
Person 348.8 263.974036 394.24 332.530161
Person 387.84 272.943875 416.64 332.530161
Person 414.08 221.686774 476.16 321.637677
Person 421.76 294.08750599999996 533.76 387.631186
Person 435.2 295.368814 517.76 366.48755500000004
Person 448.0 211.434944 494.08 321.637677
Person 545.28 311.38653000000005 697.6 661.856369
Person 591.36 276.147145 638.72 333.81146900000005
Person 621.44 257.566813 650.24 319.075061
Person 666.24 395.31971699999997 857.6 682.3593460000001
Person 682.88 300.49404599999997 773.76 420.30795500000005
Person 742.4 299.212738 855.04 421.58926299999996
Person 786.56 326.76359199999996 949.76 614.443875
Person 857.6 303.697999 1000.96 566.390044
Person 906.24 251.15959 1023.36 454.265349
