Person 0.0 231.039936 57.6 574.720128
Person 70.4 250.88025600000003 125.44 353.279808
Person 110.08 195.84 197.76 549.7597440000001
Person 127.36 183.680064 288.64 360.960192
Person 172.8 219.51993600000003 307.84 405.75974399999996
Person 309.12 238.719744 344.96 303.360192
Person 313.6 204.800256 389.76 396.160128
Person 350.08 183.680064 443.52 396.160128
Person 384.0 108.800064 721.92 575.360064
Person 643.84 233.60025599999997 662.4 263.68012799999997
Person 664.96 67.200192 937.6 575.360064
Person 670.08 233.60025599999997 696.32 282.24
Person 914.56 224.64000000000001 1017.6 440.960256
Person 933.76 250.88025600000003 965.12 271.99987200000004
Person 976.0 229.760064 1023.36 355.84012799999994
