Person 0.0 954.88 330.27456 1023.36
Person 3.20012 622.08 58.88575 679.68
Person 76.16763 613.76 109.45165 683.52
Person 116.49176 625.92 158.73627000000002 702.72
Person 151.69539 652.16 170.89764999999997 709.76
Person 176.01815 667.52 223.38315999999998 746.24
Person 199.0604 592.64 240.66504 659.2
Person 237.46492 561.28 291.87004 636.16
Person 242.58542 712.96 280.98917 767.36
Person 277.78905 711.68 333.47468000000003 805.76
Person 286.10967 0.0 312.35281000000003 30.72
Person 300.19143 528.0 344.35555 600.96
Person 330.27456 528.0 378.91930999999994 590.72
Person 337.31467 755.2 378.91930999999994 833.92
Person 342.43594 22.4 380.83969 72.96
Person 396.84106 499.84 433.32520000000005 554.24
Person 398.12156999999996 779.52 449.32657 869.12
Person 407.08206 49.92 450.60707999999994 102.4
Person 434.60494 453.76 492.21095 526.72
Person 450.60707999999994 810.88 508.85296 895.36
Person 450.60707999999994 74.88 510.13270000000006 141.44
Person 501.81208 106.24 529.3349599999999 149.76
Person 508.85296 833.92 564.53859 931.84
Person 510.13270000000006 421.12 548.5372199999999 485.76
Person 554.29759 398.08 578.62035 456.32
Person 554.29759 134.4 599.74222 190.08
Person 583.74085 903.68 634.30598 981.12
Person 606.7831 161.92 667.5892299999999 233.6
Person 666.3094900000001 949.12 714.9542400000001 1020.8
Person 674.6301100000001 204.16 705.99298 249.6
Person 713.03386 220.16 764.23963 280.96
Person 753.3579900000001 249.6 769.36013 277.76
