Person 86.4 470.2853609999999 208.799744 606.251646
Person 258.400256 407.90049300000004 341.600256 523.072368
Person 262.4 439.092927 303.200256 504.67680899999993
Person 264.800256 463.08717 364.8 585.457236
Person 266.399744 356.71299300000004 367.200256 487.88075699999996
Person 302.39948799999996 271.93338900000003 350.39948799999996 348.71463900000003
Person 352.0 327.120066 405.600256 437.49342
Person 429.59974400000004 310.32401400000003 635.200512 633.4457219999999
Person 433.60051200000004 330.31908 480.79974400000003 419.0978609999999
Person 476.000256 247.939146 512.0 344.71546199999995
Person 653.599744 310.32401400000003 721.599488 422.296875
Person 662.4 403.90131600000007 763.200512 534.269736
Person 691.9997440000001 262.335528 732.0002559999999 361.51151400000003
Person 752.0 350.314146 816.799744 468.68585399999995
