Person 350.72 409.10452200000003 497.28 640.8666179999999
Person 0.0 439.83555 225.28 638.3058120000001
Person 5.12 309.229698 805.12 391.81891199999995
Person 20.48 365.569464 94.08 428.951616
Person 49.28 300.90657 101.76 413.58610200000004
Person 204.16 373.25188199999997 284.16 421.90923000000004
Person 209.28 309.86973 251.52 414.86684399999996
Person 300.16 369.41101199999997 362.88 414.226812
Person 390.4 370.69107600000007 440.32 409.10452200000003
Person 445.44 355.325562 492.8 405.263652
Person 513.92 359.16711000000004 612.48 419.34842399999997
Person 544.0 373.25188199999997 574.08 399.50133000000005
Person 597.76 343.161564 650.24 395.659782
Person 626.56 395.659782 805.12 594.770754
Person 634.88 363.00865799999997 662.4 394.379718
Person 670.08 357.886368 714.88 393.098976
Person 730.24 330.356856 786.56 390.53817
Person 780.16 334.19840400000004 828.8 382.855752
Person 805.12 375.812688 941.44 533.308698
Person 807.68 320.753664 846.08 354.04549799999995
Person 807.68 362.368626 916.48 463.524192
Person 837.76 347.00311200000004 924.8 380.294946
Person 871.04 326.51530799999995 897.28 350.20395
Person 876.16 336.75921 931.2 373.25188199999997
Person 907.52 297.705054 957.44 368.77030199999996
Person 963.84 309.86973 999.68 372.61185
