Person 0.0 441.31673 65.92 614.6450199999999
Person 34.56 463.701845 266.88 683.081315
Person 49.92 403.580765 176.0 541.09246
Person 167.04 281.419235 259.84 413.81397999999996
Person 268.16 406.13924 413.44 643.4266650000001
Person 300.8 293.57113499999997 391.04 402.30187
Person 409.6 407.418135 514.56 594.817695
Person 418.56 291.01334499999996 494.72 399.743395
Person 423.04 483.52917 631.68 684.36021
Person 632.96 383.75343999999996 739.2 521.904925
Person 762.88 398.46381499999995 883.2 541.09246
Person 787.84 200.19125 884.48 466.26032000000004
Person 810.88 445.79389 1014.4 683.081315
Person 955.52 441.31673 1022.08 642.14777
