Person 143.2064 614.092032 181.70265600000002 729.5232
Person 195.560448 620.2483199999999 238.67699199999998 718.749696
Person 204.8 412.4728319999999 331.067392 615.6311039999999
Person 210.95936 583.3105919999999 234.056704 612.55296
Person 352.62566400000003 534.060288 380.343296 591.0059520000001
Person 403.44064 543.29472 438.856704 606.3966720000001
Person 415.75936 604.8576 455.79571200000004 711.054336
Person 443.476992 547.911936 471.1936 603.318528
Person 460.41497599999997 601.779456 485.052416 703.358976
Person 483.51232000000005 543.29472 511.22995199999997 597.16224
Person 620.55936 484.809984 702.171136 601.779456
Person 706.791424 440.17612800000006 816.119808 506.356992
Person 722.189312 567.9198719999999 729.8887679999999 595.623168
Person 726.808576 583.3105919999999 756.0663040000001 692.585472
Person 748.366848 560.224512 763.76576 651.0297600000001
Person 759.1454719999999 578.693376 797.6417280000001 678.733824
Person 797.6417280000001 540.216576 814.580736 655.646976
Person 805.341184 483.270912 820.740096 526.364928
Person 822.2801919999999 558.68544 831.51872 589.4668800000001
Person 822.2801919999999 592.545024 851.5368960000001 694.124544
Person 839.218176 437.097984 851.5368960000001 503.278848
Person 870.0149759999999 437.097984 879.2545279999999 489.4272
Person 879.2545279999999 612.55296 902.3518720000001 718.749696
Person 880.7936 430.941696 886.95296 449.41056
Person 885.413888 424.78540799999996 886.95296 441.71520000000004
Person 902.3518720000001 581.77152 931.608576 686.429184
Person 940.848128 658.7251200000001 968.56576 766.460928
Person 951.626752 440.17612800000006 973.185024 504.81791999999996
Person 985.503744 447.871488 1016.300544 503.278848
Person 987.04384 549.451008 1022.4599039999999 655.646976
