Person 0.0 608.6773059999999 48.64 682.3593460000001
Person 0.0 467.079795 63.36 583.689751
Person 0.0 378.02069300000005 87.04 476.049634
Person 40.96 267.17730600000004 109.44 353.03313799999995
Person 47.36 577.282528 147.2 679.79673
Person 63.36 194.13592 105.6 264.61469
Person 65.92 461.95388 184.32 565.74939
Person 79.36 386.990532 177.28 495.91195700000003
Person 97.28 239.626452 160.64 303.057345
Person 154.88 317.153099 240.64 410.696779
Person 167.04 238.345144 240.64 305.619961
Person 215.68 201.82445099999998 268.16 268.458614
Person 225.92 0.0 291.84 96.747633
Person 239.36 290.88355299999995 286.08 351.75114700000006
Person 240.64 235.78252799999999 302.08 312.027184
Person 240.64 390.83513899999997 343.04 489.504734
Person 245.76 488.2234260000001 338.56 598.426159
Person 254.72 330.60819899999996 320.64 415.82269400000007
Person 286.08 205.669058 344.32 271.66256699999997
Person 293.12 600.9887749999999 430.72 682.3593460000001
Person 328.32 0.0 443.52 84.573841
Person 350.72 510.64836500000007 454.4 615.725183
Person 354.56 410.696779 428.16 478.61225
Person 382.08 294.72815999999995 450.56 345.985261
Person 395.52 214.63889700000001 433.28 265.89599799999996
Person 398.08 348.54787699999997 488.32 403.00824800000004
Person 453.12 405.571547 543.36 476.049634
Person 468.48 488.2234260000001 588.16 624.695022
Person 485.76 345.985261 558.08 409.415471
Person 506.88 222.968082 551.68 279.351098
Person 552.96 260.770083 622.08 325.482284
Person 570.88 340.859346 660.48 419.66730100000007
Person 574.72 617.0064910000001 659.2 682.3593460000001
Person 576.0 221.686774 625.92 269.739922
Person 581.76 511.92967300000004 690.56 614.443875
Person 619.52 255.644168 678.4 306.901269
Person 620.8 411.9780870000001 699.52 493.348658
Person 635.52 115.328648 669.44 155.69326500000003
Person 640.64 224.24939 705.92 279.351098
Person 643.2 294.72815999999995 716.8 358.15836999999993
Person 674.56 114.046657 728.32 153.130649
Person 694.4 269.739922 755.84 325.482284
Person 699.52 503.600488 801.92 603.5513910000001
Person 714.24 456.828648 816.64 522.18082
Person 732.16 109.562079 779.52 163.38179599999998
Person 741.76 310.745876 814.08 378.02069300000005
Person 754.56 367.12820899999997 829.44 429.27779400000003
Person 755.84 233.219229 810.88 268.458614
Person 769.28 268.458614 826.88 315.87179100000003
Person 784.64 119.172572 838.4 158.25588100000002
Person 826.88 326.76359199999996 909.44 388.27184
Person 826.88 522.18082 943.36 629.820937
Person 828.16 440.81024899999994 913.28 524.744119
Person 829.44 260.770083 897.92 320.997023
Person 840.32 117.89126399999999 895.36 160.81918
Person 841.6 368.4102 935.68 435.685017
