Person 48.274432 228.06086399999998 179.931136 537.98976
Person 121.41670400000001 279.228672 373.028864 574.5381120000001
Person 339.383296 307.00512 810.423296 574.5381120000001
Person 371.56556800000004 288.0 500.296704 355.248576
Person 472.503296 239.75654399999996 498.83443200000005 289.46188800000004
Person 514.925568 245.604096 567.588864 406.416384
Person 605.623296 223.6752 659.7488639999999 293.847552
Person 709.485568 283.614336 810.423296 371.32991999999996
Person 842.605568 229.52275200000003 896.731136 280.69056
Person 874.7888640000001 307.00512 1021.074432 482.436288
