Person 509.44 433.91999999999996 578.56 638.7202560000001
Person 0.0 699.519744 37.76 767.360256
Person 0.0 390.39974400000006 108.16 705.920256
Person 112.0 415.359744 204.8 646.400256
Person 135.68 388.479744 282.88 710.4000000000001
Person 152.96 425.60025599999994 220.8 659.840256
Person 296.96 411.519744 419.2 682.239744
Person 314.24 400.640256 434.56 721.92
Person 419.2 433.91999999999996 476.8 626.559744
Person 563.2 447.99974399999996 586.88 568.959744
Person 581.76 440.319744 620.16 585.5999999999999
Person 597.76 431.36025600000005 620.16 575.360256
Person 609.28 416.64 662.4 599.04
Person 648.96 441.59999999999997 689.92 575.360256
Person 648.96 445.43999999999994 693.76 583.040256
Person 683.52 447.99974399999996 719.36 549.12
Person 708.48 461.43974399999996 719.36 503.679744
Person 719.36 441.59999999999997 774.4 581.76
Person 781.44 439.040256 827.52 592.640256
Person 811.52 430.08000000000004 856.96 572.7997439999999
Person 865.92 451.20000000000005 895.36 535.6800000000001
Person 879.36 458.88 900.48 533.1202559999999
Person 920.32 452.480256 945.28 536.960256
Person 926.72 449.91974400000004 945.28 533.1202559999999
Person 950.4 455.04 965.12 519.680256
Person 961.28 461.43974399999996 978.56 531.84
Person 968.96 452.480256 986.24 526.08
Person 979.84 460.160256 1000.96 526.08
Person 992.64 457.599744 1000.96 499.839744
Person 1000.96 462.72 1014.4 502.400256
Person 1003.52 458.88 1018.24 518.4000000000001
Person 1011.2 465.27974399999994 1023.36 514.5600000000001
