Person 69.76 652.8386069999999 98.56 680.35986
Person 503.04 509.46972 538.24 629.1568319999999
Person 514.56 511.39014 542.08 558.1128689999999
Person 536.96 545.312112 568.32 680.35986
Person 555.52 522.910617 592.0 630.437112
Person 604.16 288.016692 1023.36 639.39771
Person 608.0 509.46972 650.88 634.2772709999999
Person 672.0 591.3947009999999 732.16 656.6787660000001
Person 715.52 580.5143640000001 778.24 680.35986
Person 775.68 559.3931490000001 817.92 680.35986
Person 810.88 586.914402 849.28 680.35986
Person 829.44 618.916635 888.32 680.35986
Person 890.88 567.7136069999999 946.56 672.679542
Person 893.44 614.436336 953.6 680.35986
Person 974.08 472.987869 1005.44 585.634122
