Person 0.0 137.02476 5.76 153.03195999999997
Person 1.92 122.29732 42.24 189.52892
Person 154.88 130.62120000000002 164.48 143.42764
Person 161.92 129.34076 272.0 310.54648
Person 199.68 126.77987999999999 227.2 179.28404
Person 305.92 133.18276 352.0 238.19176000000002
Person 337.28 133.18276 388.48 291.97772000000003
Person 449.28 133.18276 520.96 284.29372
Person 499.2 145.98852 556.8 249.71776
Person 604.16 134.4632 670.72 308.62548
Person 710.4 119.73643999999999 838.4 419.39748000000003
Person 950.4 145.98852 1023.36 214.50124
Person 966.4 163.91740000000001 1023.36 311.18636000000004
