Person 452.30400000000003 660.780032 533.272 852.1687039999999
Person 0.0 279.399424 76.78 479.17055999999997
Person 234.52800000000002 695.7056 276.408 776.7316480000001
Person 275.012 690.1176320000001 308.516 765.555712
Person 281.992 370.204672 353.188 447.039488
Person 315.496 441.45152 397.85999999999996 607.6948480000001
Person 400.652 354.837504 456.492 402.335744
Person 420.19599999999997 435.86355199999997 489.996 590.92992
Person 557.004 97.789952 651.932 259.842048
Person 565.38 575.563776 681.2479999999999 820.038656
