Person 12.8 436.479744 74.88 530.559744
Person 81.28 449.91974400000004 152.96 536.960256
Person 149.12 444.159744 206.08 536.960256
Person 182.4 469.76025599999997 366.08 767.360256
Person 188.8 433.91999999999996 273.28 549.12
Person 270.72 437.76 307.84 487.040256
Person 332.8 447.36 414.72 576.639744
Person 383.36 421.76025599999997 410.88 447.99974399999996
Person 385.92 431.36025600000005 430.72 487.68
Person 409.6 452.480256 449.28 531.84
Person 416.0 424.32 454.4 476.15999999999997
Person 437.12 417.920256 464.0 464.00025600000004
Person 456.96 428.15999999999997 512.64 514.5600000000001
Person 485.12 533.1202559999999 561.92 637.4399999999999
Person 496.64 419.199744 522.24 453.75974399999996
Person 503.68 435.200256 543.36 498.56025600000004
Person 512.64 447.99974399999996 560.64 527.360256
Person 549.76 436.479744 580.48 512.000256
Person 553.6 453.75974399999996 634.24 689.28
Person 556.16 424.32 586.88 460.160256
Person 576.0 429.440256 616.96 485.120256
Person 604.16 429.440256 650.24 482.559744
Person 666.24 426.879744 719.36 531.84
Person 705.92 432.63974399999995 746.88 485.120256
Person 749.44 429.440256 774.4 461.43974399999996
Person 765.44 424.32 806.4 507.519744
Person 858.24 387.200256 904.32 497.28
Person 892.16 391.68 1003.52 648.320256
