Person 248.647763 55.296 404.39406699999995 316.75699199999997
Person 15.028307 320.852992 167.359241 492.884992
Person 20.492899 752.299008 178.288425 969.387008
Person 39.61965 438.272 172.823833 703.147008
Person 45.084241999999996 214.356992 137.985701 350.891008
Person 120.225098 200.02099199999998 204.24659500000004 338.603008
Person 176.23920300000003 769.364992 253.429281 930.475008
Person 303.978794 671.744 421.471596 932.523008
Person 493.880156 684.032 600.443774 920.235008
Person 541.014299 585.728 648.260312 836.267008
