Person 192.0 359.199744 261.600256 596.000256
Person 0.0 274.400256 196.800512 767.199744
Person 131.999744 407.199744 158.399488 450.39974400000006
Person 154.399744 408.800256 180.800512 471.200256
Person 168.80025600000002 410.40000000000003 200.80025600000002 508.79999999999995
Person 196.800512 427.20000000000005 208.0 459.200256
Person 204.8 423.200256 216.80025600000002 442.400256
Person 252.000256 368.00025600000004 318.39948799999996 608.000256
Person 300.8 411.200256 314.399744 442.400256
Person 317.599744 422.40000000000003 334.39948799999996 466.400256
Person 373.600256 363.99974399999996 450.40025599999996 605.600256
Person 453.60025599999994 310.400256 672.0 435.99974399999996
Person 698.399744 397.599744 741.600256 485.60025599999994
Person 734.400512 402.39974400000006 797.599744 528.0
Person 782.400512 434.40000000000003 822.4 526.400256
Person 924.000256 339.99974399999996 1020.000256 618.399744
