Person 5.76 233.86056599999998 110.72 551.653636
Person 44.8 329.96686200000005 156.16 477.971596
Person 88.32 329.96686200000005 152.32 469.00175700000005
Person 134.4 518.9775500000001 207.36 633.024207
Person 161.92 89.05910200000001 318.08 445.29551
Person 188.16 48.69448500000001 388.48 392.757101
Person 239.36 520.258858 344.32 630.461591
Person 434.56 51.257101 715.52 639.43143
Person 451.84 5.125915 725.76 682.3593460000001
Person 712.96 43.56857 915.84 361.362323
Person 745.6 366.48755500000004 884.48 636.868814
Person 787.84 321.637677 990.72 616.3658369999999
Person 816.64 76.24465599999999 951.68 311.38653000000005
