Person 899.84 127.53765200000001 989.44 230.080574
Person 0.0 528.737198 45.44 580.008286
Person 0.0 229.43976 51.2 299.938252
Person 20.48 344.800454 151.68 402.48117399999995
Person 27.52 383.254516 156.16 432.603162
Person 88.96 613.975904 119.04 657.556478
Person 91.52 240.97590399999999 196.48 280.711594
Person 146.56 603.7213879999999 190.08 653.711594
Person 168.96 636.407378 204.16 671.0158100000001
Person 255.36 635.12575 281.6 681.2695799999999
Person 272.64 128.17846600000001 377.6 228.158132
Person 381.44 174.323042 464.0 262.12575
Person 532.48 313.39683799999995 625.92 365.95029999999997
Person 571.52 278.14759200000003 641.28 326.21461000000005
Person 581.12 618.4623479999999 629.76 667.8109939999999
Person 645.12 608.848646 692.48 647.3027079999999
Person 682.24 596.0308739999999 748.8 629.998492
Person 689.92 622.307232 727.68 644.7387060000001
Person 728.96 585.1355440000001 792.32 629.998492
Person 776.32 190.98644399999998 844.8 256.998492
Person 787.2 573.5994000000001 842.24 608.848646
Person 863.36 546.041414 937.6 574.881774
Person 874.88 519.76431 960.0 561.422442
Person 881.28 506.30572399999994 969.6 540.914156
Person 896.0 377.48644400000006 1008.64 409.5308739999999
Person 899.84 399.91717199999994 965.12 426.19427600000006
Person 933.76 251.87123400000002 1023.36 319.805724
Person 974.72 439.652862 1023.36 481.310994
Person 976.0 472.338106 1022.08 508.869726
