Person 189.440256 716.8 256.640256 876.8
Person 21.12 567.04 59.519999999999996 637.44
Person 71.679744 570.88 85.760256 628.48
Person 97.92 558.72 126.080256 623.36
Person 350.079744 637.44 374.4 726.4
Person 407.679744 926.08 505.599744 1023.36
Person 498.56025600000004 723.2 561.920256 874.88
Person 565.119744 709.12 624.639744 789.76
Person 603.519744 658.56 638.7202560000001 817.28
Person 631.6800000000001 549.76 664.959744 621.44
Person 647.679744 651.52 661.760256 805.12
Person 668.16 560.0 687.999744 630.4
Person 701.439744 567.04 740.480256 630.4
