Person 29.44 252.27864 128.64 345.76300000000003
Person 122.24 224.74543999999997 154.88 354.72675999999996
Person 153.6 214.50124 206.08 354.72675999999996
Person 220.8 219.62368000000004 272.0 360.48975999999993
Person 270.72 189.52892 352.0 373.29552
Person 318.08 199.13392 359.68 366.8926399999999
Person 350.72 125.49876 421.76 396.98672
Person 403.2 178.64416 421.76 208.73823999999996
Person 404.48 197.21292000000003 438.4 258.68152
Person 412.16 240.75332 475.52 377.77808000000005
Person 424.32 170.96015999999997 443.52 232.42944
Person 435.84 163.27684000000002 454.4 220.90412
Person 480.64 156.87395999999998 496.0 190.81004000000004
Person 497.28 89.0018 572.16 416.83591999999993
Person 555.52 150.47108 572.16 185.04704000000004
Person 579.2 192.73104 605.44 233.07
Person 579.2 150.47108 958.08 539.13392
Person 594.56 144.70808 616.96 183.76659999999998
Person 599.68 181.8456 665.6 429.0018
Person 630.4 14.086879999999999 764.16 475.74363999999997
Person 753.28 55.70628000000001 853.12 199.13392
Person 848.0 181.20504 876.8 207.4578
Person 920.32 217.70268000000002 977.92 380.33896
Person 979.2 91.56335999999999 1023.36 406.59104
