Person 645.12 352.39180100000004 791.68 535.6359199999999
Person 0.64 376.73938499999997 46.08 556.7795510000001
Person 23.68 353.03313799999995 76.16 506.8037580000001
Person 54.4 286.398975 142.08 467.720449
Person 147.2 249.878282 194.56 319.075061
Person 208.64 26.269546000000002 239.36 74.963348
Person 236.8 32.676086000000005 265.6 72.400732
Person 273.28 233.86056599999998 328.32 325.482284
Person 304.64 228.734651 352.0 320.35636900000003
Person 309.76 39.723963000000005 325.76 71.119424
Person 334.72 28.832162 359.68 74.963348
Person 348.16 220.405466 394.24 311.38653000000005
Person 359.68 36.520693 383.36 62.789556
Person 375.68 36.520693 394.24 55.101025
Person 399.36 216.560859 434.56 304.979307
Person 444.8 53.819717 463.36 81.370571
Person 463.36 215.279551 501.76 307.54192300000005
Person 475.52 55.101025 492.16 78.80795499999999
Person 505.6 210.153636 543.36 303.697999
Person 506.88 60.22694 522.24 76.24465599999999
Person 542.08 212.71693499999998 580.48 296.650122
Person 598.4 207.59102 630.4 302.416691
Person 643.2 207.59102 677.12 306.260615
Person 675.84 206.309712 707.2 300.49404599999997
Person 685.44 61.508247999999995 704.64 83.933187
Person 710.4 65.993509 733.44 86.496486
Person 878.08 221.686774 930.56 321.637677
Person 926.72 233.86056599999998 960.64 320.35636900000003
Person 949.12 235.14187400000003 986.88 322.91898499999996
Person 964.48 237.70449 1013.12 308.823914
Person 976.64 245.39302099999998 1023.36 332.530161
