Person 0.0 187.342632 20.48 248.934708
Person 0.0 183.493188 100.48 303.46941599999997
Person 56.96 212.36450399999998 106.88 277.16450399999997
Person 87.04 214.930584 236.8 323.35848
Person 330.24 273.95658000000003 381.44 323.35848
Person 403.84 191.192076 407.68 207.23169599999997
Person 410.24 284.863392 444.16 323.35848
Person 445.44 248.934708 457.6 278.447544
Person 465.28 243.8019 556.8 323.35848
Person 580.48 221.346432 726.4 323.35848
Person 611.84 225.83772000000002 622.72 245.085264
Person 769.28 162.32075999999998 853.76 272.673216
Person 801.92 146.92265999999998 858.24 203.38225199999997
Person 851.2 128.31696 899.2 183.493188
Person 902.4 45.552456 966.4 168.73660800000002
