Person 0.0 316.160256 30.08 350.079744
Person 37.76 305.28000000000003 72.32 347.52
Person 113.28 293.76 145.92 348.800256
Person 190.08 314.88 343.04 358.400256
Person 382.08 291.200256 396.8 335.36025600000005
Person 396.8 316.79999999999995 634.88 364.160256
Person 435.84 444.800256 744.32 766.08
Person 549.76 392.96025599999996 583.04 430.08000000000004
Person 723.84 327.03974400000004 750.08 361.599744
Person 752.64 302.079744 773.76 360.320256
Person 771.2 304.640256 789.76 362.88
Person 935.68 308.480256 1023.36 411.519744
