Person 87.04 294.607008 169.81299199999998 561.887532
Person 136.53299199999998 307.415592 232.96 556.764372
Person 184.32 258.741468 245.76 340.71886800000004
Person 219.307008 270.69642 290.132992 374.02214399999997
Person 231.252992 324.49438799999996 317.44 561.887532
Person 287.572992 335.595708 362.667008 555.056424
Person 297.812992 280.089792 365.227008 357.797664
Person 360.107008 324.49438799999996 432.64 561.887532
Person 369.492992 277.528212 420.692992 364.629456
Person 422.4 278.381844 473.6 348.404292
Person 424.96 304.854012 497.492992 555.056424
Person 476.16 294.607008 517.12 352.674504
Person 489.812992 319.370544 563.2 557.618004
Person 528.212992 295.46064 566.612992 364.629456
Person 552.96 327.055968 605.867008 545.663052
Person 572.587008 274.11231599999996 625.492992 355.236084
Person 607.572992 338.157288 670.72 552.49416
Person 627.2 278.381844 686.932992 345.842712
Person 663.892992 315.955332 728.747008 548.2246319999999
Person 682.667008 282.65137200000004 733.867008 350.11224
Person 721.92 321.07849200000004 785.92 544.808736
Person 733.867008 277.528212 809.812992 355.236084
Person 778.24 333.88775999999996 841.387008 543.100788
Person 809.812992 311.68512000000004 898.56 538.8312599999999
