Person 0.0 306.260615 17.92 374.17608600000005
Person 98.56 299.212738 138.24 462.59453399999995
Person 165.12 258.848121 412.8 505.52245
Person 168.32 346.62591499999996 219.52 461.31322600000004
Person 212.48 356.23640800000004 245.76 467.720449
Person 243.2 287.68028300000003 292.48 508.08506600000004
Person 294.4 267.81795999999997 409.6 495.27130300000005
Person 426.88 346.62591499999996 468.48 479.253587
Person 476.16 349.18853099999995 519.68 475.40898
Person 531.2 295.368814 579.2 369.050854
Person 536.96 297.93143000000003 570.88 422.870571
Person 539.52 331.248853 602.24 493.98999499999996
Person 647.04 286.398975 760.96 606.755344
Person 680.96 291.524207 757.12 561.905466
