Person 196.47974399999998 910.08 255.999744 1023.36
Person 0.0 865.28 85.119744 1023.36
Person 0.639744 795.52 767.360256 1013.76
Person 147.84 907.52 190.07999999999998 1023.36
Person 184.32 889.6 205.44 942.08
Person 252.800256 900.48 286.08 989.44
Person 331.520256 924.8 419.199744 1023.36
Person 503.04 912.64 551.679744 1010.56
Person 527.360256 908.8 600.96 1023.36
Person 574.719744 718.72 629.1202559999999 788.48
Person 622.08 714.88 658.5600000000001 783.36
Person 681.5999999999999 640.0 735.36 793.6
