Person 0.0 213.77271 13.44 272.015916
Person 18.56 238.734084 63.36 292.496991
Person 69.76 252.17498100000003 139.52 316.178766
Person 123.52 273.296196 193.28 320.01892499999997
Person 127.36 182.410617 168.32 228.49320600000004
Person 143.36 245.774262 160.64 272.015916
Person 172.16 257.29542 207.36 296.97729
Person 192.0 169.60986 207.36 197.13179399999996
Person 200.96 147.208365 239.36 234.893925
Person 206.08 242.57424300000002 272.0 296.97729
Person 207.36 237.453804 229.76 261.135579
Person 238.08 275.85607500000003 380.8 417.30454199999997
Person 249.6 232.333365 272.0 264.975738
Person 266.88 168.32958000000002 294.4 192.011355
Person 279.68 156.168963 302.08 192.011355
Person 295.68 249.614421 355.84 303.378009
Person 298.24 156.168963 328.32 195.851514
Person 302.08 237.453804 348.16 266.255337
Person 315.52 165.769701 341.76 193.291635
Person 354.56 156.168963 375.68 187.531056
Person 362.24 167.049981 388.48 194.57123399999998
Person 378.24 154.889364 412.16 188.811336
Person 410.88 157.44924300000002 429.44 190.09093499999997
Person 434.56 169.60986 459.52 193.291635
Person 440.96 238.734084 485.76 328.33938300000005
Person 459.52 167.049981 490.88 193.291635
Person 475.52 238.734084 518.4 349.460598
Person 494.72 259.855299 627.2 409.624224
Person 501.76 250.894701 548.48 359.701476
Person 574.72 238.734084 613.12 280.97651399999995
Person 590.72 240.01436399999997 618.24 261.135579
Person 624.64 245.774262 670.72 283.536393
Person 636.8 240.01436399999997 664.32 272.015916
Person 663.04 240.01436399999997 680.96 261.135579
Person 685.44 236.17352400000001 715.52 270.735636
Person 695.68 253.45458000000002 732.16 304.65760800000004
Person 709.12 316.178766 981.76 592.034841
Person 799.36 272.015916 895.36 383.38257
Person 821.76 247.054542 856.96 298.25757
Person 856.96 244.49466299999997 909.44 314.89848600000005
Person 859.52 207.371991 889.6 245.774262
Person 878.08 240.01436399999997 905.6 284.816673
Person 915.84 253.45458000000002 968.32 316.178766
Person 989.44 247.054542 1023.36 305.937888
