Person 0.0 532.1674800000001 51.2 660.88698
Person 1.28 448.91652 69.76 580.83714
Person 69.76 369.50706 139.52 509.11302
Person 118.4 364.38402 174.72 494.38428
Person 150.4 521.28102 222.72 737.7341399999999
Person 198.4 455.9607 264.32 637.19214
Person 254.72 482.85743999999994 319.36 627.5864399999999
Person 289.92 484.1382 348.8 610.2954000000001
Person 305.92 384.23657999999995 352.64 432.90623999999997
Person 342.4 381.67506000000003 394.24 445.07424000000003
Person 370.56 262.56126 403.84 332.36424
Person 376.96 509.11302 446.72 736.4533799999999
Person 384.0 373.9905 424.32 446.355
Person 398.72 286.25609999999995 434.56 382.95581999999996
Person 426.88 276.01002000000005 539.52 325.32006
Person 433.28 518.7194999999999 513.92 741.5764199999999
Person 434.56 298.42332 474.88 406.0095
Person 458.88 300.98562 594.56 384.23657999999995
Person 526.08 196.60134000000002 536.96 224.77806
Person 533.76 208.76856 551.68 233.10378000000003
Person 556.8 271.52736 611.84 353.49756
Person 571.52 204.92628000000002 625.28 236.94606000000002
Person 679.04 393.84228 735.36 533.4482399999999
Person 692.48 233.10378000000003 858.88 267.68507999999997
Person 725.76 392.56152000000003 787.84 528.3252
Person 747.52 286.25609999999995 778.24 333.64500000000004
Person 771.84 292.01952 801.28 333.64500000000004
Person 774.4 292.01952 822.4 353.49756
Person 857.6 223.4973 924.8 272.80812000000003
Person 910.08 284.97534 944.64 333.64500000000004
Person 917.76 246.55176 944.64 274.72926
Person 948.48 252.95556 1000.96 336.20652
Person 1000.96 306.74904 1023.36 364.38402
