Person 553.6 331.38356 617.6 414.629438
Person 17.600512 326.58081599999997 78.400512 387.4143700000001
Person 70.4 316.975328 142.399488 392.217114
Person 167.99948799999999 324.980142 241.600512 397.01985800000006
Person 259.2 339.388374 332.8 401.82260199999996
Person 339.2 350.594536 385.60051200000004 398.62053199999997
Person 422.4 316.975328 496.0 401.82260199999996
Person 467.2 334.58563 487.999488 360.199302
Person 496.0 316.975328 560.0 393.81851
Person 612.799488 340.989048 689.599488 403.423276
Person 704.0 340.989048 777.6 414.629438
Person 788.799488 334.58563 870.4 414.629438
Person 964.7994880000001 360.199302 1003.2005119999999 385.81369600000005
