Person 0.0 126.999752 147.999744 551.999917
Person 85.999616 162.00008699999998 231.99948799999999 535.999959
Person 211.00032000000002 133.999819 323.00032000000004 543.9999379999999
Person 250.999808 169.000154 410.99980800000003 565.000139
Person 298.000384 139.000062 405.999616 529.999804
Person 376.000512 153.000196 551.000064 575.9998539999999
Person 552.999936 167.00033 657.000448 529.999804
Person 618.0003839999999 208.000137 693.000192 481.99993000000006
Person 780.99968 216.000116 864.0 488.000085
Person 851.0003199999999 194.000003 924.000256 501.00030699999996
Person 919.0000640000001 189.999672 1011.999744 491.99973300000005
Person 977.000448 226.999831 1022.999552 520.000001
