Person 320.0 357.99484800000005 355.2 445.732368
Person 355.2 359.275848 367.36 369.52238400000005
Person 372.48 357.99484800000005 385.28 461.742672
Person 405.12 356.71384800000004 414.08 394.498956
Person 422.4 360.55611600000003 456.32 493.123512
Person 460.16 359.275848 474.88 418.19452800000005
Person 482.56 353.51207999999997 494.08 364.399116
Person 483.84 359.275848 499.84 419.47479599999997
Person 497.28 355.43284800000004 501.12 365.680116
Person 508.8 356.71384800000004 515.2 411.79026000000005
Person 519.04 357.99484800000005 520.32 378.48792000000003
Person 528.64 355.43284800000004 536.32 394.498956
Person 554.88 352.23107999999996 567.68 381.04992000000004
Person 576.0 375.92665199999993 646.4 600.7136039999999
Person 597.76 403.464492 661.12 613.52214
Person 702.72 386.173188 758.4 604.5566039999999
