Person 107.639434 224.64 313.308492 894.08
Person 0.0 312.32 30.754123999999997 519.04
Person 0.6406540000000001 310.4 126.86110300000001 653.44
Person 21.784285 282.88 160.17852599999998 639.36
Person 62.14890200000001 302.08 104.43616399999999 371.84
Person 200.54314300000001 270.72 522.821474 837.12
Person 333.81146900000005 252.8 468.36110299999996 364.8
Person 396.60102500000005 272.0 498.474573 571.52
Person 528.588043 204.16 682.3593460000001 714.88
Person 560.6241580000001 207.36 682.3593460000001 657.28
