Person 0.0 626.102784 46.811136 708.02304
Person 0.0 570.514176 213.576704 766.53696
Person 27.794432 143.360256 127.268864 337.92
Person 54.12556800000001 681.6913920000001 127.268864 766.53696
Person 96.548864 604.160256 137.508864 672.91392
Person 125.805568 577.828608 152.136704 626.102784
Person 125.805568 697.782528 190.17113600000002 766.53696
Person 165.303296 596.845824 212.114432 715.337472
Person 190.17113600000002 421.30252800000005 315.976704 617.32608
Person 213.576704 637.805568 431.543296 766.53696
Person 275.016704 629.028864 330.605568 757.760256
Person 301.348864 100.93747199999999 362.788864 175.542528
Person 327.68 643.65696 375.954432 747.519744
Person 378.88 612.93696 444.70886399999995 728.502528
Person 389.12 646.58304 428.616704 751.908864
Person 437.39443200000005 100.93747199999999 487.131136 247.22304
Person 487.131136 643.65696 554.423296 760.685568
Person 487.131136 671.451648 953.7832960000001 766.53696
Person 510.536704 118.49164799999998 566.1255679999999 159.451392
Person 569.051136 84.845568 615.863296 165.302784
Person 576.3655679999999 699.245568 652.434432 766.53696
Person 582.216704 522.24 656.823296 653.8974720000001
Person 621.714432 661.211136 664.136704 738.74304
Person 693.394432 542.7202560000001 769.463296 687.5427839999999
Person 882.1032960000001 0.0 1022.5367039999999 150.67392
