Person 232.999936 216.999948 288.0 277.999816
Person 304.0 211.999874 350.999552 287.999964
Person 327.999488 158.999806 357.00019199999997 179.999878
Person 362.99980800000003 213.000048 412.99967999999996 270.000016
Person 385.000448 110.999812 428.000256 140.999858
Person 423.999488 209.000148 476.000256 302.00001199999997
Person 487.999488 207.999974 538.999808 284.000064
Person 499.00032000000004 119.00000999999999 622.000128 206.00002400000002
Person 668.0002559999999 115.999886 707.9997440000001 145.000156
Person 695.000064 220.00007200000002 741.9996160000001 273.00014
Person 730.0003839999999 115.00011 771.00032 147.000106
Person 739.00032 163.00010400000002 764.99968 183.000002
Person 759.000064 213.000048 801.000448 273.999916
Person 844.9996800000001 209.000148 887.0000640000001 257.999918
Person 872.9999359999999 209.000148 913.000448 257.999918
Person 981.9996160000001 122.99990999999999 1013.9996160000001 145.000156
