Person 429.44 46.77184 557.44 404.289556
Person 0.0 65.993509 40.96 152.48999500000002
Person 0.0 112.765349 100.48 354.9551
Person 138.24 86.496486 290.56 349.18853099999995
Person 209.28 52.538409 263.04 164.02245
Person 266.88 72.400732 420.48 292.805515
Person 312.96 51.257101 382.08 106.358126
Person 392.96 80.08926299999999 480.64 242.83040499999998
Person 444.16 26.269546000000002 479.36 89.05910200000001
Person 556.8 65.993509 614.4 103.79551
Person 559.36 93.544363 654.08 320.35636900000003
Person 577.92 43.56857 608.0 72.400732
Person 605.44 19.862323 634.24 76.24465599999999
Person 636.8 80.08926299999999 749.44 303.697999
Person 710.4 58.945631999999996 769.28 137.753587
Person 725.76 24.987555 759.04 64.712201
Person 748.16 83.933187 820.48 299.212738
Person 779.52 13.4551 886.4 366.48755500000004
Person 880.64 69.83743299999999 995.2 283.83567600000003
