Person 284.018232 376.84736000000004 371.787978 558.365696
Person 68.046222 524.824576 233.72331 759.614464
Person 82.83854399999998 551.460864 285.99109799999997 813.873152
Person 105.52104600000001 410.389504 218.93098799999999 601.773056
Person 281.059896 282.14272 350.09223 346.2656
Person 343.188804 542.5817599999999 576.9127560000001 819.791872
Person 362.912328 370.92864 500.976996 569.2180480000001
Person 416.16558599999996 452.809728 547.3274700000001 544.555008
Person 465.47439599999996 441.95737599999995 565.078128 592.8939519999999
Person 467.44726199999997 470.566912 580.857204 755.668992
Person 500.976996 951.9841279999999 573.953778 1017.0941439999999
Person 590.7189659999999 423.21407999999997 619.31814 662.936576
Person 617.345916 411.37561600000004 639.0416640000001 747.776
