Person 0.0 60.82872 336.0 679.35944
Person 7.04 73.63448 129.92 238.83231999999998
Person 24.96 0.0 518.4 679.35944
Person 229.76 0.0 589.44 679.35944
Person 374.4 38.41796 636.8 672.31668
Person 489.6 34.57596 709.76 676.158
Person 603.52 92.20324000000001 738.56 678.71956
Person 643.2 127.41976 813.44 669.75512
Person 713.6 148.55007999999998 803.2 679.35944
Person 752.0 189.52892 830.72 648.62548
Person 809.6 170.96015999999997 874.24 662.0718
Person 825.6 215.78168 896.0 646.06392
Person 851.84 229.86787999999999 901.76 533.37092
Person 892.16 206.17668 917.12 493.67252
Person 896.0 498.79496 917.12 538.49336
