Person 593.999872 53.000187 830.999552 681.0
Person 48.0 403.999845 60.00025600000001 414.00032999999996
Person 96.0 408.999747 142.999552 431.99984099999995
Person 167.99948799999999 401.99974799999995 179.999744 429.000036
Person 508.99967999999996 398.00023500000003 545.999872 431.000133
Person 581.9996160000001 400.000332 590.000128 417.00013500000006
Person 602.999808 393.00033300000007 645.000192 554.00031
Person 741.000192 408.00003899999996 759.000064 445.000131
Person 965.9996160000001 405.999942 1015.0000640000001 557.999823
Person 965.9996160000001 394.000041 1018.0003839999999 576.999723
