Person 264.96 388.2278850000001 316.16 557.997099
Person 0.0 352.9922639999999 44.8 426.02542800000003
Person 0.0 475.995165 97.92 583.622448
Person 31.36 401.040219 133.76 507.38654099999997
Person 87.68 351.711303 107.52 372.211446
Person 103.68 399.75925800000005 208.64 471.51078
Person 119.04 522.762159 277.76 668.827806
Person 167.68 358.11746999999997 188.8 411.931452
Person 181.12 359.399112 193.92 380.540076
Person 193.28 478.557768 288.0 613.732863
Person 208.0 388.868025 263.04 512.511747
Person 262.4 506.10558000000003 320.0 589.388475
Person 280.96 359.399112 293.76 379.258434
Person 288.0 508.668183 435.2 618.858069
Person 292.48 361.96171499999997 304.64 375.41486999999995
Person 323.2 362.601855 338.56 381.180897
Person 325.76 407.44706699999995 404.48 478.557768
Person 330.88 356.19568799999996 343.04 381.180897
Person 343.04 366.4461 355.84 377.336652
Person 368.0 376.69583100000006 423.04 475.35434399999997
Person 391.04 366.4461 407.04 386.305422
Person 403.84 517.6369530000001 448.64 588.747654
Person 403.84 567.60669 493.44 670.109448
Person 423.04 402.962682 486.4 454.21338000000003
Person 435.2 559.918881 487.68 636.155469
Person 440.96 462.54201000000006 541.44 593.8728600000001
Person 446.72 369.64884299999994 467.2 387.587064
Person 464.64 357.476649 487.68 386.305422
Person 481.28 296.61636000000004 498.56 308.147733
Person 482.56 360.03925200000003 501.12 385.02446100000003
Person 490.88 374.774049 501.12 386.305422
Person 510.08 296.61636000000004 532.48 342.742533
Person 537.6 376.055691 553.6 390.14966699999997
Person 553.6 361.320894 581.12 385.02446100000003
Person 558.72 470.22981899999996 631.04 554.793675
Person 563.84 391.43062799999996 629.76 506.10558000000003
Person 578.56 373.49308799999994 600.96 391.43062799999996
Person 583.68 297.897321 607.36 344.023494
Person 607.36 296.61636000000004 623.36 315.194721
Person 607.36 388.868025 680.96 556.075317
Person 646.4 360.03925200000003 661.12 392.71227
Person 779.52 529.8091469999999 818.56 557.356278
Person 833.28 529.8091469999999 877.44 557.356278
