Person 790.4 192.832641 885.12 516.9961320000001
Person 131.2 227.42744100000002 195.2 468.94817700000004
Person 163.84 203.723193 262.4 483.68297399999994
Person 296.32 209.48922 360.96 467.667216
Person 347.52 219.73963199999997 372.48 394.634052
Person 371.2 228.708402 407.04 398.477616
Person 407.04 227.42744100000002 439.68 412.572273
Person 438.4 217.177029 474.88 422.18186399999996
Person 469.76 217.177029 518.4 429.868992
Person 520.96 217.177029 565.76 440.119404
Person 564.48 219.73963199999997 619.52 453.57324
Person 608.64 209.48922 675.84 459.97940700000004
Person 679.68 209.48922 753.28 481.120371
Person 730.88 219.73963199999997 776.96 448.448034
Person 819.84 215.895387 847.36 248.568405
Person 883.2 217.177029 978.56 484.96393500000005
Person 898.56 224.864838 906.88 258.818136
Person 977.28 232.55196600000002 1000.96 260.740599
Person 978.56 227.42744100000002 1023.36 473.4325620000001
