Person 526.08 280.94402 705.92 643.802825
Person 56.32 0.0 236.16 694.359905
Person 141.44 364.13899499999997 215.04 554.20829
Person 193.92 31.998495000000005 270.08 385.25795999999997
Person 224.0 305.262765 456.32 491.49149
Person 444.8 104.31394 482.56 277.74424000000005
Person 466.56 134.39215000000002 515.2 257.905465
Person 516.48 176.63008 673.92 337.90066
Person 551.04 395.4973949999999 949.76 694.359905
Person 844.8 176.63008 867.2 209.267975
Person 869.76 179.189765 899.84 244.46625
Person 871.04 202.86841499999997 906.24 245.745745
Person 981.12 193.269075 1017.6 284.1438
