Person 32.0 163.955142 129.28 307.415592
Person 92.16 167.797854 194.56 308.69672399999996
Person 107.52 78.134688 170.24 169.078644
Person 120.32 106.314462 199.68 194.696496
Person 149.76 154.98892800000002 261.12 307.415592
Person 156.16 78.134688 229.12 131.932656
Person 199.68 101.19096 264.96 183.16870200000002
Person 220.16 71.730396 282.88 126.80915399999999
Person 235.52 158.831298 303.36 307.415592
Person 248.32 62.764182000000005 312.32 107.595594
Person 264.96 110.15717399999998 328.96 181.88757
Person 285.44 75.57310799999999 363.52 135.77536800000001
Person 290.56 157.55050799999998 368.64 315.10101599999996
Person 317.44 117.84259800000001 387.84 180.60678
Person 331.52 60.202259999999995 372.48 107.595594
Person 360.96 75.57310799999999 433.92 140.89887000000002
Person 364.8 157.55050799999998 445.44 308.69672399999996
Person 385.28 121.68531000000002 453.12 179.32599
Person 396.8 52.516836 445.44 105.033672
Person 419.84 73.011186 490.24 140.89887000000002
Person 419.84 158.831298 526.08 311.258304
Person 440.32 128.089944 517.12 172.921356
Person 453.12 47.393334 491.52 99.91017
Person 483.84 71.730396 538.88 146.022372
Person 488.96 153.707796 583.68 317.662938
Person 503.04 56.359548 538.88 97.348248
Person 515.84 122.966442 570.88 172.921356
Person 535.04 55.078758 576.0 93.50553599999999
Person 540.16 74.291976 608.0 134.494236
Person 556.8 162.67401 638.72 316.38214800000003
Person 568.32 113.999886 637.44 180.60678
Person 572.16 42.269832 642.56 103.752882
Person 597.76 69.168474 678.4 137.05615799999998
Person 604.16 162.67401 712.96 308.69672399999996
Person 633.6 117.84259800000001 701.44 176.764068
Person 646.4 57.64033800000001 710.4 107.595594
Person 651.52 69.168474 723.2 134.494236
Person 677.12 167.797854 775.68 312.53943599999997
Person 693.76 111.438306 744.96 179.32599
Person 700.16 43.550622000000004 750.08 103.752882
Person 725.76 158.831298 849.92 309.977514
Person 732.16 66.606894 787.2 126.80915399999999
Person 746.24 102.47174999999999 835.84 179.32599
Person 771.84 56.359548 837.12 93.50553599999999
Person 775.68 160.11243 913.92 308.69672399999996
Person 783.36 73.011186 846.08 129.370734
Person 801.28 101.19096 896.0 176.764068
Person 830.72 154.98892800000002 948.48 309.977514
Person 839.68 56.359548 917.76 128.089944
Person 866.56 110.15717399999998 976.64 180.60678
Person 903.68 158.831298 1009.92 308.69672399999996
