Person 28.16 107.60782200000001 115.2 237.63402599999998
Person 162.56 152.444586 248.96 275.42478600000004
Person 254.08 135.15033 347.52 261.33336599999996
Person 421.76 90.31386 491.52 231.228648
Person 506.24 111.45099 583.68 249.16353000000004
Person 613.76 40.35297 709.12 142.836666
Person 631.68 131.30716199999998 709.12 252.36607199999997
Person 759.04 92.875776 821.12 231.228648
Person 821.12 99.92148600000002 874.88 195.35947199999998
Person 908.8 74.94118800000001 999.04 240.19594200000003
