Person 150.4 237.063836 359.04 682.3593460000001
Person 373.12 544.605759 424.32 681.078038
Person 416.0 559.9828210000001 479.36 682.3593460000001
Person 431.36 488.2234260000001 474.88 543.324451
Person 438.4 368.4102 459.52 439.52894100000003
Person 480.64 551.012982 535.68 681.078038
Person 488.32 476.049634 519.68 552.29429
Person 493.44 613.8032210000001 559.36 681.078038
Person 519.68 474.768326 560.0 544.605759
Person 548.48 536.276574 594.56 682.3593460000001
Person 562.56 438.247633 594.56 501.037872
Person 583.68 481.175549 624.64 631.1022449999999
Person 585.6 613.8032210000001 647.04 682.3593460000001
Person 596.48 540.121181 664.96 682.3593460000001
Person 664.96 580.4857979999999 723.84 682.3593460000001
Person 682.24 429.918448 707.2 522.18082
Person 712.96 470.923719 751.36 604.832699
Person 725.12 558.0608589999999 776.32 682.3593460000001
Person 744.96 613.162567 816.64 682.3593460000001
Person 775.04 524.103465 811.52 624.054368
Person 797.44 586.8930210000001 856.32 682.3593460000001
Person 812.8 493.98999499999996 876.16 606.755344
Person 815.36 567.6713520000001 882.56 682.3593460000001
