Person 0.0 391.68 28.8 499.20000000000005
Person 0.0 248.960256 860.8 505.599744
Person 14.08 384.0 55.04 480.63974399999995
Person 66.56 248.960256 98.56 316.160256
Person 140.8 272.64 174.08 346.880256
Person 152.96 280.959744 188.8 332.15999999999997
Person 152.96 378.87974399999996 211.2 479.36025600000005
Person 165.76 333.44025600000003 190.08 386.559744
Person 236.16 303.36 266.88 369.279744
Person 347.52 328.32 385.92 402.56025600000004
Person 355.2 8.319744 398.72 62.72025599999999
Person 357.76 14.720256 376.32 60.159744
Person 359.04 139.520256 376.32 167.04
Person 384.0 13.440000000000001 398.72 61.44
Person 448.0 250.23974399999997 463.36 307.20000000000005
Person 455.68 345.6 483.2 421.11974399999997
Person 651.52 346.880256 677.76 411.519744
Person 666.24 267.519744 689.92 341.76
Person 683.52 57.599999999999994 703.36 102.39974399999998
Person 701.44 291.200256 716.16 359.04
Person 703.36 61.44 721.92 111.35999999999999
Person 729.6 254.079744 749.44 318.080256
Person 769.28 304.640256 800.64 368.00025600000004
Person 823.68 318.080256 856.32 386.559744
Person 823.68 664.3199999999999 872.32 767.360256
Person 833.92 0.0 856.32 23.04
Person 871.04 1.92 885.76 45.440256
