Person 201.6 577.077028 308.48 682.0
Person 0.0 159.94400399999998 1023.36 681.3602840000001
Person 120.32 331.403578 128.0 356.354548
Person 174.08 351.23613800000004 185.6 371.06937999999997
Person 216.32 307.09164200000004 222.72 321.16675799999996
Person 229.12 356.354548 241.28 390.902622
Person 431.36 339.72056799999996 446.72 362.112674
Person 451.2 389.62319 472.96 432.487572
Person 470.4 346.11841 476.16 365.95097000000004
Person 480.0 343.5588640000001 496.64 359.55381
Person 497.92 403.697624 520.32 435.047118
Person 528.64 338.441136 532.48 365.95097000000004
