Person 323.2 447.180485 412.8 594.9610949999999
Person 123.52 448.4594400000001 256.64 564.8926749999999
Person 169.6 657.655845 264.32 783.6843749999999
Person 189.44 295.56122000000005 221.44 363.37358
Person 287.36 657.655845 439.68 781.765495
Person 467.2 68.452285 519.68 148.42053499999997
Person 471.68 238.62400499999998 617.6 361.4547
Person 478.08 537.383955 517.76 562.33387
Person 481.28 449.73929 512.0 493.24166
Person 522.24 493.24166 560.64 532.9053749999999
Person 524.16 657.655845 616.32 794.560415
Person 528.64 74.849745 604.16 152.89821999999998
Person 565.76 534.1852250000001 611.2 575.768715
Person 648.32 255.89750499999997 751.36 350.57866
Person 772.48 243.741615 921.6 360.17485
Person 794.24 443.98175499999996 909.44 571.290135
Person 795.52 701.79814 812.8 772.169305
Person 810.88 83.80601 883.2 165.053215
