Person 226.56 235.14187400000003 316.8 331.889507
Person 320.64 249.23762799999997 401.92 355.59575400000006
Person 400.64 294.08750599999996 475.52 392.757101
Person 475.52 301.77603700000003 558.08 370.33216200000004
Person 511.36 212.71693499999998 570.24 340.218692
Person 554.24 272.943875 629.12 384.42791600000004
Person 620.16 242.83040499999998 757.76 347.90722300000004
Person 691.84 369.050854 827.52 555.498243
Person 751.36 133.90897999999999 817.92 350.469839
Person 760.32 120.45388 890.24 354.314446
Person 835.2 353.03313799999995 900.48 395.31971699999997
Person 850.56 421.58926299999996 915.2 501.67852600000003
Person 883.84 296.650122 1023.36 559.3421669999999
Person 917.76 231.29726699999998 1023.36 336.374085
Person 970.24 156.33391899999998 1023.36 261.410737
