Person 0.0 293.974714 134.4 416.304148
Person 5.12 246.57999599999997 51.2 304.222262
Person 10.24 313.829434 292.48 577.061504
Person 31.36 264.51358799999997 98.56 349.055476
Person 82.56 244.018492 122.24 304.862638
Person 92.16 268.35584400000005 151.04 360.583776
Person 103.68 451.53019 577.28 765.3596239999999
Person 142.08 265.79434000000003 210.56 318.312832
Person 186.88 260.670566 291.2 325.357734
Person 210.56 315.110186 337.28 408.61886999999996
Person 221.44 190.859624 272.64 292.693962
Person 272.64 252.985288 316.16 300.37924
Person 272.64 272.83924199999996 372.48 366.347926
Person 292.48 258.109062 368.64 325.357734
Person 295.04 341.369432 556.16 520.700756
Person 342.4 253.625664 393.6 305.503014
Person 371.2 254.906416 421.76 310.626788
Person 375.68 270.918114 446.72 340.729056
Person 425.6 270.918114 517.76 420.14716999999996
Person 479.36 259.389814 510.08 311.908306
Person 480.64 290.772834 545.28 343.29132599999997
Person 520.32 290.772834 647.04 395.16867599999995
Person 521.6 256.82754400000005 574.72 297.17735999999996
Person 576.0 263.23206999999996 609.92 333.043778
Person 581.12 283.08679 653.44 359.30302400000005
Person 603.52 306.784532 808.96 519.420004
Person 631.04 265.79434000000003 693.12 322.79623000000004
Person 648.32 379.797354 991.36 765.3596239999999
Person 652.16 301.66075800000004 794.88 379.156978
Person 693.12 260.670566 730.24 301.66075800000004
Person 731.52 274.761136 769.28 333.043778
Person 771.2 276.041888 826.24 335.60528200000005
Person 790.4 272.198866 830.08 317.03208
Person 794.88 316.39093800000006 877.44 416.94452400000006
Person 865.92 302.301134 905.6 389.404526
Person 878.72 324.717358 996.48 463.05848999999995
Person 899.84 293.974714 949.12 338.807928
Person 933.12 286.289436 1005.44 385.561504
