Person 0.0 393.65781 1023.36 545.360088
Person 21.12 263.078634 106.88 426.942516
Person 112.0 264.35900399999997 192.0 428.22288599999996
Person 188.16 256.67733 269.44 409.02006600000004
Person 269.44 273.319956 346.88 405.819414
Person 354.56 265.638828 429.44 407.099784
Person 448.0 280.361172 526.72 404.53904400000005
Person 449.28 264.35900399999997 512.0 346.930584
Person 574.72 282.92136600000003 639.36 407.099784
Person 666.88 269.479392 748.16 411.58026000000007
Person 753.28 274.600326 834.56 409.02006600000004
Person 832.0 254.117136 909.44 407.099784
Person 903.04 269.479392 1000.32 429.50271000000004
