Person 8.96 241.549097 127.36 512.5703269999999
Person 135.04 241.549097 245.12 410.056125
Person 213.76 240.267106 372.48 463.875842
Person 295.04 244.11171300000004 331.52 292.805515
Person 305.28 238.985798 471.04 449.13943399999994
Person 563.84 166.585066 641.28 400.44563200000005
Person 618.88 278.710444 939.52 659.293753
Person 633.6 411.337433 939.52 682.3593460000001
Person 762.24 253.72220600000003 887.04 390.194485
Person 868.48 265.255344 998.4 480.534895
Person 869.76 265.255344 1023.36 605.4740360000001
