Person 27.52 201.60000000000002 136.96 532.479744
Person 119.68 325.119744 357.76 572.16
Person 126.72 215.04000000000002 190.08 325.119744
Person 133.12 236.16 245.76 508.79999999999995
Person 160.64 82.56 221.44 171.519744
Person 241.92 382.08 367.36 574.719744
Person 248.32 225.920256 310.4 302.720256
Person 254.72 248.319744 343.68 385.91999999999996
Person 304.64 62.079744000000005 341.12 125.439744
Person 318.08 213.759744 396.16 306.560256
Person 336.64 259.20000000000005 423.04 405.75974399999996
Person 354.56 131.840256 379.52 174.08025600000002
Person 372.48 350.079744 488.96 594.560256
Person 408.32 269.439744 474.24 362.240256
Person 414.72 240.63974399999998 451.84 264.320256
Person 451.84 462.72 502.4 599.04
Person 453.12 270.71999999999997 502.4 334.08
Person 476.8 325.119744 536.32 429.440256
Person 492.8 269.439744 533.76 318.71999999999997
Person 494.08 389.76 602.88 617.600256
Person 495.36 229.76025600000003 533.76 280.32
Person 513.92 290.55974399999997 577.28 362.240256
Person 531.2 229.76025600000003 574.72 301.44
Person 565.76 465.27974399999994 678.4 620.16
Person 570.88 298.880256 638.72 472.959744
Person 610.56 295.68 645.12 353.919744
Person 613.12 295.68 675.2 458.88
Person 646.4 298.880256 743.04 589.4399999999999
Person 668.8 248.319744 712.32 296.96025599999996
Person 704.64 212.480256 810.24 574.719744
Person 765.44 193.92000000000002 831.36 312.96
Person 771.84 255.36 874.88 599.04
Person 836.48 244.47974399999998 966.4 625.92
Person 871.04 174.72 984.32 559.359744
Person 950.4 176.64000000000001 1023.36 645.759744
