Person 263.31200099999995 856.32 331.862535 999.68
Person 7.047084 833.92 23.063996999999997 863.36
Person 76.879719 756.48 92.89581900000002 777.6
Person 106.9908 754.56 122.36625599999998 777.6
Person 134.53930499999998 761.6 147.35218500000002 778.88
Person 171.69747 837.76 287.016642 883.2
Person 197.96468699999997 542.72 260.749425 695.04
Person 213.98078699999996 737.92 221.028684 755.2
Person 315.20579100000003 849.92 339.551076 902.4
Person 348.52009200000003 453.76 467.683128 801.92
Person 406.179678 844.8 446.541063 949.76
Person 439.493979 853.76 467.683128 948.48
Person 468.964416 856.96 497.15356499999996 948.48
Person 513.170478 853.76 561.860235 988.16
Person 606.066297 839.68 618.2385330000001 871.04
Person 623.363685 734.08 695.1182520000001 797.44
Person 627.208362 856.96 646.427682 926.72
Person 630.4115820000001 839.68 735.4796369999999 869.12
