Person 482.56 215.06598400000001 588.8 528.7043160000001
Person 0.0 124.175128 240.64 384.046964
Person 17.92 276.513314 302.08 608.07425
Person 184.32 121.61484999999999 823.04 361.00380399999995
Person 221.44 152.338844 253.44 193.303292
Person 248.32 148.498098 290.56 188.182736
Person 258.56 357.163716 298.24 407.089466
Person 711.68 249.630066 936.96 536.38515
Person 805.12 128.015874 876.8 198.423848
Person 838.4 181.78237 896.0 254.75128
Person 842.24 253.470812 935.68 316.19861
Person 935.68 236.82867599999997 1022.72 334.12055599999997
Person 953.6 147.21762999999999 983.04 188.182736
