Person 38.442655 158.08 98.02894099999999 238.72
Person 39.723963000000005 289.28 104.43616399999999 366.08
Person 44.849878000000004 413.44 106.358126 490.24
Person 48.69448500000001 191.36 124.29848700000001 220.8
Person 55.74236199999999 321.92 127.50175699999998 346.88
Person 58.945631999999996 441.6 132.627672 467.84
Person 68.55612500000001 541.44 134.549634 579.84
Person 253.081552 420.48 536.917228 796.16
Person 472.20570999999995 211.84 528.588043 283.52
Person 472.20570999999995 236.8 558.0608589999999 269.44
Person 504.24114199999997 465.92 556.7795510000001 518.4
Person 613.8032210000001 348.8 682.3593460000001 868.48
