Person 65.92 257.566813 123.52 454.265349
Person 144.64 285.11698399999995 199.68 437.60697899999997
Person 279.68 283.83567600000003 333.44 429.27779400000003
Person 307.2 169.148365 579.2 524.103465
Person 364.16 287.68028300000003 395.52 411.337433
Person 417.92 297.93143000000003 449.28 328.685554
Person 536.96 322.91898499999996 580.48 403.00824800000004
Person 619.52 312.66783799999996 698.24 392.757101
Person 746.88 328.0449 760.32 372.894778
Person 756.48 326.76359199999996 770.56 370.33216200000004
Person 778.24 322.91898499999996 830.72 366.48755500000004
Person 839.04 328.0449 846.72 353.03313799999995
Person 855.68 326.76359199999996 934.4 353.03313799999995
