Person 0.0 35.230245 1023.36 372.16137999999995
Person 12.16 363.193795 38.4 433.013495
Person 32.0 443.26266000000004 60.8 528.456455
Person 120.96 359.35044500000004 154.88 429.17083999999994
Person 126.08 454.15192 163.2 534.22148
Person 188.16 374.083055 240.64 441.98177499999997
Person 358.4 398.42404 395.52 472.08778500000005
Person 451.84 380.488175 494.72 452.871035
Person 478.08 420.84335 536.96 503.47468
Person 500.48 405.46995 526.72 433.013495
Person 526.72 392.018225 579.2 481.69616
Person 531.84 383.05064000000004 576.0 430.451725
Person 688.0 430.451725 723.2 513.083055
Person 699.52 423.405815 718.08 469.52532
Person 712.96 372.16137999999995 752.0 443.26266000000004
Person 718.08 302.98177499999997 737.92 352.94463
Person 829.44 397.143155 869.12 484.25793
Person 851.84 390.73733999999996 881.92 457.99526999999995
