Person 0.0 75.56423600000001 39.04 183.14768999999998
Person 19.2 95.415892 103.04 296.49404400000003
Person 65.28 76.845032 120.32 176.74371000000002
Person 101.76 106.943056 154.24 285.607278
Person 113.92 87.731116 137.6 108.22317
Person 146.56 84.529808 211.84 280.484776
Person 213.12 105.66225999999999 247.68 176.74371000000002
Person 229.12 97.97748399999999 264.32 174.182118
Person 252.8 121.67152800000001 300.16 174.182118
Person 280.32 119.109936 302.72 160.734442
Person 297.6 95.415892 322.56 131.917214
Person 298.88 105.66225999999999 337.92 181.866894
Person 325.12 121.67152800000001 364.16 185.7086
Person 328.96 76.845032 366.72 108.22317
Person 339.2 108.22317 360.32 130.636418
Person 343.04 94.13509599999999 359.04 108.22317
Person 351.36 112.70595599999999 394.24 264.474826
Person 360.32 103.100668 377.6 122.952324
Person 377.6 108.22317 396.8 141.52318400000001
Person 390.4 104.381464 403.84 122.952324
Person 390.4 121.67152800000001 421.76 270.238408
Person 403.84 109.503966 417.92 126.79402999999999
Person 411.52 119.109936 444.16 176.74371000000002
Person 423.04 124.23311999999999 466.56 260.63312
Person 424.96 109.503966 439.04 119.109936
Person 435.2 106.943056 456.32 124.23311999999999
Person 453.76 121.67152800000001 487.68 261.913916
Person 481.28 110.784762 501.76 168.418536
Person 490.24 124.873518 522.88 249.746354
Person 515.2 123.592722 545.28 184.42848600000002
Person 544.0 124.873518 552.96 142.16358200000002
Person 546.56 139.60199 565.12 181.866894
Person 554.24 146.00597 580.48 181.866894
Person 560.0 130.636418 568.96 143.444378
Person 580.48 142.16358200000002 601.6 169.69933200000003
Person 588.8 148.56688 618.88 181.866894
Person 590.08 119.750334 601.6 143.444378
Person 592.64 134.478806 617.6 165.85694400000003
Person 618.88 142.16358200000002 634.88 177.384108
Person 621.44 129.355622 632.96 155.61125800000002
Person 661.12 156.89205399999997 682.88 186.98939600000003
Person 671.36 144.08477599999998 839.04 370.77748399999996
Person 681.6 138.321194 710.4 186.98939600000003
Person 701.44 137.040398 731.52 181.866894
Person 772.48 131.917214 786.56 154.33046199999998
Person 781.44 151.12847200000002 797.44 172.26092400000002
Person 803.84 158.17284999999998 819.84 181.866894
Person 827.52 162.015238 852.48 192.11258
Person 844.8 162.015238 881.28 199.797356
Person 867.84 162.015238 877.44 173.54171999999997
Person 871.04 168.418536 881.28 193.393376
Person 881.28 170.98012799999998 897.28 197.23576400000002
Person 883.84 158.17284999999998 899.84 170.98012799999998
Person 890.24 170.98012799999998 912.64 197.23576400000002
Person 904.96 162.015238 932.48 197.23576400000002
Person 916.48 144.725174 927.36 167.13773999999998
Person 923.52 159.45364600000002 953.6 199.797356
Person 941.44 169.69933200000003 962.56 199.797356
Person 953.6 160.734442 967.68 199.797356
Person 968.96 164.57683 981.12 177.384108
Person 968.96 168.418536 986.24 204.91985799999998
Person 981.12 162.015238 992.64 188.27019199999998
Person 992.64 160.734442 1023.36 257.43113
