Person 0.0 568.9533429999999 46.08 655.449146
Person 12.8 235.14187400000003 44.8 285.11698399999995
Person 85.76 546.528404 170.24 652.88653
Person 109.44 520.258858 177.92 605.4740360000001
Person 112.64 654.1678380000001 141.44 682.3593460000001
Person 129.28 496.552611 190.72 561.905466
Person 145.28 481.816203 185.6 533.073304
Person 146.56 409.415471 218.88 485.660127
Person 160.64 365.206247 176.64 397.88301600000005
Person 175.36 356.877062 183.04 384.42791600000004
Person 178.56 627.898975 236.16 682.3593460000001
Person 180.48 383.146608 204.16 417.74465599999996
Person 184.96 360.08101500000004 195.2 367.769546
Person 187.52 361.362323 196.48 385.06857
Person 189.44 370.33216200000004 199.04 391.475793
Person 197.76 399.16432399999997 221.44 429.27779400000003
Person 199.04 367.769546 214.4 381.864617
Person 204.16 378.02069300000005 224.0 415.18204
Person 207.36 347.90722300000004 216.32 363.924939
Person 215.68 422.870571 241.92 484.3788190000001
Person 216.32 347.90722300000004 222.72 370.33216200000004
Person 224.64 357.517716 231.04 372.894778
Person 224.64 345.344607 240.0 367.769546
Person 228.48 370.33216200000004 241.28 407.49350899999996
Person 231.68 419.025964 261.76 480.534895
Person 246.4 363.924939 261.12 399.16432399999997
Person 254.72 392.757101 273.92 417.74465599999996
Person 256.0 401.72694 273.92 422.870571
Person 264.32 427.996486 309.12 485.660127
Person 264.32 597.785505 328.96 682.3593460000001
Person 275.2 390.194485 287.36 413.900732
Person 282.88 409.415471 307.84 433.121718
Person 319.36 422.870571 336.64 441.450903
Person 331.52 540.761835 377.6 658.012445
Person 332.16 394.038409 444.8 518.9775500000001
Person 423.68 421.58926299999996 446.08 463.875842
Person 432.64 413.900732 443.52 426.714495
Person 433.92 661.856369 462.72 682.3593460000001
Person 468.48 405.571547 485.12 424.151879
Person 470.4 636.868814 511.36 681.718692
Person 492.8 394.038409 520.32 450.421425
Person 510.08 515.773597 545.28 614.443875
Person 524.8 358.79902400000003 537.6 375.45807699999995
Person 527.36 328.685554 533.76 337.655393
Person 536.32 331.248853 540.8 338.93738399999995
Person 538.88 504.24114199999997 579.2 554.216935
Person 540.16 536.917228 586.24 644.5573449999999
Person 543.36 349.18853099999995 549.76 365.206247
Person 543.36 326.76359199999996 552.32 341.5
Person 548.48 365.206247 554.88 392.757101
Person 552.32 346.62591499999996 563.84 372.894778
Person 567.04 336.374085 576.0 376.73938499999997
Person 572.16 300.49404599999997 584.96 316.51244499999996
Person 576.0 342.78130799999997 592.0 363.924939
Person 586.24 422.870571 608.64 476.690288
Person 588.16 645.838653 618.24 679.79673
Person 593.28 433.76237199999997 613.76 493.98999499999996
Person 598.4 417.74465599999996 608.64 430.559102
Person 624.64 340.218692 640.0 358.79902400000003
Person 637.44 366.48755500000004 652.16 388.912494
Person 640.0 427.996486 662.4 479.253587
Person 641.28 447.858126 682.24 525.384773
Person 654.72 534.3546120000001 686.08 586.8930210000001
Person 654.72 542.683797 693.76 638.150122
Person 667.52 394.038409 682.24 413.900732
Person 673.28 421.58926299999996 688.64 475.40898
Person 674.56 382.505271 682.24 394.038409
Person 680.96 372.894778 695.04 407.49350899999996
Person 684.8 426.714495 700.8 477.971596
Person 689.92 399.16432399999997 703.36 415.18204
Person 695.04 477.971596 723.2 567.6713520000001
Person 703.36 401.72694 716.16 421.58926299999996
Person 711.04 375.45807699999995 725.76 401.72694
Person 718.72 496.552611 755.84 550.372328
Person 743.68 390.194485 767.36 436.325671
Person 752.0 480.534895 784.64 530.5100050000001
Person 763.52 410.056125 792.32 469.00175700000005
Person 769.92 217.842167 780.8 242.83040499999998
Person 778.24 495.27130300000005 823.68 540.121181
Person 780.8 411.337433 809.6 476.690288
Person 782.08 212.71693499999998 791.04 242.83040499999998
Person 787.2 415.18204 812.16 431.84041
Person 792.32 215.279551 805.76 244.11171300000004
Person 804.48 215.279551 817.28 240.267106
Person 809.6 407.49350899999996 826.24 430.559102
Person 873.6 430.559102 906.88 452.984041
Person 880.64 445.29551 1014.4 593.940898
Person 908.16 411.337433 938.24 456.828648
Person 947.2 391.475793 973.44 417.74465599999996
Person 978.56 372.894778 1023.36 465.15783300000004
