Person 177.89907 725.12 221.41356 845.44
Person 210.53476999999998 176.0 433.22803 258.56
Person 223.33311 559.36 389.07369 721.92
Person 249.57030999999998 716.8 282.84653000000003 817.92
Person 266.84827 786.56 303.32374 844.16
Person 310.36276 436.48 329.56094 494.72
Person 324.44147 779.52 367.95596 830.08
Person 340.43906000000004 809.6 373.71528000000006 903.68
Person 355.79747 671.36 410.19075000000004 767.36
Person 385.87377000000004 609.92 422.34924 704.64
Person 434.5084 821.76 488.90168 949.12
Person 441.54742 928.64 504.89993999999996 1022.72
Person 504.89993999999996 739.2 548.4144299999999 867.2
Person 531.13647 896.64 577.85088 1023.36
Person 557.37367 721.92 604.08808 853.12
Person 609.8474 860.16 669.3601500000001 1005.44
