Person 60.756992000000004 467.51222700000005 88.747008 511.19277300000005
Person 64.852992 188.37 242.34700800000002 299.617227
Person 81.92 509.145273 114.00499199999999 655.8822270000001
Person 86.016 468.8775 114.00499199999999 515.287773
Person 95.572992 513.240273 142.67699199999998 666.802773
Person 104.448 460.00527300000005 116.736 486.622773
Person 109.908992 455.910273 122.88 483.89222699999993
Person 116.736 461.36972699999995 128.340992 486.622773
Person 116.736 526.2075 166.571008 666.802773
Person 131.072 464.100273 140.62899199999998 486.622773
Person 140.62899199999998 464.100273 153.6 481.1625
Person 142.67699199999998 542.5875 197.291008 682.499727
Person 144.04300800000001 506.414727 176.128 541.222227
Person 152.235008 578.077227 207.531008 693.4202730000001
Person 157.696 501.63750000000005 194.56 543.952773
Person 161.792 520.065 189.099008 552.825
Person 169.30099199999998 610.837227 263.508992 724.815
Person 170.667008 498.907773 198.656 535.762773
Person 174.763008 513.240273 214.356992 572.6177729999999
Person 182.95500800000002 513.240273 211.62700800000002 551.4597269999999
Person 194.56 569.887227 232.78899199999998 628.5825
Person 198.656 515.97 242.34700800000002 591.0452730000001
Person 204.11699199999998 500.272227 228.692992 535.762773
Person 221.184 461.36972699999995 231.424 482.527773
Person 221.184 183.592773 277.844992 346.0275
Person 222.548992 498.907773 249.856 533.032227
Person 228.692992 515.97 275.115008 578.077227
Person 231.424 458.64000000000004 240.980992 482.527773
Person 232.78899199999998 562.380273 284.672 631.995273
Person 245.076992 454.545 267.604992 475.70222700000005
Person 248.491008 498.907773 275.115008 541.222227
Person 248.491008 599.235273 314.70899199999997 699.562773
Person 253.952 182.2275 296.276992 313.2675
Person 256.68300800000003 510.509727 305.835008 579.4425
Person 258.048 555.554727 314.70899199999997 617.662773
Person 279.211008 503.002773 309.931008 572.6177729999999
Person 280.576 498.907773 296.276992 537.127227
Person 283.307008 492.08222699999993 311.979008 528.937227
Person 286.036992 192.46499999999997 383.65900800000003 254.57222699999997
Person 294.912 583.5375 350.891008 681.135273
Person 297.643008 511.875 344.064 580.807773
Person 299.008 565.1099999999999 342.699008 651.105
Person 311.979008 497.5425 326.996992 528.937227
Person 321.536 506.414727 359.764992 578.077227
Person 325.632 490.717773 354.304 526.2075
Person 337.236992 551.4597269999999 379.563008 647.01
Person 338.603008 493.44750000000005 382.29299199999997 561.0150000000001
Person 359.764992 545.317227 372.052992 579.4425
Person 361.131008 490.717773 383.65900800000003 518.699727
Person 365.227008 555.554727 404.820992 648.375273
Person 369.323008 517.335273 402.091008 556.9200000000001
Person 370.688 496.17722699999996 406.187008 534.3974999999999
Person 378.19699199999997 530.3025 417.792 579.4425
Person 389.12 490.717773 415.744 534.3974999999999
Person 393.216 458.64000000000004 404.820992 479.797227
Person 394.580992 559.649727 440.32 645.644727
Person 408.916992 485.25750000000005 421.888 514.604727
Person 410.283008 509.145273 432.811008 573.9822270000001
Person 410.283008 101.69277300000002 587.092992 279.825273
Person 413.012992 227.2725 453.972992 340.567227
Person 421.888 511.875 449.876992 562.380273
Person 424.619008 486.622773 443.051008 522.7947270000001
Person 436.907008 497.5425 456.704 537.127227
Person 441.68499199999997 571.2525 488.107008 657.2475
Person 444.416 493.44750000000005 471.04 534.3974999999999
Person 452.608 479.11499999999995 477.867008 509.145273
Person 453.972992 458.64000000000004 476.500992 483.89222699999993
Person 453.972992 503.002773 485.376 627.217227
Person 468.308992 457.274727 482.644992 486.622773
Person 468.308992 496.17722699999996 494.932992 524.16
Person 475.136 503.002773 523.604992 657.2475
Person 481.28 457.274727 497.664 492.765273
Person 499.028992 207.47972699999997 548.864 323.505
Person 512.0 492.08222699999993 547.499008 637.4547269999999
Person 520.192 542.5875 583.68 652.470273
Person 524.971008 496.17722699999996 554.324992 539.8577730000001
Person 526.336 224.54277299999998 561.152 334.424727
Person 544.768 490.717773 574.123008 527.572773
Person 555.691008 213.62222699999998 591.188992 328.965273
Person 559.787008 496.17722699999996 592.555008 535.762773
Person 559.787008 80.534727 660.139008 137.1825
Person 571.392 559.649727 615.0830080000001 665.4375
Person 576.852992 493.44750000000005 593.92 517.335273
Person 579.584 490.717773 608.256 510.509727
Person 579.584 214.9875 626.004992 341.9325
Person 582.315008 192.46499999999997 603.476992 223.1775
Person 591.188992 545.317227 627.371008 596.504727
Person 593.92 578.077227 648.532992 679.77
Person 595.284992 146.05472699999999 613.716992 186.32250000000002
Person 596.651008 497.5425 624.64 531.667773
Person 599.380992 200.655 621.908992 240.23972700000002
Person 606.208 490.717773 629.419008 522.1125
Person 608.256 118.755 630.784 155.61
Person 610.9870080000001 75.075273 661.504 105.104727
Person 613.716992 554.190273 645.803008 603.3302729999999
Person 616.448 498.907773 657.408 578.077227
Person 627.371008 502.319727 665.6 537.127227
Person 629.419008 98.962227 640.340992 116.02527300000001
Person 630.784 116.02527300000001 648.532992 147.42
Person 634.88 130.357773 657.408 196.56
Person 636.244992 490.717773 650.580992 528.937227
Person 636.244992 97.597773 653.312 127.627227
Person 636.244992 582.172227 686.763008 686.594727
Person 641.707008 555.554727 681.300992 607.425273
Person 647.168 492.08222699999993 671.744 524.842227
Person 665.6 490.717773 695.636992 528.937227
Person 669.696 486.622773 692.907008 527.572773
Person 673.108992 590.362227 726.356992 692.055
Person 675.84 500.955273 698.368 539.8577730000001
Person 675.84 556.9200000000001 714.068992 620.3924999999999
Person 679.936 209.52722699999998 973.483008 351.487773
Person 681.300992 511.875 719.531008 573.9822270000001
Person 690.859008 546.6825 723.627008 593.092773
Person 701.099008 567.8397269999999 760.491008 635.407227
Person 702.464 610.155 751.616 692.055
Person 703.828992 492.08222699999993 724.992 531.667773
Person 703.828992 489.3525 744.788992 539.8577730000001
Person 710.656 507.78 754.347008 583.5375
Person 722.260992 458.64000000000004 737.9630080000001 494.129727
Person 730.452992 603.3302729999999 793.9409919999999 706.3875
Person 736.596992 494.812773 760.491008 535.762773
Person 743.424 569.2049999999999 764.587008 606.06
Person 752.980992 506.414727 768.683008 538.4925
Person 756.395008 503.685 788.48 585.5849999999999
Person 759.124992 569.2049999999999 805.547008 641.549727
Person 760.491008 465.464727 778.923008 494.129727
Person 771.412992 465.464727 787.115008 492.765273
Person 781.652992 509.145273 800.0849919999999 535.762773
Person 781.652992 530.3025 811.008 600.599727
Person 785.748992 595.140273 847.872 723.449727
Person 791.211008 515.97 823.979008 552.825
Person 798.72 503.685 819.883008 530.3025
Person 800.0849919999999 528.937227 845.140992 623.122227
Person 809.643008 469.559727 822.612992 495.495
Person 822.612992 510.509727 836.267008 541.222227
Person 830.804992 524.842227 862.208 569.887227
Person 833.536 474.33777299999997 853.332992 511.875
Person 838.996992 514.604727 858.795008 533.032227
Person 841.044992 603.3302729999999 923.648 741.195
Person 846.507008 547.364727 899.755008 623.122227
Person 850.603008 464.100273 864.9390080000001 487.98722699999996
Person 851.968 509.145273 890.196992 569.887227
Person 886.100992 534.3974999999999 932.523008 686.594727
Person 892.928 474.33777299999997 909.995008 513.9224999999999
Person 898.388992 522.7947270000001 955.051008 669.5325
Person 909.995008 475.70222700000005 927.0609919999999 518.0174999999999
Person 929.792 475.70222700000005 946.859008 515.287773
Person 952.32 462.73499999999996 964.608 487.98722699999996
Person 965.972992 464.100273 973.483008 489.3525
