Person 543.36 435.200256 631.68 756.48
Person 4.48 419.840256 37.76 593.28
Person 51.2 448.640256 136.96 709.119744
Person 123.52 422.40000000000003 160.64 508.160256
Person 151.68 411.519744 199.04 503.04
Person 172.8 401.28 228.48 504.320256
Person 190.08 376.32 279.68 499.20000000000005
Person 381.44 444.800256 446.72 529.280256
Person 462.08 382.719744 515.2 521.600256
Person 659.2 368.00025600000004 703.36 528.0
Person 707.2 369.279744 749.44 521.600256
Person 755.84 377.600256 811.52 568.959744
Person 811.52 371.840256 856.32 549.12
Person 846.08 341.76 892.16 535.040256
Person 885.76 369.279744 926.72 529.280256
Person 930.56 359.04 950.4 497.91974400000004
Person 950.4 349.44 977.92 485.76
Person 979.2 357.759744 1023.36 586.239744
