Person 593.28 372.101301 680.96 573.202032
Person 5.12 275.393391 102.4 637.887627
Person 85.12 406.685253 133.76 600.741297
Person 110.08 401.56197899999995 177.92 586.6519229999999
Person 172.8 364.41564900000003 247.68 593.056386
Person 230.4 390.674466 297.6 585.370734
Person 296.32 31.382091 513.92 669.269718
Person 312.32 359.292375 350.08 590.4947490000001
Person 456.32 349.045086 492.8 581.527908
Person 960.0 350.325534 1023.36 552.7081949999999
Person 1003.52 272.831754 1023.36 555.2698320000001
