Person 518.724608 166.01050800000002 582.12352 398.681105
Person 209.411072 220.49234900000002 246.5536 278.179725
Person 230.54438399999998 217.287928 292.663296 283.30746700000003
Person 231.82438399999998 263.437049 304.190464 409.577696
Person 456.605696 200.622488 491.8272 235.875575
Person 565.4732799999999 196.77696000000003 673.0608639999999 398.681105
Person 692.273152 170.49714299999997 784.490496 440.985255
Person 768.4802559999999 192.930875 837.003264 399.963319
Person 870.944768 218.569585 940.7477759999999 389.707835
Person 929.861632 198.058617 1003.507712 392.271706
