Person 19.2 388.66851800000006 199.04 526.334634
Person 30.08 696.6574860000001 958.08 796.545666
Person 182.4 607.6543340000001 202.24 640.3102439999999
Person 210.56 566.0338459999999 499.84 674.246454
Person 252.8 357.93305799999996 261.76 386.107092
Person 263.04 356.012608 272.64 382.905516
Person 455.68 537.860638 478.72 569.2354220000001
Person 499.84 644.15197 517.12 672.9661540000001
Person 528.0 594.84803 583.68 680.009456
Person 586.24 631.3456659999999 603.52 675.526754
Person 610.56 620.460638 634.88 655.677148
Person 650.24 661.44015 670.08 691.534634
Person 652.8 332.321276 983.68 535.299212
Person 701.44 655.677148 720.0 694.09606
Person 714.24 621.7409379999999 734.08 660.15985
Person 753.92 646.0732459999999 776.32 695.3763600000001
Person 837.76 669.7645779999999 858.88 719.708668
Person 884.48 728.673246 915.84 777.97636
