Person 0.0 477.66463999999996 115.84 677.43912
Person 7.04 430.28224 87.04 605.08508
Person 7.04 261.24308 102.4 434.76480000000004
Person 128.64 437.32568 198.4 541.0549199999999
Person 163.2 245.23520000000002 264.32 362.41076
Person 170.88 295.17916 294.4 537.2129199999999
Person 248.32 254.8402 312.32 423.87936
Person 298.24 332.31668 404.48 469.98132
Person 313.6 259.96264 468.48 421.31847999999997
Person 350.72 248.43664 409.6 304.78348
Person 423.04 286.21472 490.88 372.65563999999995
Person 426.88 350.24488 564.48 485.98852
Person 433.28 258.68152 475.52 313.74791999999997
Person 460.8 281.09228 497.28 351.52532
Person 480.64 263.80396 556.8 361.12963999999994
Person 500.48 321.43124 548.48 368.81364
Person 520.96 257.40108 568.32 356.0072
Person 558.08 379.6984 737.92 605.08508
Person 693.12 270.20684 740.48 328.47468
Person 709.12 358.56876 895.36 679.35944
Person 800.64 262.52351999999996 842.88 315.02836
Person 840.32 223.465 920.32 320.15080000000006
Person 876.8 217.70268000000002 921.6 317.58924
Person 901.76 238.83231999999998 963.2 356.0072
Person 929.28 292.6176 1023.36 477.66463999999996
Person 945.28 233.70987999999997 1011.84 333.59712
