Person 0.0 209.332975 17.291264 238.14029999999997
Person 0.0 254.14399999999998 44.827647999999996 277.19005
Person 0.0 271.428775 297.145344 474.35970000000003
Person 0.0 164.521475 1023.36 474.35970000000003
Person 5.764096 185.0068 19.852288 207.41254999999998
Person 8.32512 173.48377499999998 16.01024 182.44607499999998
Person 19.852288 173.48377499999998 28.177408000000003 183.7262
Person 19.852288 207.41254999999998 59.556864000000004 233.65915
Person 22.414336 195.249225 35.862528000000005 209.97327499999997
Person 34.581503999999995 170.92305 43.547647999999995 181.16595
Person 39.704576 181.16595 78.769152 208.692675
Person 44.827647999999996 168.36232499999997 51.231744 182.44607499999998
Person 44.827647999999996 232.37855000000002 83.252224 257.345025
Person 47.389696 287.432475 146.01113600000002 322.641375
Person 48.67072 254.7843 109.50860800000001 284.87175
Person 53.793792 168.36232499999997 60.837888 182.44607499999998
Person 62.118912 209.97327499999997 102.464512 238.780125
Person 68.52300799999999 176.0445 139.60703999999998 219.5754
Person 83.252224 233.65915 117.19372800000001 253.50417500000003
Person 93.498368 275.269625 105.02553600000002 293.83405
Person 109.50860800000001 246.4623 157.538304 273.98902499999997
Person 124.877824 276.54975 139.60703999999998 292.553925
Person 127.439872 182.44607499999998 153.696256 206.13195000000002
Person 148.573184 243.90157500000004 206.209024 265.0272
Person 156.25728 192.048675 202.366976 241.98115
Person 157.538304 313.679075 233.74643199999997 345.04712499999994
Person 195.96288 263.74660000000006 210.05107200000003 276.54975
Person 206.209024 186.92722500000002 260.002816 253.50417500000003
Person 211.332096 257.345025 226.06131200000002 275.269625
Person 212.61312 257.985325 220.93823999999998 272.70889999999997
Person 233.74643199999997 270.14817500000004 248.475648 296.394775
Person 235.66745600000002 274.629325 245.9136 293.194225
Person 253.59872000000001 185.0068 284.97817599999996 211.2534
Person 257.440768 336.084825 313.796608 366.172275
Person 261.282816 238.780125 283.697152 254.7843
Person 263.84486400000003 212.53352500000003 300.98841600000003 238.780125
Person 272.169984 370.65342499999997 468.77286399999997 474.35970000000003
Person 282.41612799999996 237.5 317.638656 257.985325
Person 283.697152 187.567525 334.928896 221.495825
Person 303.54944 318.80052500000005 318.91967999999997 341.206275
Person 307.392512 316.88009999999997 315.717632 344.406825
Person 313.796608 225.33714999999998 342.614016 257.985325
Person 317.638656 325.20210000000003 329.80582400000003 343.767
Person 317.638656 197.80995000000001 359.90528 225.33714999999998
Person 338.771968 163.881175 387.441664 205.492125
Person 340.052992 241.34084999999996 406.013952 268.86805000000004
Person 347.73708799999997 200.370675 420.10214400000007 246.4623
Person 352.22016 356.57014999999996 482.86208 394.9796
Person 358.624256 268.22774999999996 368.8704 284.231925
Person 363.747328 266.307325 402.811904 288.713075
Person 370.151424 268.22774999999996 382.31859199999997 284.231925
Person 381.038592 163.881175 441.23545599999994 205.492125
Person 384.88063999999997 272.70889999999997 395.126784 285.51205
Person 416.260096 218.9351 448.920576 249.02302500000002
Person 417.54112000000003 252.86387499999998 468.77286399999997 268.22774999999996
Person 432.27033600000004 201.010975 500.15232000000003 224.69685
Person 438.674432 272.0686 442.51648 293.194225
Person 443.797504 161.32092500000002 502.714368 199.73037500000004
Person 445.078528 277.83035 456.605696 293.194225
Person 452.762624 218.9351 491.1872 250.30315000000002
Person 454.043648 373.21415 609.020928 474.35970000000003
Person 462.368768 275.269625 477.739008 294.47435
Person 471.33491200000003 249.66285000000002 528.970752 269.507875
Person 481.58105599999993 366.172275 621.188096 402.66177500000003
Person 496.310272 226.617275 531.5317759999999 247.1026
Person 502.714368 201.65079999999998 534.093824 226.617275
Person 505.275392 172.843475 537.935872 202.9314
Person 507.83744 273.98902499999997 518.724608 290.6335
Person 527.6897280000001 247.1026 586.606592 265.667025
Person 532.8128 220.85600000000002 573.7984 247.1026
Person 535.374848 200.370675 569.9563519999999 223.41625
Person 537.935872 179.24505 568.675328 205.492125
Person 539.85792 171.56335 544.980992 181.805775
Person 550.104064 159.40050000000002 556.50816 172.843475
Person 556.50816 163.24134999999998 564.1922559999999 172.843475
Person 569.9563519999999 161.96075 576.360448 171.56335
Person 573.7984 194.608925 626.311168 215.73454999999998
Person 576.360448 179.24505 623.7501440000001 200.370675
Person 577.641472 160.680625 584.0445440000001 168.36232499999997
Person 577.641472 211.8937 632.7152639999999 226.617275
Person 580.202496 225.33714999999998 601.335808 251.58374999999998
Person 590.4486400000001 244.54187499999998 623.7501440000001 269.507875
Person 602.616832 344.406825 895.279104 474.35970000000003
Person 621.188096 247.1026 645.523456 266.947625
Person 627.592192 186.92722500000002 669.217792 225.33714999999998
Person 635.277312 321.36125 652.567552 351.4487
Person 640.400384 220.85600000000002 674.981888 240.70102500000002
Person 645.523456 252.86387499999998 678.823936 266.947625
Person 650.006528 234.29897499999998 677.543936 251.58374999999998
Person 653.848576 359.7707 739.021824 398.820925
Person 669.217792 275.269625 678.823936 294.47435
Person 669.217792 190.768075 699.3172480000001 206.77225
Person 670.498816 208.052375 701.2382719999999 230.45812500000002
Person 685.228032 227.8974 721.731584 257.985325
Person 689.071104 252.86387499999998 794.0966400000001 310.47852500000005
Person 699.3172480000001 210.6131 724.292608 230.45812500000002
Person 703.80032 188.20735000000002 721.731584 206.77225
Person 715.327488 302.79634999999996 741.5838719999999 327.762825
Person 716.607488 302.79634999999996 730.056704 329.04295
Person 720.45056 189.48795 765.2782080000001 211.8937
Person 723.011584 227.8974 744.144896 249.66285000000002
Person 730.056704 210.6131 758.874112 233.01885000000001
Person 742.863872 352.7293 801.780736 384.096875
Person 745.42592 224.69685 791.534592 252.223575
Person 757.593088 338.64554999999996 770.4012799999999 359.7707
Person 760.1551360000001 204.85182500000002 801.780736 225.97697499999998
Person 775.5243519999999 319.44082499999996 782.569472 351.4487
Person 775.5243519999999 188.84765 800.5007360000001 206.13195000000002
Person 776.805376 274.629325 866.4616960000001 325.8424
Person 782.569472 220.85600000000002 859.4176 264.38689999999997
Person 801.780736 206.13195000000002 838.924288 225.97697499999998
Person 803.0617599999999 284.87175 906.806272 342.4864
Person 805.623808 188.84765 841.4863359999999 207.41254999999998
Person 834.441216 204.21152499999997 891.4370560000001 223.41625
Person 838.924288 184.3665 867.74272 201.65079999999998
Person 846.609408 234.29897499999998 877.988864 274.629325
Person 874.1468160000001 227.8974 918.974464 272.0686
Person 876.70784 280.39107500000006 1023.36 474.35970000000003
Person 879.269888 184.3665 921.5354880000001 206.77225
Person 892.7180800000001 206.77225 946.511872 235.57957499999998
Person 901.6832 226.617275 933.0636800000001 252.86387499999998
Person 905.5262720000001 296.394775 946.511872 323.92197500000003
Person 922.8165119999999 176.6848 930.5016320000001 189.48795
Person 926.659584 185.6471 979.1723519999999 225.33714999999998
Person 952.915968 174.124075 1023.36 256.704725
Person 963.1621119999999 245.822 1023.36 315.5995
Person 971.4872320000001 177.96492500000002 1011.832832 204.21152499999997
