Person 0.0 0.0 1023.36 378.24
Person 44.8 495.99974399999996 91.52 641.28
Person 263.04 482.559744 353.28 571.520256
Person 302.72 406.400256 341.12 476.15999999999997
Person 311.04 481.280256 396.8 580.479744
Person 390.4 399.36 428.8 472.32
Person 482.56 641.28 590.08 767.360256
Person 514.56 476.15999999999997 580.48 587.52
Person 584.32 490.88025600000003 661.12 669.440256
Person 645.12 449.91974400000004 706.56 528.0
Person 654.72 478.719744 703.36 628.479744
Person 672.0 499.839744 740.48 669.440256
Person 698.24 362.240256 744.32 436.479744
Person 782.72 362.240256 822.4 427.520256
Person 834.56 633.5999999999999 951.04 767.360256
Person 920.32 536.960256 1013.12 653.439744
