Person 60.8 181.119744 124.16 267.519744
Person 132.48 179.840256 202.24 263.04
Person 228.48 200.960256 301.44 342.399744
Person 231.68 260.480256 370.56 567.680256
Person 373.12 272.64 538.24 588.800256
Person 396.8 247.68 513.28 355.839744
Person 473.6 240.63974399999998 522.24 337.280256
Person 509.44 244.47974399999998 564.48 328.32
Person 526.08 277.760256 741.76 631.040256
Person 536.96 195.84 576.64 227.840256
Person 545.92 240.63974399999998 596.48 320.00025600000004
Person 596.48 235.52025600000002 669.44 303.99974399999996
Person 616.32 178.56 663.68 275.199744
Person 628.48 227.840256 662.4 279.03974400000004
Person 664.96 200.960256 703.36 256.640256
Person 668.16 234.24 727.68 288.63974399999995
Person 704.64 264.320256 870.4 561.920256
Person 752.64 232.959744 792.32 285.44025600000003
Person 810.88 225.920256 942.72 452.480256
