Person 481.04755199999994 416.256334 540.372992 558.015384
Person 96.724992 470.38257799999997 131.54611200000002 506.466516
Person 198.60992 442.03076799999997 254.06566400000003 610.85294
Person 223.11321600000002 420.12239800000003 257.934336 503.88914
Person 265.672704 425.27714999999995 310.810624 543.839142
Person 285.01811200000003 380.17239599999994 305.652736 427.854526
Person 309.521408 375.01697 324.99712 414.967646
Person 330.156032 387.904524 346.921984 417.545022
Person 426.88204800000005 309.292534 581.64224 484.558146
Person 582.9324799999999 347.95384800000005 610.0152320000001 417.545022
Person 691.264512 346.66515999999996 728.665088 409.812894
Person 693.843968 313.15859800000004 755.74784 380.17239599999994
Person 804.755456 320.890726 1007.234048 425.27714999999995
Person 920.825856 355.68665 977.5718400000001 461.361088
Person 972.412928 360.841402 1013.682176 456.206336
