Person 3.2 353.41124999999994 340.799488 746.802
Person 94.400512 151.91925 121.6 209.48850000000002
Person 115.2 294.24299999999994 305.60051200000004 630.06375
Person 185.6 289.44525 312.000512 521.322
Person 238.399488 246.2685 395.200512 452.55824999999993
Person 278.4 247.8675 358.4 342.2175
Person 391.999488 147.12149999999997 497.60051200000004 342.2175
Person 478.39948799999996 145.5225 568.000512 305.43674999999996
Person 513.599488 147.12149999999997 643.2 284.64825
Person 620.8 279.8505 750.400512 486.14099999999996
Person 643.2 297.441 871.999488 601.2795
Person 758.4 158.31525 817.599488 231.876
Person 772.799488 319.82925 1022.4005119999999 740.4052499999999
Person 785.599488 167.91075 880.0 289.44525
Person 944.0 175.9065 1017.6 303.83775
