Person 0.0 0.0 512.0 1022.4005119999999
Person 302.39948799999996 702.400512 388.799488 891.2005119999999
Person 398.39948799999996 702.400512 484.799488 942.4005119999999
Person 518.4 745.6 726.4 868.7994880000001
Person 524.8 711.999488 603.200512 952.000512
Person 539.200512 334.39948799999996 700.8 739.2
Person 694.4 699.200512 792.000512 932.7994880000001
Person 937.6 747.200512 967.999488 817.599488
Person 974.4005119999999 747.200512 1006.4005119999999 820.799488
Person 999.999488 711.999488 1022.4005119999999 939.2005119999999
