Person 225.28 346.859058 296.32 515.808696
Person 142.72 390.37638899999996 205.44 495.329952
Person 325.12 391.656642 350.08 508.769625
Person 337.92 391.656642 371.2 495.329952
Person 357.76 344.93901 402.56 502.369686
Person 405.12 337.899276 444.8 524.1286829999999
Person 437.76 331.5 466.56 495.329952
Person 440.32 312.941304 488.96 511.32946799999996
Person 477.44 290.542512 529.92 520.288587
Person 494.08 267.503925 576.0 537.567693
Person 567.68 296.301993 617.6 453.73266900000004
Person 597.76 267.503925 705.28 529.888164
Person 683.52 301.421679 723.84 435.17397300000005
Person 717.44 238.06539899999999 828.8 551.646498
Person 819.84 251.505072 923.52 542.687379
Person 869.76 277.743297 926.08 541.4071260000001
Person 941.44 394.216485 976.0 495.329952
Person 967.68 397.41612299999997 999.68 499.170048
Person 1006.08 397.41612299999997 1023.36 503.649276
