Person 0.0 466.56000000000006 26.88 513.2797439999999
Person 29.44 446.72025600000006 83.2 595.2
Person 48.0 400.640256 66.56 445.43999999999994
Person 66.56 467.840256 94.08 495.99974399999996
Person 67.84 499.839744 169.6 723.2002560000001
Person 83.2 396.800256 97.92 441.59999999999997
Person 97.92 452.480256 116.48 502.400256
Person 119.04 449.91974400000004 144.0 501.12
Person 142.72 407.04 167.04 449.91974400000004
Person 142.72 462.72 168.32 502.400256
Person 160.0 451.20000000000005 183.68 499.839744
Person 169.6 445.43999999999994 202.24 513.2797439999999
Person 192.0 407.04 209.28 444.159744
Person 198.4 455.04 218.24 494.72025600000006
Person 731.52 411.519744 762.24 460.160256
Person 767.36 415.359744 800.64 457.599744
Person 807.04 419.199744 833.28 467.840256
Person 830.72 412.79999999999995 858.24 472.32
Person 919.68 415.359744 952.32 504.96
Person 920.96 391.68 947.2 430.08000000000004
Person 943.36 378.24 973.44 433.91999999999996
Person 945.92 466.56000000000006 1018.88 716.7997439999999
Person 989.44 416.64 1020.16 473.60025599999994
