Person 304.64 520.3199999999999 380.8 706.5600000000001
Person 0.0 531.84 42.24 719.360256
Person 12.8 510.72 56.32 670.719744
Person 81.92 513.2797439999999 138.24 626.559744
Person 247.04 510.72 270.72 555.519744
Person 360.96 514.5600000000001 382.08 584.319744
Person 394.88 515.840256 408.32 563.199744
Person 458.88 508.79999999999995 732.8 606.72
Person 708.48 124.160256 715.52 146.559744
Person 715.52 129.279744 724.48 146.559744
Person 725.76 121.599744 731.52 146.559744
Person 725.76 536.960256 808.96 767.360256
Person 755.2 111.99974399999999 760.32 125.439744
