Person 551.04 444.800256 604.16 575.360256
Person 149.12 443.52 183.04 615.680256
Person 199.04 474.24 228.48 565.119744
Person 257.28 444.800256 283.52 561.2797439999999
Person 299.52 442.23974400000003 327.68 567.680256
Person 321.92 442.23974400000003 344.32 581.1202559999999
Person 371.2 353.919744 422.4 408.96
Person 479.36 455.679744 507.52 567.680256
Person 497.92 451.20000000000005 528.64 554.88
Person 516.48 443.52 551.04 550.400256
Person 619.52 443.52 659.2 541.4399999999999
Person 737.28 458.24025600000004 770.56 556.160256
Person 817.92 467.199744 851.2 599.679744
Person 846.08 464.64 864.64 597.12
Person 881.92 480.63974399999995 918.4 586.239744
Person 896.0 521.600256 939.52 602.240256
