Person 12.16 185.78565300000002 192.0 458.697765
Person 16.0 148.62825 74.88 226.145799
Person 84.48 105.705501 112.0 143.503044
Person 114.56 122.36208 164.48 181.30126800000002
Person 156.16 146.06564699999998 193.28 202.442232
Person 173.44 222.302235 250.88 340.82007
Person 200.96 87.12714 214.4 108.268104
Person 203.52 233.833608 405.76 500.98037400000004
Person 215.68 122.36208 313.6 352.352124
Person 241.92 76.235907 252.16 104.42454000000001
Person 265.6 72.392343 283.52 124.924683
Person 309.76 205.00483499999999 401.92 326.08527300000003
Person 311.04 264.584163 465.92 415.134195
Person 350.72 68.548779 370.56 115.95591300000001
Person 376.96 206.28579599999998 425.6 270.99033000000003
Person 399.36 221.02059300000002 453.12 307.50691200000006
Person 424.32 71.110701 437.12 96.09590999999999
Person 424.32 265.865805 489.6 365.1644580000001
Person 439.68 72.392343 459.52 92.252346
Person 463.36 288.28773 538.24 443.962968
Person 471.04 198.59798700000002 560.64 349.78952100000004
Person 483.2 74.954946 503.04 114.674271
Person 506.88 72.392343 518.4 114.674271
Person 517.12 310.06951499999997 600.96 493.933386
Person 519.68 133.25331300000002 558.08 207.567438
Person 533.12 67.267137 549.76 102.50207700000001
Person 577.92 484.96393500000005 821.76 680.359179
Person 583.04 344.664315 688.0 502.26133500000003
Person 610.56 201.16058999999998 680.96 356.19568799999996
Person 634.24 78.15837 657.92 138.377838
Person 664.32 377.336652 779.52 522.762159
Person 679.68 87.12714 700.8 147.34728900000002
Person 699.52 84.564537 728.32 148.62825
Person 727.04 90.97070399999998 748.16 148.62825
Person 739.2 243.443199 816.64 422.18186399999996
Person 752.0 106.98714299999999 792.96 207.567438
Person 837.12 112.111668 858.24 172.33181700000003
Person 855.68 102.50207700000001 885.76 123.643722
Person 862.08 122.36208 914.56 227.42744100000002
Person 925.44 211.411002 977.92 354.27390600000007
Person 933.12 101.221116 956.8 178.738665
Person 984.32 221.661414 1023.36 397.83747600000004
