Person 908.9996800000001 142.99991500000002 997.000192 496.00028000000003
Person 0.0 353.99978000000004 69.999616 683.9999
Person 115.00032 138.0001 241.000448 672.0000699999999
Person 366.00012799999996 152.00013 451.999744 586.99979
Person 453.00019199999997 160.99966 513.999872 526.999955
Person 469.00019199999997 160.99966 510.000128 251.999855
Person 494.000128 160.000245 554.0003839999999 262.00016999999997
Person 496.0 148.99983 643.9997440000001 639.000195
Person 616.999936 155.999845 645.9996160000001 215.99968
Person 625.000448 140.0003 737.999872 588.99999
Person 647.000064 176.99989000000002 666.0003839999999 203.99984999999998
Person 702.999552 172.00007499999998 764.0002559999999 535.00007
Person 755.00032 176.99989000000002 796.0002559999999 469.99973500000004
Person 792.999936 209.999765 826.999808 427.999645
Person 801.000448 167.99967500000002 835.9997440000001 394.99977
Person 835.00032 177.99998999999997 883.999744 398.00007000000005
Person 856.000512 169.999875 917.000192 360.999795
