Person 0.0 353.919744 164.48 515.199744
Person 0.0 348.159744 938.88 575.360064
Person 312.32 436.480128 345.6 575.360064
Person 350.72 464.00025600000004 385.92 575.360064
Person 479.36 410.239872 508.16 511.36012800000003
Person 554.24 359.039808 807.04 505.60012800000004
Person 597.12 516.480192 657.92 575.360064
Person 665.6 528.000192 745.6 575.360064
Person 791.68 451.83974399999994 841.6 575.360064
Person 847.36 260.479872 933.76 312.95980799999995
Person 905.6 407.680128 940.8 517.7600639999999
