Person 858.24 451.702733 1020.16 683.0
Person 0.0 445.936164 125.44 682.3593460000001
Person 0.0 356.877062 1023.36 682.3593460000001
Person 99.2 468.36110299999996 296.32 682.3593460000001
Person 193.92 523.462128 608.64 682.3593460000001
Person 317.44 189.65134199999997 359.04 265.89599799999996
Person 596.48 178.11820400000002 625.92 226.812689
Person 687.36 171.710981 723.84 234.50122000000002
Person 734.72 170.429673 785.92 230.65661300000002
Person 739.84 504.881796 914.56 682.3593460000001
Person 784.64 167.867057 819.84 234.50122000000002
Person 876.16 167.867057 917.12 239.626452
