Person 324.948992 445.005 372.736 573.3195599999999
Person 299.008 417.70410000000004 318.80499199999997 466.16328000000004
Person 354.304 484.59180000000003 398.676992 567.17694
Person 363.179008 414.97434 468.308992 520.08264
Person 471.04 432.03732 494.932992 498.92436
Person 490.836992 426.57714000000004 518.827008 487.32156
Person 522.24 416.33921999999995 702.464 617.001
Person 698.368 484.59180000000003 743.424 597.8907
Person 768.0 460.02065999999996 800.768 491.41686
Person 783.019008 497.55947999999995 803.499008 595.16028
Person 884.052992 500.97234 937.984 565.1289599999999
Person 901.12 564.44652 989.184 621.0962999999999
