Person 687.36 462.72 815.36 645.759744
Person 186.24 537.5999999999999 256.0 644.480256
Person 256.0 562.5600000000001 348.8 640.640256
Person 344.96 526.719744 375.04 645.759744
Person 371.2 488.319744 533.76 618.24
Person 519.04 488.319744 554.88 567.680256
Person 547.2 501.75974399999996 574.72 563.840256
Person 576.0 485.76 598.4 557.439744
Person 579.84 529.280256 622.72 582.399744
Person 629.12 490.88025600000003 679.04 618.24
Person 786.56 503.04 888.32 613.119744
Person 876.16 468.48 936.96 614.4000000000001
