Person 903.68 202.97524 988.8 496.2334
Person 58.88 242.67431999999997 116.48 396.34616
Person 69.76 262.52351999999996 213.76 676.158
Person 204.8 202.33535999999998 372.48 676.158
Person 318.72 265.0844 424.96 393.78528000000006
Person 339.84 254.8402 373.76 323.99280000000005
Person 369.92 206.17668 558.72 679.35944
Person 473.6 232.42944 584.96 413.63448
Person 558.72 242.67431999999997 624.64 401.4686
Person 607.36 241.39388 656.0 384.82084
Person 611.2 223.465 798.72 478.94508
Person 793.6 231.14899999999997 855.68 467.41975999999994
Person 847.36 299.02047999999996 904.96 443.72855999999996
