Person 36.48 287.38027800000003 195.2 561.9597630000001
Person 128.0 55.043922 163.84 154.89090399999998
Person 130.56 288.660528 310.4 545.31822
Person 151.68 81.28563299999999 211.84 150.41059800000002
Person 163.84 52.483422 174.08 94.086426
Person 202.88 65.28478399999999 248.96 146.57041699999996
Person 222.72 279.059791 350.08 541.478039
Person 231.68 56.324172 288.0 157.45083499999998
Person 364.16 36.482572999999995 392.96 150.41059800000002
Person 386.56 80.005383 416.64 153.61065399999998
Person 398.72 35.202323 451.2 146.57041699999996
Person 449.92 33.922641999999996 480.0 157.45083499999998
Person 576.64 35.202323 713.6 147.850667
Person 808.96 44.162935000000004 846.08 151.690848
Person 844.8 41.603004 881.28 145.290167
Person 873.6 41.603004 907.52 141.449986
Person 910.08 39.042504 945.28 147.850667
