Person 677.12 396.11271 723.84 523.4576
Person 229.12 406.99150000000003 276.48 523.4576
Person 264.32 385.87377000000004 301.44 518.3381300000001
Person 286.72 392.27293999999995 339.2 523.4576
Person 335.36 396.11271 369.28 515.77873
Person 345.6 392.27293999999995 401.92 528.5770699999999
Person 395.52 389.71354 421.76 507.45934
Person 423.04 410.8312700000001 470.4 522.1779
Person 442.88 373.71528000000006 482.56 492.10093
Person 476.8 396.11271 531.84 522.1779
Person 505.6 390.99324 550.4 504.89993999999996
Person 533.12 392.27293999999995 584.32 511.93896
Person 570.24 380.7543 606.72 506.17964000000006
Person 606.72 399.9524799999999 645.12 518.3381300000001
Person 642.56 418.51014000000004 670.08 504.89993999999996
Person 726.4 405.7118 764.16 510.65926
Person 778.88 389.71354 817.92 506.17964000000006
Person 836.48 385.87377000000004 876.16 513.21866
