Person 76.8 184.971177 159.36 371.221953
Person 159.36 195.211374 222.08 327.69924299999997
Person 161.92 282.896934 245.76 367.381794
Person 219.52 184.971177 290.56 301.457589
Person 251.52 263.69545800000003 340.48 352.660617
Person 277.76 200.331813 327.04 279.056094
Person 305.28 200.331813 392.96 337.940121
Person 343.04 261.135579 465.28 347.54017799999997
Person 359.04 171.53028 412.8 246.414402
Person 392.96 200.331813 464.0 325.139364
Person 450.56 195.211374 516.48 267.535617
Person 474.24 261.135579 550.4 351.380337
Person 500.48 180.490878 526.72 234.893925
Person 522.88 188.811336 567.68 314.89848600000005
Person 560.64 182.410617 606.72 227.85306599999998
Person 566.4 263.69545800000003 645.12 347.54017799999997
Person 579.2 196.491654 657.92 298.89771
Person 626.56 150.409065 690.56 242.57424300000002
Person 648.96 267.535617 740.48 360.340935
Person 657.92 197.77193400000002 723.84 292.496991
Person 700.16 175.370439 744.32 237.453804
Person 725.12 200.331813 778.88 306.578028
Person 745.6 263.69545800000003 824.32 352.660617
Person 760.32 183.690897 803.84 240.01436399999997
Person 786.56 196.491654 851.84 321.298524
Person 839.04 267.535617 922.88 353.940897
Person 867.84 193.93109399999997 962.56 337.940121
