Person 0.0 249.374228 91.286528 478.89432899999997
Person 24.607744 208.07663300000002 692.1922559999999 682.205671
Person 354.033664 96.096734 423.094272 255.728177
Person 550.895616 139.776633 591.379456 209.665291
Person 595.34848 131.834709 652.502016 277.17096200000003
Person 654.09024 100.861342 702.5121280000001 283.524228
Person 822.3754240000001 164.396734 1023.2064 682.205671
Person 863.652864 102.45 913.6619519999999 204.10567099999997
Person 961.29024 50.828177 1007.330304 165.98470899999998
Person 989.0723839999999 84.183848 1023.2064 193.781443
