Person 848.0 183.73343999999997 967.68 499.986295
Person 64.0 230.467565 264.96 528.15418
Person 102.4 206.78026499999999 157.44 482.06052999999997
Person 110.08 29.448835000000003 197.76 147.24280500000003
Person 209.92 239.430105 304.0 483.340795
Person 449.92 173.49063500000003 582.4 508.30836000000005
Person 551.04 260.55619 607.36 473.09799
Person 615.04 214.46254000000002 738.56 501.90635000000003
Person 682.24 117.15418 760.96 194.61672
Person 693.76 219.58428500000002 822.4 524.313385
Person 759.68 129.317725 813.44 197.17725
Person 807.68 128.03746 862.08 197.17725
Person 904.96 83.224075 997.12 198.45819999999998
