Person 0.0 182.411731 35.2 313.620483
Person 315.52 136.32861799999998 457.6 380.82474
Person 451.2 145.929755 512.64 213.77384099999998
Person 507.52 176.01158999999998 608.64 314.90014099999996
Person 538.88 148.489688 584.96 216.333774
Person 566.4 152.32989600000002 602.88 218.89432399999998
Person 609.92 169.61083200000002 621.44 206.093425
Person 621.44 176.01158999999998 637.44 218.89432399999998
Person 643.84 173.45103999999998 656.64 211.21390799999998
Person 654.08 182.411731 671.36 222.094086
Person 688.64 170.891107 697.6 191.372422
Person 709.12 174.731315 717.44 202.253217
Person 721.92 155.530275 867.2 361.6237
