Person 0.0 350.48 11.984896 438.1
Person 65.17043199999999 374.444744 84.646912 435.10474400000004
Person 79.403008 361.713558 100.3776 468.055256
Person 95.133696 377.44000000000005 113.86060800000001 468.055256
Person 107.119616 374.444744 129.59232 471.79999999999995
Person 132.58854399999998 374.444744 149.067776 466.557628
Person 145.32300800000002 383.43118599999997 169.293824 466.557628
Person 162.551808 375.942372 187.271168 468.055256
Person 167.79468799999998 399.906442 250.943488 667.26
Person 169.293824 348.233558 185.02451200000002 383.43118599999997
Person 178.282496 382.682372 203.751424 449.333558
Person 187.271168 351.97762800000004 205.99808000000002 387.92474400000003
Person 214.23820800000001 355.722372 229.968896 392.41762800000004
Person 214.98777599999997 396.911186 263.677952 644.7935580000001
Person 229.968896 348.982372 245.699584 387.175256
Person 235.96236800000003 399.906442 280.906752 623.824744
Person 247.19872 350.48 261.431296 378.1888139999999
Person 282.40486400000003 351.228814 373.793792 664.264744
Person 344.579072 343.74 358.811648 380.435256
Person 357.313536 343.74 374.542336 402.90237199999996
Person 374.542336 345.23762800000003 382.782464 399.15762800000005
Person 381.284352 348.982372 390.274048 394.66474400000004
Person 390.274048 345.23762800000003 407.502848 399.906442
Person 402.258944 337.0 417.989632 399.15762800000005
Person 480.16384000000005 305.546442 501.138432 376.6911860000001
Person 532.599808 302.55118600000003 551.32672 378.1888139999999
Person 622.490624 337.0 641.96608 393.915256
Person 640.4679679999999 338.497628 660.692992 394.66474400000004
Person 662.192128 337.0 681.667584 396.162372
Person 683.915264 372.197628 719.8709759999999 517.4823719999999
Person 693.653504 354.22474400000004 737.099776 512.24
Person 695.9001599999999 337.0 713.12896 356.47118600000005
Person 709.384192 330.26 739.347456 408.14474400000006
Person 724.365312 346.735256 803.019776 630.5647439999999
Person 788.037632 352.726442 847.965184 592.371186
Person 856.9538560000001 354.22474400000004 895.1572480000001 437.35118600000004
Person 896.65536 352.726442 916.13184 422.373558
Person 910.887936 333.255256 934.858752 417.131186
Person 928.116736 342.242372 946.0951039999999 416.382372
Person 940.8512 334.004744 962.5753599999999 410.391186
