Person 781.896704 280.123158 882.834432 530.259054
Person 0.0 324.006708 33.645568 391.294818
Person 0.0 353.99329200000005 70.21670400000001 459.313812
Person 12.434432000000001 263.30129999999997 81.92 333.51430200000004
Person 40.228864 356.91886200000005 119.22329599999999 483.449934
Person 50.468864 264.76374599999997 81.92 304.258602
Person 76.8 348.873714 187.245568 538.304202
Person 81.92 264.76374599999997 168.96 320.349576
Person 119.22329599999999 247.941888 154.33113600000001 289.63075200000003
Person 120.68556799999999 435.909252 292.57113599999997 583.6501979999999
Person 175.543296 272.808894 362.788864 562.440324
Person 229.668864 259.64416800000004 265.508864 317.424006
Person 252.343296 239.89674000000002 277.211136 285.974298
Person 299.154432 330.588732 359.863296 508.31694
Person 351.085568 247.941888 387.656704 312.30442800000003
Person 353.28 338.63455799999997 462.994432 539.767326
Person 358.4 296.213454 419.10886400000004 411.042246
Person 377.416704 268.420878 435.2 332.051856
Person 422.03443200000004 281.585604 582.216704 552.932052
Person 498.103296 251.59902000000002 540.525568 294.01944599999996
Person 529.554432 291.093876 614.4 439.566384
Person 539.063296 247.941888 561.736704 280.854042
Person 539.063296 243.55319400000002 591.725568 304.258602
Person 561.736704 333.51430200000004 640.731136 511.24251
Person 598.308864 294.75100799999996 645.851136 364.964688
Person 645.851136 364.964688 731.428864 438.834822
Person 656.091136 238.433616 713.8744320000001 309.378858
Person 687.5432959999999 266.22686999999996 761.416704 359.844432
Person 713.8744320000001 310.84130400000004 798.72 455.65668
Person 781.165568 241.359186 818.4688639999999 299.139024
Person 798.72 243.55319400000002 853.576704 302.79615600000005
Person 988.16 228.19446 1023.268864 264.76374599999997
