Person 64.64 201.70216799999997 410.88 631.359784
Person 158.08 178.010384 291.84 301.59292800000003
Person 181.12 179.290816 329.6 404.04455199999995
Person 229.76 167.76503200000002 295.68 258.050656
Person 465.92 178.010384 523.52 274.058584
Person 481.92 169.045464 560.64 307.99572
Person 542.08 172.887392 618.24 296.46993599999996
Person 581.76 176.72931999999997 686.72 317.600856
Person 641.92 170.32652800000002 745.6 380.352768
Person 696.96 16.648144000000002 938.24 631.359784
Person 845.44 183.132744 999.04 480.242896
