Person 0.0 818.251776 131.79289599999998 1023.051776
Person 13.274111999999999 846.696448 76.8 959.5258880000001
Person 73.007104 910.2223359999999 200.05888000000002 1023.051776
Person 74.903552 329.007104 487.348224 676.02944
Person 97.65888000000001 828.6812160000001 150.755328 904.532992
Person 237.98476800000003 834.37056 489.244672 1023.051776
Person 442.784768 879.881216 487.348224 936.7705599999999
Person 483.55532800000003 894.1035519999999 518.6365440000001 963.3187839999999
Person 491.14112 823.9411200000001 515.792896 875.1411199999999
Person 658.963456 61.62944 887.467008 306.25177599999995
