Person 0.0 463.159375 204.8 537.8625
Person 0.0 516.51875 299.73299199999997 681.933154
Person 241.06700800000002 463.159375 265.6 510.11562499999997
Person 256.0 467.42812499999997 398.932992 529.325
Person 276.26700800000003 517.585596 378.667008 681.933154
Person 368.0 526.123096 444.8 681.933154
Person 390.4 459.95747099999994 409.6 496.241846
Person 418.132992 506.914404 438.4 527.190625
Person 471.467008 521.8550290000001 529.067008 681.933154
Person 494.932992 459.95747099999994 512.0 501.578125
Person 519.467008 464.226904 534.4 504.779346
Person 526.932992 484.503125 540.8 517.585596
Person 537.6 521.8550290000001 622.932992 681.933154
Person 538.667008 478.09999999999997 553.6 506.914404
Person 545.067008 483.435596 566.4 521.8550290000001
Person 551.467008 467.42812499999997 567.467008 490.90625
Person 577.067008 467.42812499999997 588.8 494.107471
Person 587.732992 464.226904 601.6 496.241846
Person 598.4 510.11562499999997 721.067008 678.73125
Person 604.8 465.29375 617.6 494.107471
Person 617.6 464.226904 630.4 489.83940400000006
Person 625.067008 467.42812499999997 644.267008 495.175
Person 666.667008 502.64497099999994 838.4 681.933154
Person 710.4 464.226904 900.267008 511.18315400000006
Person 741.332992 652.051221 841.6 681.933154
Person 780.8 520.7875 798.932992 569.878125
Person 802.132992 532.5269040000001 834.132992 597.625
Person 833.067008 314.820654 1022.932992 465.29375
Person 859.732992 543.1987790000001 884.267008 625.371875
Person 887.467008 648.85 1022.932992 681.933154
Person 890.667008 544.265625 917.332992 649.917529
Person 919.467008 483.435596 932.267008 501.578125
Person 934.4 488.77187499999997 955.732992 506.914404
Person 937.6 457.82377900000006 1022.932992 502.64497099999994
Person 990.932992 511.18315400000006 1010.132992 568.810596
