Person 665.6 493.43999999999994 714.88 609.2797439999999
Person 43.52 476.15999999999997 76.8 580.479744
Person 69.12 466.56000000000006 104.32 583.040256
Person 116.48 480.0 140.16 576.639744
Person 138.88 473.60025599999994 177.28 580.479744
Person 206.72 469.11974399999997 240.64 574.08
Person 275.2 462.72 350.72 576.639744
Person 386.56 461.43974399999996 465.92 565.760256
Person 490.88 466.56000000000006 709.12 610.5600000000001
Person 698.24 483.84000000000003 723.84 539.52
Person 709.12 474.879744 737.92 528.639744
Person 747.52 477.440256 788.48 617.600256
Person 814.72 471.680256 882.56 514.5600000000001
Person 881.28 474.879744 911.36 529.92
Person 912.64 478.719744 935.04 539.52
Person 961.92 476.15999999999997 986.88 536.960256
