Person 887.467008 22.766439000000002 992.7106560000001 207.74606100000003
Person 0.0 0.0 240.355328 648.85
Person 244.622336 351.460189 329.95532799999995 498.02106100000003
Person 292.977664 92.489811 395.37766400000004 152.252311
Person 412.444672 428.297689 462.22233600000004 577.703939
Person 459.377664 221.975 502.044672 367.1125
Person 537.6 475.253939 595.9106559999999 616.1226889999999
Person 544.710656 260.39375 600.1776639999999 399.839811
Person 686.932992 478.09999999999997 762.310656 681.577311
Person 702.5776639999999 233.358561 766.5776639999999 364.266439
Person 743.8223360000001 0.0 836.267008 143.71481100000003
Person 854.755328 266.085189 897.422336 429.721061
