Person 0.0 0.0 53.213184 77.663232
Person 69.033984 0.0 139.505664 87.730176
Person 120.808704 0.0 231.55046399999998 93.483008
Person 212.854272 0.0 264.62899200000004 69.033984
Person 225.797376 0.0 337.9776 102.112256
Person 332.224512 0.0 373.93228799999997 63.281152
Person 353.79763199999996 0.0 396.94387200000006 80.539648
Person 388.314624 0.0 463.10092799999995 100.67456
Person 455.91014399999995 0.0 503.37100799999996 71.9104
Person 506.247168 0.0 596.854272 143.819776
Person 575.281152 0.0 605.48352 57.528319999999994
Person 582.471936 0.0 690.336768 83.416064
Person 688.8990720000002 0.0 730.606848 56.0896
Person 719.1014399999999 7.190528 766.561536 129.437696
