Person 352.0 305.42404 424.32 480.22619999999995
Person 410.24 174.80216000000001 421.12 197.21292000000003
Person 412.16 200.41436000000002 469.76 330.39568
Person 422.4 165.83772 449.92 202.33535999999998
Person 431.36 172.24128000000002 455.04 217.06212000000002
Person 465.92 251.63876000000002 517.12 386.74183999999997
Person 483.84 190.81004000000004 524.8 269.56696
Person 506.24 220.90412 548.48 356.64776
Person 529.92 291.97772000000003 597.12 416.83591999999993
Person 540.16 193.37091999999998 558.72 211.93968
Person 604.8 189.52892 631.04 220.90412
Person 625.92 185.68759999999997 641.28 218.34256
