Person 0.0 29.439743999999997 24.32 148.479744
Person 0.0 29.439743999999997 66.56 192.0
Person 168.96 56.960256 233.6 145.92000000000002
Person 196.48 63.99974400000001 263.68 149.76
Person 250.88 69.12 266.88 115.19999999999999
Person 272.0 48.0 328.96 124.80000000000001
Person 332.8 49.280256 369.92 115.19999999999999
Person 347.52 41.600255999999995 384.0 120.96000000000001
Person 385.92 42.879744 435.84 126.080256
Person 398.72 45.440256 462.08 159.35999999999999
Person 453.12 48.0 494.08 169.599744
Person 486.4 44.160000000000004 540.16 152.319744
Person 577.28 46.719744000000006 619.52 156.159744
Person 786.56 0.0 912.0 251.52
Person 930.56 0.0 1023.36 261.12
