Person 337.28 385.06857 399.36 530.5100050000001
Person 58.88 364.565593 120.32 538.198536
Person 177.28 381.864617 242.56 540.761835
Person 179.84 317.153099 220.16 404.289556
Person 232.32 386.990532 284.8 543.324451
Person 267.52 349.18853099999995 295.04 404.289556
Person 320.0 354.314446 347.52 409.415471
Person 392.32 346.62591499999996 407.68 418.38530999999995
Person 416.0 354.314446 419.84 417.104002
Person 423.68 354.314446 449.92 423.511225
Person 447.36 340.859346 468.48 423.511225
Person 468.48 343.421962 493.44 427.996486
Person 604.8 354.314446 629.76 422.22991699999994
Person 862.08 349.18853099999995 935.04 519.618204
Person 943.36 308.182577 1023.36 644.5573449999999
