Person 23.68 506.8037580000001 62.08 572.797267
Person 93.44 487.582772 119.68 565.108736
Person 138.24 483.097511 164.48 566.390044
Person 140.8 509.367057 167.04 563.827428
Person 181.12 505.52245 199.68 565.108736
Person 194.56 486.301464 218.24 565.108736
Person 203.52 502.959834 232.32 559.3421669999999
Person 245.76 486.301464 542.08 608.036652
Person 592.0 499.115227 611.84 566.390044
Person 600.96 505.52245 623.36 571.515959
Person 618.24 504.24114199999997 640.64 568.9533429999999
Person 632.96 505.52245 664.32 570.2346509999999
Person 718.08 520.258858 749.44 584.330405
Person 752.0 496.552611 768.0 572.797267
Person 762.88 505.52245 787.84 576.641874
Person 769.28 493.98999499999996 796.8 572.797267
Person 815.36 492.708004 846.72 588.174329
Person 856.96 493.98999499999996 892.8 583.0490970000001
Person 875.52 486.301464 921.6 584.330405
