Person 362.88 267.45993300000004 400.64 372.395907
Person 306.56 248.904071 346.24 336.56444899999997
Person 325.12 262.341001 355.2 348.721646
Person 408.96 314.80898799999994 487.68 402.46936600000004
Person 490.24 302.65179100000006 522.24 393.511235
Person 504.96 275.138331 545.28 374.955373
Person 535.04 223.94954400000003 557.44 273.858598
Person 537.6 275.138331 577.28 376.23510600000003
Person 613.76 202.834216 645.12 267.45993300000004
Person 650.24 205.39368199999998 672.64 267.45993300000004
Person 721.28 216.27114600000002 747.52 293.69365999999997
Person 777.6 171.48155699999998 791.04 217.550879
Person 883.84 197.715284 898.56 248.904071
Person 902.4 195.155818 919.68 252.74326999999997
Person 967.04 181.71888800000002 988.8 239.94594
Person 988.8 183.638754 1007.36 239.94594
Person 1009.92 162.52342599999997 1023.36 225.229277
