Person 0.0 0.0 376.453398 646.4
Person 204.872616 85.12 346.36240200000003 408.96
Person 371.331786 146.56 474.40812600000004 321.28
Person 412.94606999999996 126.72 457.12183799999997 200.32
Person 412.94606999999996 204.16 591.5692379999999 686.72
Person 443.037066 102.4 481.45051199999995 249.6
Person 455.201064 202.24 677.359968 1023.36
Person 490.41367199999996 133.76 524.9855699999999 242.56
Person 505.779186 120.32 677.359968 214.4
Person 544.1926319999999 142.72 560.1981780000001 168.96
