Person 15.36 125.44012800000002 48.0 213.12
Person 136.32 161.919936 226.56 359.039808
Person 348.8 175.359744 456.32 362.88
Person 460.16 117.75974400000001 486.4 163.199808
Person 506.24 171.52012800000003 621.44 378.240192
Person 531.2 115.839936 567.68 213.12
Person 587.52 126.72 609.92 204.159744
Person 604.16 108.160128 673.92 163.199808
Person 631.68 200.320128 726.4 374.40000000000003
Person 664.96 111.999744 787.84 261.75974399999996
Person 789.12 125.44012800000002 849.92 273.279744
Person 844.8 113.280192 948.48 179.199936
Person 872.32 158.079744 931.2 321.920064
Person 922.24 135.68025599999999 981.12 275.200128
