Person 290.56 479.387907 328.96 622.756794
Person 0.0 494.749224 26.24 619.556094
Person 2.56 446.106075 31.36 485.788626
Person 20.48 376.981851 39.04 417.30454199999997
Person 23.68 483.22806599999996 58.88 597.15528
Person 44.16 383.38257 67.84 433.305318
Person 57.6 437.14547699999997 88.96 517.150719
Person 77.44 544.671972 137.6 641.9575890000001
Person 96.64 444.826476 136.32 538.271934
Person 101.12 380.822691 112.64 413.464383
Person 116.48 385.942449 129.92 409.624224
Person 136.32 380.822691 161.28 410.903823
Person 163.84 376.981851 177.92 408.34394399999996
Person 168.96 539.5515330000001 230.4 634.9174109999999
Person 174.08 382.10229 188.8 414.744663
Person 211.2 424.98486 234.88 473.628009
Person 215.04 481.948467 262.4 622.116654
Person 250.24 434.585598 268.8 492.18866399999996
Person 272.64 382.10229 289.92 412.184103
Person 313.6 416.024262 342.4 502.42954199999997
Person 357.76 557.4727290000001 398.72 633.6371310000001
Person 363.52 422.424981 382.72 499.869663
Person 396.16 384.66285 405.12 413.464383
Person 402.56 428.184879 435.2 510.75
Person 408.96 471.067449 447.36 551.072691
Person 416.0 551.072691 472.32 632.3568509999999
Person 443.52 463.387131 473.6 547.231851
Person 472.32 408.34394399999996 487.68 462.106851
Person 513.92 388.503009 528.64 397.463607
Person 516.48 403.223505 529.92 435.865878
Person 529.92 397.463607 542.72 444.826476
Person 538.88 392.343168 563.84 444.826476
Person 552.32 476.187888 582.4 594.59472
Person 579.84 471.067449 607.36 581.153823
Person 587.52 443.546196 616.32 514.5901590000001
Person 592.64 397.463607 603.52 438.42575700000003
Person 602.24 394.903047 611.2 433.305318
Person 640.0 398.743206 657.28 448.66663500000004
Person 661.12 413.464383 686.08 487.068906
Person 739.84 478.748448 784.64 633.6371310000001
Person 760.96 396.183327 768.64 426.26514
Person 768.64 382.10229 772.48 401.943906
Person 776.32 382.10229 787.2 414.744663
Person 802.56 496.028823 857.6 656.0386259999999
Person 822.4 383.38257 833.92 417.30454199999997
Person 830.08 392.343168 849.92 432.025719
Person 881.28 393.623448 897.28 434.585598
Person 881.28 471.067449 943.36 659.878785
Person 912.64 418.58482200000003 932.48 467.22729
Person 923.52 480.66818700000005 960.0 629.7969720000001
Person 935.04 387.222729 951.04 418.58482200000003
Person 947.2 485.788626 986.24 597.15528
Person 960.0 384.66285 973.44 416.024262
Person 976.0 387.222729 991.36 418.58482200000003
Person 987.52 485.788626 1023.36 593.315121
Person 1006.08 385.942449 1012.48 405.784065
Person 1009.92 397.463607 1023.36 423.70458
