Person 31.59576 235.644928 202.9788 489.489408
Person 104.36184 293.118976 190.53216000000003 404.23526400000003
Person 186.70248 314.192896 288.19152 443.50975999999997
Person 188.61695999999998 257.676288 265.21272000000005 366.877696
Person 263.29751999999996 299.824128 338.9364 364.961792
Person 292.97880000000004 356.340736 369.57455999999996 477.03654400000005
Person 309.25512 230.854656 383.9364 377.414656
Person 353.29751999999996 358.25664 431.80848 514.395136
Person 374.36184000000003 830.502912 530.4254400000001 982.8106240000001
Person 409.78728 614.974464 647.23392 806.555648
Person 486.38304 331.435008 630.9576 517.26848
Person 511.27632 815.176704 675.9576 981.8521599999999
