Person 0.0 453.75974399999996 16.0 490.88025600000003
Person 17.92 449.91974400000004 51.2 533.76
Person 50.56 452.480256 81.92 530.559744
Person 60.16 455.679744 94.72 565.119744
Person 88.32 452.480256 125.44 568.959744
Person 119.04 456.96 133.76 506.88
Person 124.16 453.75974399999996 141.44 488.319744
Person 152.96 456.96 177.92 516.48
Person 158.72 452.480256 195.84 510.72
Person 280.32 449.91974400000004 300.16 512.000256
Person 339.84 451.20000000000005 364.8 529.280256
Person 494.08 449.91974400000004 548.48 583.6800000000001
Person 528.64 460.79999999999995 597.76 563.840256
Person 586.88 421.76025599999997 651.52 584.319744
Person 637.44 455.679744 672.0 489.59999999999997
Person 689.92 454.400256 716.8 499.20000000000005
Person 716.8 451.20000000000005 734.72 488.319744
Person 737.92 447.36 754.56 478.08000000000004
Person 742.4 448.640256 751.36 474.24
Person 910.08 471.03974400000004 977.28 657.920256
