Person 0.0 0.0 1023.36 252.214755
Person 4.48 354.636675 60.8 426.33213
Person 136.96 278.46015 178.56 375.12117
Person 190.72 292.54327500000005 233.6 428.8929
Person 252.16 261.17634 373.12 496.10728500000005
Person 404.48 278.46015 456.96 434.65380000000005
Person 451.84 282.301305 501.76 421.21114500000004
Person 517.12 297.66425999999996 552.96 426.33213
Person 519.68 201.00324 579.2 350.155605
Person 568.32 289.982505 606.72 423.77136
Person 674.56 288.702675 744.32 426.33213
Person 858.24 287.42229 889.6 423.77136
Person 905.6 287.42229 958.08 417.36999000000003
