Person 0.0 605.81551 28.16 640.360282
Person 15.36 473.3932429999999 49.28 543.7622230000001
Person 24.32 593.6608679999999 70.4 639.7205640000001
Person 37.12 342.250412 92.16 408.14200700000004
Person 49.28 477.23155099999997 75.52 567.43243
Person 69.12 482.34929500000004 105.6 592.381432
Person 94.72 305.786486 182.4 381.912928
Person 124.16 469.55493500000006 158.08 511.13660500000003
Person 135.68 353.125618 153.6 384.4718
Person 145.28 513.695477 288.0 640.360282
Person 176.64 358.243362 191.36 389.589544
Person 191.36 488.74647500000003 226.56 533.526735
Person 195.2 473.3932429999999 226.56 507.29829700000005
Person 204.16 360.802234 220.16 394.707288
Person 280.32 533.526735 316.8 639.7205640000001
Person 322.56 504.73942500000004 364.16 596.21974
Person 396.16 355.68449 411.52 381.912928
Person 437.76 347.36815599999994 448.64 371.037722
Person 449.92 347.36815599999994 461.44 368.47884999999997
Person 685.44 598.778612 725.12 640.360282
Person 819.84 572.550174 888.96 640.360282
Person 888.96 613.4921260000001 910.08 639.7205640000001
Person 907.52 557.196942 954.88 640.360282
Person 937.6 608.374382 990.08 640.360282
