Person 0.0 613.798512 66.56 723.35926
Person 21.12 520.8955559999999 139.52 707.3414839999999
Person 183.68 506.79999999999995 274.56 691.9644480000001
Person 236.16 613.157772 320.0 723.35926
Person 258.56 434.4 357.12 643.2711039999999
Person 350.72 597.139996 433.28 723.35926
Person 490.88 489.500744 577.28 672.102956
Person 534.4 634.941484 632.32 723.35926
Person 584.32 424.789624 678.4 620.845928
Person 656.0 523.458516 739.84 723.35926
Person 661.12 359.43704 748.16 570.871104
Person 676.48 235.78073600000002 743.04 409.41258799999997
Person 711.04 463.23185199999995 814.72 682.354072
Person 817.28 339.575548 890.88 556.134808
Person 818.56 473.48296799999997 920.96 656.08518
Person 830.72 540.7577719999999 928.0 723.35926
