Person 0.0 560.0 81.599488 681.6
Person 14.399488 612.799488 100.800512 775.999488
Person 54.4 784.0 120.00051200000001 867.2
Person 59.200511999999996 622.400512 236.8 915.2
Person 132.800512 497.60051200000004 193.600512 620.8
Person 192.0 494.39948799999996 259.2 646.4
Person 198.4 627.2 283.200512 852.7994880000001
Person 254.399488 487.999488 316.8 614.4
Person 257.60051200000004 628.799488 344.000512 916.7994880000001
Person 316.8 820.799488 496.0 935.999488
Person 332.8 654.400512 377.6 811.200512
Person 350.39948799999996 560.0 396.8 662.4
Person 374.4 633.6 449.60051200000004 828.8
Person 436.799488 580.799488 492.8 705.599488
Person 441.6 523.200512 500.799488 598.4
Person 462.39948799999996 576.0 635.200512 935.999488
Person 502.4 579.2 531.2 686.400512
Person 737.599488 423.999488 793.6 518.4
Person 747.200512 601.6 878.4005119999999 793.6
Person 782.400512 505.6 854.4 608.0
Person 894.4005119999999 423.999488 939.2005119999999 545.599488
Person 900.7994880000001 667.200512 1022.4005119999999 833.599488
Person 937.6 444.8 979.2 544.0
