Person 27.52 240.66262500000002 99.2 423.07984999999996
Person 82.56 248.983275 154.88 424.35995
Person 162.56 269.46529999999996 221.44 414.11915
Person 202.88 334.111625 281.6 421.79975
Person 309.12 221.4607 398.72 416.67934999999994
Person 394.88 236.18227499999998 455.68 418.5995
Person 456.32 238.10242499999998 524.8 411.558525
Person 510.08 259.2245 535.04 406.438125
Person 538.88 272.0255 576.0 417.95945
Person 568.96 243.22282500000003 625.92 415.39925
Person 612.48 319.39005000000003 657.28 412.83905000000004
Person 654.72 259.2245 723.84 403.23787500000003
Person 702.72 248.983275 759.68 411.558525
Person 718.72 225.30100000000002 793.6 403.23787500000003
Person 763.52 227.861625 818.56 414.11915
Person 809.6 216.98035000000002 876.16 400.67767499999997
Person 876.16 244.50292500000003 949.76 398.11747499999996
Person 957.44 196.498325 1023.36 411.558525
