Person 748.8 209.86093100000002 830.08 502.257749
Person 0.0 271.922805 5.76 315.430878
Person 17.28 179.149558 30.08 211.78043599999998
Person 30.08 180.429228 43.52 209.22109600000002
Person 46.08 219.45774900000004 108.8 441.47483800000003
Person 81.28 158.03500300000002 96.0 179.149558
Person 98.56 207.941426 168.32 438.916205
Person 119.68 55.664231 127.36 76.778079
Person 158.72 200.263406 228.48 450.432528
Person 222.08 201.54307599999999 298.24 450.432528
Person 252.16 152.91703 256.0 175.31054799999998
Person 264.96 179.149558 311.04 211.78043599999998
Person 298.24 206.661756 373.12 463.86906300000004
Person 380.8 59.503241 392.32 83.176429
Person 385.92 259.12681200000003 472.32 470.266706
Person 394.88 188.106541 401.92 211.78043599999998
Person 425.6 189.38621100000003 433.28 211.78043599999998
Person 437.12 186.826871 443.52 211.78043599999998
Person 446.08 216.898409 454.4 230.334944
Person 469.76 194.504891 561.92 474.105716
Person 558.08 188.106541 658.56 476.665056
Person 588.16 163.153683 595.84 180.429228
Person 593.28 120.28615199999999 595.84 143.95934
Person 631.04 156.755333 638.08 172.751208
Person 649.6 215.618739 728.32 487.542251
Person 677.12 115.807307 951.68 276.40165
Person 689.28 55.664231 703.36 75.498409
Person 812.16 196.424396 909.44 500.338244
Person 905.6 202.82274600000002 990.72 508.01626400000004
Person 912.0 140.760165 1023.36 280.24066
Person 947.2 124.125162 958.08 147.79835
Person 961.92 127.96346500000001 979.2 149.07801999999998
Person 963.2 45.42687099999999 970.88 69.10076600000001
Person 974.72 99.171597 1023.36 133.082145
