Person 305.92 357.517716 418.56 571.515959
Person 388.48 307.54192300000005 475.52 415.18204
Person 471.04 367.12820899999997 533.12 576.00122
Person 512.0 254.36285999999998 967.04 501.037872
Person 515.84 335.09277699999996 586.88 412.619424
Person 544.64 130.70571 679.68 325.482284
Person 577.92 344.70327 627.2 412.619424
Person 595.84 349.829185 675.84 587.533675
Person 631.68 282.554368 699.52 413.900732
Person 663.04 51.897755 1019.52 322.278331
Person 712.96 301.13538300000005 782.08 410.056125
Person 761.6 0.6406540000000001 1023.36 160.81918
Person 791.68 303.697999 872.96 422.22991699999994
Person 841.6 374.8174230000001 909.44 599.066813
