Person 0.0 163.363047 118.4 289.569372
Person 0.0 14.093976 1023.36 680.359179
Person 40.96 247.286763 179.2 391.43062799999996
Person 48.0 137.096877 158.08 282.522384
Person 189.44 55.735764 223.36 102.50207700000001
Person 200.96 218.45799000000002 330.88 372.211446
Person 223.36 55.735764 260.48 118.51851599999999
Person 264.32 65.986176 303.36 121.08111900000002
Person 273.28 193.473462 375.68 294.69457800000004
Person 286.72 180.01962600000002 370.56 253.693611
Person 291.84 73.67330399999999 337.92 127.48728599999998
Person 350.72 320.960748 494.08 488.80818
Person 434.56 270.99033000000003 550.4 411.290631
Person 462.08 108.268104 501.76 162.082086
Person 463.36 243.443199 556.8 327.36691499999995
Person 485.76 196.03606499999998 572.8 283.803345
Person 501.76 108.268104 539.52 178.738665
Person 546.56 135.81591600000002 581.76 181.30126800000002
Person 590.72 138.377838 626.56 180.01962600000002
Person 609.92 415.775016 791.04 616.295466
Person 630.4 144.784686 686.72 196.03606499999998
Person 686.72 151.190853 731.52 203.723193
Person 695.68 267.146766 835.2 407.44706699999995
Person 735.36 153.75345600000003 790.4 219.73963199999997
Person 753.28 381.180897 895.36 532.3717499999999
Person 760.32 518.917914 975.36 680.359179
Person 771.84 249.849366 875.52 391.43062799999996
Person 792.96 158.237841 819.2 223.583196
Person 841.6 188.34825600000002 896.64 237.03635100000002
Person 894.08 187.066614 941.44 246.00580200000002
