Person 505.704082 523.52 597.3589440000001 754.56
Person 514.67767 692.48 560.184274 771.2
Person 519.804922 755.84 556.338536 862.72
Person 535.828332 506.24 560.184274 554.88
Person 540.956182 724.48 597.3589440000001 878.08
Person 544.160864 269.44 597.3589440000001 357.12
Person 546.083434 527.36 582.617646 570.88
Person 549.288116 337.92 597.3589440000001 437.12
Person 560.184274 474.88 589.667468 527.36
Person 579.412366 481.92 597.3589440000001 544.64
Person 581.335534 328.96 597.3589440000001 365.44
Person 581.335534 537.6 597.3589440000001 576.0
