Person 770.56 306.66119 826.24 522.4126600000001
Person 54.4 286.81477 188.8 357.23798
Person 124.16 382.20633000000004 183.04 460.95252500000004
Person 137.6 355.9578 220.16 451.98945
Person 190.08 298.33881 205.44 355.9578
Person 222.72 357.23798 293.76 432.14303
Person 227.84 294.49706000000003 248.96 320.746195
Person 297.6 374.52403999999996 340.48 458.39156
Person 328.96 355.9578 373.76 415.49706000000003
Person 386.56 304.74092 423.68 390.52931499999994
Person 465.28 314.34408500000006 491.52 371.963075
Person 472.96 299.61899 575.36 323.30716
Person 482.56 307.94197499999996 503.68 358.51876500000003
Person 593.92 309.222155 605.44 349.55569
Person 680.32 328.42848499999997 709.12 369.40211
Person 702.72 311.78311999999994 722.56 382.20633000000004
Person 714.88 332.26963000000006 736.64 370.68228999999997
Person 722.56 339.312435 753.92 383.48651
Person 746.24 295.777845 762.88 318.18523
Person 916.48 303.460135 1013.76 419.33881
