Person 630.4 255.00351399999997 688.64 430.559102
Person 0.0 0.0 469.76 251.800244
Person 15.36 112.124695 51.2 229.375305
Person 99.2 156.974573 145.28 289.602245
Person 187.52 19.221669000000002 209.92 115.328648
Person 201.6 130.70571 242.56 242.189751
Person 220.16 7.047877 256.64 112.124695
Person 263.68 116.609956 314.88 228.093997
Person 291.2 0.0 320.0 83.292533
Person 335.36 318.434407 392.32 470.923719
Person 375.04 246.674329 535.04 413.260078
Person 382.72 304.33865299999997 437.76 453.62469500000003
Person 422.4 300.49404599999997 480.0 467.079795
Person 524.8 0.0 545.28 20.502977
Person 529.92 254.36285999999998 597.76 419.66730100000007
Person 551.04 0.0 567.68 17.939678
Person 584.96 0.0 597.76 41.646608
