Person 831.36 171.710981 940.16 325.482284
Person 0.0 217.201513 42.88 238.345144
Person 0.0 231.937921 190.08 409.415471
Person 0.0 256.926159 251.52 682.3593460000001
Person 124.16 246.674329 225.28 393.3977550000001
Person 193.92 264.61469 348.8 472.20570999999995
Person 227.84 250.518936 327.68 331.889507
Person 325.12 153.130649 346.24 206.950366
Person 330.24 267.17730600000004 532.48 659.9344070000001
Person 337.28 253.081552 421.12 335.733431
Person 341.12 163.38179599999998 350.08 188.36935099999997
Person 342.4 156.974573 369.92 204.38775
Person 475.52 262.692045 632.96 543.965105
Person 603.52 258.848121 716.16 545.88775
