Person 458.88 234.50122000000002 601.6 556.138897
Person 0.0 328.0449 19.2 396.60102500000005
Person 0.0 663.137677 41.6 682.3593460000001
Person 56.32 585.611713 163.84 682.3593460000001
Person 232.96 615.725183 310.4 682.3593460000001
Person 285.44 619.569107 439.04 682.3593460000001
Person 441.6 597.785505 646.4 682.3593460000001
Person 728.96 384.42791600000004 915.2 682.3593460000001
Person 882.56 403.00824800000004 1023.36 682.3593460000001
Person 932.48 626.616984 1023.36 682.3593460000001
