Person 205.44 550.400256 312.32 687.999744
Person 289.92 21.759743999999998 774.4 517.760256
Person 309.76 573.440256 416.0 716.16
Person 381.44 554.88 480.64 709.119744
Person 471.04 567.680256 530.56 648.320256
Person 535.04 557.439744 597.12 654.080256
Person 607.36 566.4000000000001 675.2 643.2
Person 673.92 560.000256 744.96 695.04
Person 741.12 557.439744 807.04 695.04
Person 807.04 21.759743999999998 956.8 510.72
Person 815.36 562.5600000000001 887.68 641.919744
Person 901.12 553.599744 976.64 698.88
