Person 0.0 123.657833 26.24 189.65134199999997
Person 0.0 261.410737 70.4 412.619424
Person 1.92 131.346364 348.8 420.30795500000005
Person 5.12 201.183797 77.44 308.823914
Person 15.36 124.939141 46.72 180.040166
Person 65.28 253.72220600000003 115.2 352.39180100000004
Person 72.96 141.597511 92.8 187.08804300000003
Person 96.64 138.394241 142.72 201.82445099999998
Person 111.36 265.89599799999996 161.28 389.5531480000001
Person 124.16 219.124158 179.84 268.458614
Person 170.24 246.674329 224.0 393.3977550000001
Person 174.08 208.23167400000003 218.88 264.61469
Person 187.52 169.148365 330.24 481.816203
Person 192.64 139.675549 227.84 194.77657400000004
Person 271.36 151.208004 282.88 202.465105
Person 306.56 197.33987299999998 334.08 268.458614
Person 330.24 297.93143000000003 389.12 379.302001
Person 387.2 203.746413 424.96 252.440898
Person 392.96 285.11698399999995 455.04 378.02069300000005
Person 456.32 292.805515 522.24 385.06857
Person 482.56 207.59102 514.56 262.692045
Person 498.56 299.212738 565.12 392.757101
Person 525.44 215.279551 777.6 629.180283
Person 551.04 265.255344 643.84 420.30795500000005
Person 586.24 278.710444 673.92 425.43318700000003
Person 646.4 276.147145 675.2 303.697999
Person 648.32 245.39302099999998 674.56 275.506491
Person 720.0 308.823914 839.68 477.971596
Person 738.56 291.524207 797.44 360.08101500000004
Person 788.48 156.33391899999998 825.6 249.878282
Person 800.0 315.230454 933.76 508.08506600000004
Person 834.56 326.76359199999996 1009.92 560.6241580000001
Person 906.88 169.789019 940.8 239.626452
Person 919.68 201.183797 963.84 257.566813
Person 930.56 202.465105 953.6 261.410737
Person 945.92 165.944412 986.88 237.70449
