Person 0.0 639.36 64.64 759.680256
Person 0.0 645.759744 78.08 767.360256
Person 176.0 632.960256 276.48 767.360256
Person 277.76 243.84 321.28 309.759744
Person 307.2 593.28 406.4 764.7997439999999
Person 357.12 330.87974399999996 386.56 468.48
Person 378.24 319.359744 432.64 382.719744
Person 378.24 170.88 439.04 309.759744
Person 428.8 300.800256 501.12 385.280256
Person 483.2 536.319744 546.56 757.119744
Person 504.32 553.599744 572.8 767.360256
Person 554.24 500.480256 625.92 710.4000000000001
Person 603.52 250.23974399999997 657.28 365.439744
Person 656.0 186.879744 696.96 302.079744
Person 689.28 397.43999999999994 736.64 460.79999999999995
Person 693.12 232.959744 739.2 371.840256
Person 707.84 183.03974399999998 743.68 296.96025599999996
Person 739.2 593.28 820.48 767.360256
Person 742.4 394.88025600000003 801.92 475.520256
Person 775.04 245.12025600000004 818.56 373.119744
Person 812.16 311.04 845.44 375.03974400000004
Person 832.0 318.080256 861.44 435.84000000000003
Person 854.4 327.03974400000004 885.12 440.96025599999996
Person 880.0 528.0 943.36 746.240256
Person 890.24 313.599744 929.92 447.36
Person 927.36 313.599744 957.44 384.0
Person 929.92 370.56 983.04 444.800256
Person 953.6 320.64 984.32 431.36025600000005
Person 961.92 551.679744 1023.36 764.7997439999999
Person 979.2 320.64 1020.16 438.39974400000006
