Person 471.68 584.960256 524.8 732.800256
Person 0.0 438.39974400000006 37.76 526.719744
Person 0.0 628.479744 39.04 767.360256
Person 0.0 562.5600000000001 40.32 643.2
Person 16.64 613.119744 144.64 767.360256
Person 21.76 366.71999999999997 66.56 408.96
Person 61.44 365.439744 90.88 406.400256
Person 76.16 411.519744 124.8 529.280256
Person 117.12 586.239744 195.2 728.960256
Person 160.64 712.3199999999999 259.84 767.360256
Person 184.32 489.59999999999997 231.04 609.920256
Person 197.76 628.479744 263.68 701.439744
Person 237.44 454.400256 288.0 512.64
Person 241.28 701.439744 318.08 767.360256
Person 248.32 71.679744 266.88 102.39974399999998
Person 288.0 30.72 319.36 83.84025600000001
Person 295.68 546.560256 361.6 675.2002560000001
Person 312.96 32.000256 340.48 80.00025600000001
Person 316.8 709.119744 376.32 767.360256
Person 321.92 508.160256 408.32 644.480256
Person 347.52 9.600000000000001 385.92 83.84025600000001
Person 376.32 718.719744 435.84 767.360256
Person 378.88 9.600000000000001 405.76 66.560256
Person 397.44 5.76 433.28 76.16025599999999
Person 397.44 520.3199999999999 449.28 675.2002560000001
Person 407.04 702.72 469.12 767.360256
Person 432.0 13.440000000000001 453.12 57.599999999999994
Person 499.2 315.519744 538.88 357.759744
Person 527.36 169.599744 556.16 220.160256
Person 528.64 126.080256 557.44 170.88
Person 537.6 261.12 574.72 318.080256
Person 547.2 384.0 585.6 434.559744
Person 560.0 151.040256 594.56 195.20025600000002
Person 568.32 268.79999999999995 597.12 311.04
Person 572.16 204.159744 598.4 245.12025600000004
Person 579.84 0.0 613.12 70.400256
Person 592.0 189.440256 622.08 240.0
Person 610.56 4.479744 634.24 62.72025599999999
Person 632.96 216.320256 663.68 263.679744
Person 646.4 37.760256 673.92 71.679744
Person 657.92 168.320256 691.2 217.599744
Person 670.08 389.120256 701.44 430.08000000000004
Person 675.2 305.919744 705.92 350.720256
Person 679.04 336.63974399999995 705.92 369.279744
Person 737.28 0.639744 758.4 65.28
Person 744.32 709.119744 807.68 767.360256
Person 755.84 0.0 789.12 61.44
Person 792.96 4.479744 807.68 50.559744
Person 802.56 10.880256 824.96 45.440256
Person 822.4 4.479744 843.52 53.120256
Person 837.76 378.87974399999996 874.88 422.40000000000003
Person 844.8 5.76 872.32 58.880256
Person 865.92 4.479744 904.32 66.560256
Person 898.56 8.319744 930.56 62.72025599999999
