Person 400.64 481.175549 465.92 656.7304539999999
Person 19.2 557.420205 88.96 654.808492
Person 97.92 561.905466 162.56 668.263592
Person 186.24 506.163104 229.12 681.078038
Person 200.32 490.78604199999995 246.4 609.958614
Person 238.72 495.91195700000003 280.32 645.838653
Person 250.24 510.64836500000007 341.12 675.9521229999999
Person 273.92 481.816203 331.52 538.198536
Person 535.04 492.06735000000003 613.76 681.078038
Person 688.64 488.2234260000001 753.92 666.9822839999999
Person 802.56 479.894241 862.08 656.0898
