Person 241.92 466.11026400000003 309.12 546.782613
Person 333.44 596.083107 385.92 633.218205
Person 342.4 436.65788699999996 371.2 457.78657200000004
Person 346.24 476.99440500000003 426.24 529.495632
Person 376.32 434.0967509999999 400.0 461.62827599999997
Person 417.28 430.25504700000005 448.64 462.908844
Person 419.84 389.27893199999994 437.12 434.0967509999999
Person 470.4 461.62827599999997 525.44 511.568367
Person 734.72 391.83938100000006 754.56 428.975166
Person 754.56 379.034388 771.2 430.25504700000005
Person 775.68 380.314956 789.76 430.25504700000005
Person 796.16 390.5595 810.88 427.69459800000004
Person 810.88 391.83938100000006 821.12 409.127049
Person 826.24 387.99836400000004 847.36 420.651474
Person 918.4 381.595524 940.8 431.53561499999995
Person 939.52 382.876092 964.48 432.816183
Person 1003.52 377.75382 1018.24 402.724209
