Person 287.039629 443.52 332.530161 567.68
Person 41.646608 578.56 101.23289400000002 757.12
Person 101.23289400000002 356.48 140.956857 440.32
Person 106.358126 468.48 155.05261099999998 587.52
Person 186.447389 335.36 212.71693499999998 405.12
Person 195.417228 478.72 249.878282 583.68
Person 219.764812 337.28 249.878282 394.88
Person 225.530698 312.32 246.03367500000002 352.64
Person 242.83040499999998 391.04 283.195022 490.88
Person 246.03367500000002 951.04 344.06261600000005 1023.36
Person 249.878282 335.36 281.27306 400.0
Person 290.24289899999997 302.08 312.66783799999996 356.48
Person 360.08101500000004 949.12 444.01420199999995 1023.36
Person 379.302001 457.6 412.619424 562.56
Person 379.302001 417.28 417.74465599999996 473.6
Person 400.44563200000005 412.16 424.79253300000005 485.76
Person 417.74465599999996 380.8 465.15783300000004 468.48
Person 417.74465599999996 499.84 469.00175700000005 632.96
Person 422.870571 604.8 477.330942 765.44
Person 465.15783300000004 578.56 505.52245 669.44
Person 465.15783300000004 938.88 558.0608589999999 1023.36
Person 467.079795 613.76 554.216935 764.16
Person 501.67852600000003 325.12 540.761835 400.0
Person 540.761835 652.16 593.300244 810.88
Person 545.88775 783.36 682.3593460000001 1012.48
Person 593.300244 363.52 622.7730600000001 443.52
Person 622.7730600000001 364.8 658.012445 443.52
Person 622.7730600000001 951.04 682.3593460000001 1023.36
Person 650.964568 347.52 682.3593460000001 433.28
