Person 705.096704 399.053204 753.85856 533.697054
Person 93.623296 393.198916 119.95443200000001 476.13148
Person 119.95443200000001 387.344628 145.31072 479.05862399999995
Person 245.76 364.9041 387.16927999999996 681.0240580000001
Person 593.92 398.07726199999996 614.4 462.472384
Person 612.4492799999999 399.053204 632.92928 507.35344000000003
Person 618.3014400000001 398.07726199999996 641.707008 508.32869999999997
Person 631.954432 424.420876 669.0129919999999 526.866824
Person 643.656704 391.247714 656.3348480000001 419.54253
Person 665.112576 397.10132 688.518144 508.32869999999997
Person 674.865152 389.29582999999997 703.147008 505.402238
