Person 0.0 549.12 122.88 767.360256
Person 0.64 341.12025600000004 74.88 577.92
Person 15.36 320.00025600000004 101.76 437.76
Person 58.88 339.84000000000003 266.88 669.440256
Person 71.04 309.12 122.88 367.359744
Person 110.72 314.88 191.36 404.480256
Person 141.44 289.280256 187.52 351.99974399999996
Person 175.36 285.44025600000003 213.76 350.720256
Person 207.36 309.12 237.44 358.400256
Person 223.36 309.12 265.6 383.36025600000005
Person 243.2 306.560256 351.36 437.76
Person 324.48 348.159744 637.44 750.080256
Person 356.48 303.99974399999996 429.44 458.88
Person 410.88 288.0 482.56 370.56
Person 485.12 289.280256 610.56 487.68
Person 506.24 276.48 583.04 373.119744
Person 538.24 228.48 568.32 272.64
Person 545.92 276.48 640.0 399.36
Person 601.6 222.08025600000002 647.68 264.320256
Person 604.16 275.199744 672.64 388.479744
Person 614.4 351.99974399999996 879.36 767.360256
Person 638.72 249.60000000000002 699.52 357.12
Person 652.8 302.720256 749.44 472.32
Person 711.04 277.760256 789.12 371.840256
Person 750.72 277.760256 778.88 328.959744
Person 764.16 300.159744 826.24 415.359744
Person 764.16 314.88 937.6 477.440256
Person 778.88 256.640256 837.12 321.279744
Person 812.8 256.640256 858.24 314.88
Person 842.24 275.199744 942.72 376.959744
Person 873.6 255.36 921.6 318.71999999999997
Person 879.36 342.399744 1023.36 767.360256
Person 881.92 156.159744 921.6 219.519744
Person 910.72 297.6 1007.36 411.519744
Person 941.44 245.76 1012.48 316.160256
Person 942.72 286.719744 1023.36 473.60025599999994
