Person 766.08 505.26095100000003 822.4 641.0219020000001
Person 30.08 492.453342 743.68 656.390885
Person 32.64 387.430357 590.08 487.32985499999995
Person 77.44 598.756275 446.08 712.744069
Person 183.68 528.954769 258.56 651.268137
Person 398.72 531.516143 474.88 710.182695
Person 446.08 367.5786 462.72 398.95727899999997
Person 466.56 365.01722600000005 482.56 398.95727899999997
Person 468.48 639.100502 552.32 710.182695
Person 624.0 539.841717 697.6 687.7695640000001
Person 625.92 631.415641 688.64 714.025495
Person 666.24 657.671572 722.56 708.9020079999999
Person 807.68 386.14967 987.52 500.137464
Person 813.44 496.2954030000001 863.36 605.160449
Person 813.44 552.649326 893.44 708.9020079999999
Person 830.08 636.539128 903.68 710.182695
Person 876.16 497.5760900000001 926.08 652.548824
Person 924.8 498.856777 976.0 651.268137
