Person 122.88 354.888144 150.4 415.103334
Person 259.2 357.45031200000005 277.76 382.433268
Person 620.16 390.12037799999996 634.24 407.416224
Person 645.12 336.310608 654.08 357.45031200000005
Person 664.32 341.43555 675.2 373.465074
Person 698.88 337.59169199999997 712.96 378.590016
Person 712.96 323.499162 726.4 357.45031200000005
Person 722.56 323.499162 735.36 353.60706000000005
Person 795.52 323.499162 807.68 361.29417
Person 825.6 323.499162 841.6 358.731396
Person 839.04 317.093136 858.88 384.996042
Person 861.44 326.06133000000005 880.0 358.731396
Person 869.12 333.74844 887.68 357.45031200000005
