Person 0.0 20.468 344.747008 454.84928
Person 0.0 411.63867999999997 1022.8623359999999 678.8630400000001
Person 197.972992 352.50859999999994 245.76 417.32416
Person 199.110656 378.66208 234.38233599999998 462.80936
Person 230.969344 386.62216 285.582336 468.49484
Person 234.38233599999998 309.298 262.82700800000003 383.2106
Person 293.547008 284.28080000000006 433.492992 438.92980000000006
Person 310.612992 426.42119999999994 345.884672 515.117
Person 368.64 251.3042 450.56 309.298
Person 391.395328 448.02684 480.14233600000006 527.6256
Person 460.8 276.32140000000004 491.52 347.96008
Person 498.347008 285.41776 637.155328 540.1335200000001
Person 501.76 111.4384 1022.8623359999999 253.57879999999997
Person 600.747008 441.20372 696.32 520.80248
Person 650.809344 407.09016 713.387008 461.67240000000004
Person 662.187008 268.36132 700.8706559999999 337.72608
Person 664.462336 334.31452 696.32 413.91328
Person 707.6976639999999 369.56504 763.449344 446.88988
Person 724.764672 335.45147999999995 748.657664 387.75912
Person 732.7293440000001 415.05024000000003 769.137664 501.47144
Person 787.342336 326.35444 861.297664 399.13075999999995
Person 799.857664 368.42808 846.507008 446.88988
