Person 62.72 499.20000000000005 102.4 538.880256
Person 97.28 452.480256 125.44 508.160256
Person 151.68 451.20000000000005 188.8 517.760256
Person 295.68 488.319744 341.76 526.719744
Person 325.12 475.520256 359.04 515.199744
Person 335.36 492.159744 400.0 533.76
Person 410.88 416.00025600000004 440.96 449.91974400000004
Person 442.88 689.28 507.52 767.360256
Person 480.64 573.440256 526.08 628.479744
Person 485.12 600.96 535.04 657.920256
Person 536.32 597.12 598.4 670.719744
Person 564.48 682.880256 615.68 766.08
Person 599.68 643.2 703.36 713.600256
Person 614.4 551.679744 683.52 659.199744
Person 630.4 682.880256 712.32 767.360256
Person 662.4 474.24 702.08 496.640256
Person 705.92 591.36 765.44 713.600256
Person 711.04 668.16 795.52 767.360256
Person 770.56 611.199744 827.52 734.7202560000001
Person 893.44 440.96025599999996 931.84 483.200256
