Person 12.8 276.787799 60.16 340.859346
Person 60.16 274.865837 93.44 331.889507
Person 192.64 143.51947299999998 246.4 492.06735000000003
Person 227.2 199.261835 304.64 499.755881
Person 271.36 135.830942 371.2 492.06735000000003
Person 329.6 0.0 641.28 185.80673499999997
Person 336.0 209.512982 363.52 240.90776
Person 363.52 210.79429000000002 376.32 228.093997
Person 376.32 154.411957 513.28 492.06735000000003
Person 510.08 176.836896 581.12 515.773597
Person 554.88 19.221669000000002 637.44 188.36935099999997
Person 560.0 174.27359700000002 620.8 497.193265
Person 620.8 206.950366 711.04 508.726403
Person 637.44 184.525427 724.48 495.91195700000003
Person 716.16 190.93265000000002 803.2 506.163104
Person 776.96 184.525427 840.96 493.348658
Person 832.0 304.33865299999997 871.04 363.284285
Person 839.68 264.61469 883.2 329.326208
Person 873.6 273.584529 904.96 313.308492
Person 913.28 281.913714 959.36 342.140654
