Person 170.24 331.080188 233.6 426.49800600000003
Person 170.88 229.898946 397.44 575.068224
Person 425.6 399.60141000000004 641.28 698.022504
Person 529.92 193.396952 695.04 442.50762
Person 538.24 166.50035599999998 687.36 336.20374599999997
Person 561.92 400.882068 647.68 532.80188
Person 571.52 440.58617 790.4 698.022504
Person 645.76 356.696126 891.52 572.5059819999999
Person 736.0 372.70574 986.88 722.99765
Person 737.92 188.914186 817.28 356.696126
Person 801.28 188.914186 848.64 336.20374599999997
Person 818.56 277.287922 926.72 448.911836
Person 891.52 203.00235 950.4 340.685586
Person 940.8 197.879718 1018.24 349.011252
Person 942.08 350.29191 1023.36 583.3929640000001
