Person 0.0 304.65760800000004 39.04 573.4735049999999
Person 0.0 224.653047 443.52 680.35986
Person 10.24 298.25757 52.48 323.218944
Person 218.88 227.21360699999997 304.0 343.700019
Person 292.48 287.376552 697.6 680.35986
Person 317.44 242.57424300000002 419.84 355.860636
Person 444.8 242.57424300000002 549.76 349.460598
Person 544.0 237.453804 659.84 354.58103700000004
Person 624.0 318.738645 760.96 502.42954199999997
Person 656.0 245.774262 771.2 358.421196
Person 744.96 253.45458000000002 1023.36 680.35986
