Person 48.64 521.075108 84.48 591.490624
Person 94.72 511.47269600000004 257.28 549.88162
Person 283.52 532.5975679999999 323.2 617.736348
Person 315.52 535.158356 346.88 617.736348
Person 414.72 490.348548 551.68 547.3208320000001
Person 620.8 516.5942719999999 648.32 562.684112
Person 644.48 516.5942719999999 673.28 572.286524
Person 661.76 519.795076 684.16 570.365752
Person 680.96 532.5975679999999 743.04 613.895528
Person 854.4 522.35514 871.68 566.524932
Person 871.68 507.63187600000003 921.6 642.70204
Person 919.04 522.35514 951.68 637.5811880000001
Person 922.88 507.63187600000003 956.8 553.72244
