Person 0.0 106.93 241.28 679.35944
Person 201.6 439.24668 256.64 620.45172
Person 262.4 288.13572 320.0 503.27684
Person 267.52 601.88296 377.6 679.35944
Person 279.04 220.26356 334.08 357.9282
Person 341.12 316.94936 417.28 540.4143600000001
Person 351.36 0.0 369.92 33.93608
Person 352.64 35.21652 398.72 171.60072000000002
Person 369.92 200.41436000000002 442.24 252.9192
Person 371.2 0.0 394.88 54.42584
Person 375.04 480.22619999999995 469.76 679.35944
Person 403.84 110.77199999999999 466.56 222.82512000000003
Person 408.96 0.0 446.08 66.59104
Person 419.84 206.81724 458.88 255.48008
Person 466.56 338.079 529.92 565.386
Person 474.88 247.79676000000003 527.36 300.30159999999995
Person 477.44 628.1357200000001 565.12 679.35944
Person 523.52 0.0 1023.36 436.68580000000003
Person 702.72 567.94756 816.0 679.35944
Person 759.68 294.5386 901.12 534.01148
Person 763.52 601.88296 824.96 650.5458
Person 823.68 567.94756 856.32 607.0054
Person 844.8 439.24668 1023.36 679.35944
Person 865.92 350.24488 935.04 534.01148
Person 872.32 449.49156 956.16 591.6387599999999
