Person 288.0 582.55209 355.84 718.9079849999999
Person 0.0 300.878325 216.32 378.339165
Person 44.16 256.06692000000004 54.4 279.75285
Person 59.52 253.506465 71.68 277.192395
Person 66.56 256.06692000000004 92.8 279.75285
Person 221.44 300.878325 238.72 343.13004
Person 224.64 735.55209 265.6 763.07985
Person 240.0 298.31786999999997 258.56 339.28897499999994
Person 250.88 298.31786999999997 262.4 334.80760499999997
Person 262.4 295.75741500000004 275.84 343.13004
Person 282.24 284.87452499999995 324.48 327.125475
Person 286.72 740.673765 305.28 764.359695
Person 336.0 579.3513300000001 357.12 691.38099
Person 371.84 252.22585500000002 379.52 277.192395
Person 376.96 250.94524500000003 390.4 275.911785
Person 404.48 370.657035 661.76 530.0585550000001
Person 432.64 548.623575 457.6 612.0
Person 451.2 471.80303999999995 485.12 564.627375
Person 478.72 487.8076049999999 511.36 576.15057
Person 513.92 516.61521 544.64 613.28061
Person 564.48 506.37262499999997 599.68 598.5566550000001
Person 661.76 414.18859499999996 682.88 490.36806
Person 821.76 612.640305 850.56 731.0714849999999
Person 826.88 633.7657800000001 871.68 764.359695
Person 909.44 280.393155 980.48 329.68593
Person 983.04 308.560455 1004.16 346.33079999999995
Person 1008.0 304.07985 1023.36 353.37262499999997
