Person 504.32 110.843387 793.6 574.078575
Person 0.0 25.628209000000002 101.12 393.3977550000001
Person 67.84 129.423719 386.56 608.6773059999999
Person 172.8 58.304978 288.64 389.5531480000001
Person 328.96 100.59223999999999 544.0 460.672572
Person 357.76 76.88531 430.08 367.12820899999997
Person 523.52 67.915471 588.8 145.442118
Person 586.24 78.16730100000001 642.56 142.878819
Person 634.88 73.041386 684.8 155.69326500000003
Person 826.24 231.937921 877.44 324.200976
Person 847.36 174.27359700000002 936.32 329.326208
Person 923.52 83.292533 1013.76 220.405466
Person 969.6 213.357589 1023.36 424.79253300000005
