Person 86.4 685.44 115.839744 734.08
Person 108.80025600000002 685.44 122.88 725.12
Person 194.55974399999997 449.28 222.71999999999997 513.92
Person 201.60000000000002 929.92 224.64 991.36
Person 273.279744 571.52 290.55974399999997 636.16
Person 303.36 1012.48 318.71999999999997 1023.36
Person 316.79999999999995 991.36 348.800256 1023.36
Person 323.840256 337.28 350.079744 416.0
Person 341.76 364.8 355.839744 403.84
Person 353.919744 177.92 385.280256 279.04
Person 382.08 1010.56 394.23974400000003 1023.36
Person 392.319744 975.36 415.359744 1023.36
Person 392.319744 170.88 435.84000000000003 273.92
Person 416.64 177.92 451.839744 282.88
Person 518.4000000000001 819.84 547.839744 872.32
Person 549.759744 659.2 570.8797440000001 718.72
Person 588.159744 538.24 618.24 622.08
Person 597.12 181.12 630.399744 302.08
Person 605.439744 860.16 631.6800000000001 928.64
Person 631.040256 165.12 704.000256 332.16
Person 700.160256 762.24 726.399744 833.92
