Person 62.72 523.33611 104.96 620.581808
Person 96.0 509.260994 162.56 628.259082
Person 168.96 529.7332700000001 200.96 608.42584
Person 203.52 523.33611 217.6 603.30743
Person 208.64 495.825594 298.88 681.3602840000001
Person 288.64 509.260994 383.36 670.483748
Person 366.08 516.938268 417.28 651.93062
Person 427.52 528.453838 471.04 681.3602840000001
Person 464.64 516.938268 518.4 678.1610219999999
Person 504.96 525.894974 552.32 681.3602840000001
Person 578.56 513.09929 643.2 676.8815900000001
Person 682.24 524.615542 698.24 578.35646
Person 702.08 532.932532 721.92 584.1145859999999
Person 727.04 519.497132 750.72 589.232314
Person 748.16 509.260994 798.72 604.5875440000001
Person 764.8 510.540426 784.64 582.1954380000001
Person 785.92 522.055996 804.48 600.748566
Person 803.2 502.223436 877.44 639.134936
Person 851.2 524.615542 873.6 569.3997539999999
Person 876.16 511.81985799999995 960.64 680.720568
Person 903.68 518.2177 952.32 590.5124280000001
Person 944.64 513.09929 1000.96 589.232314
