Person 48.0 185.00000200000002 711.000064 681.000188
Person 236.000256 113.99971 272.0 187.000308
Person 243.00032000000002 90.00013 263.000064 131.99973599999998
Person 243.00032000000002 142.999714 284.99967999999996 235.00015000000002
Person 275.999744 109.99978000000002 302.00012799999996 164.99966999999998
Person 282.99980800000003 134.999854 328.999936 245.000316
Person 325.999616 135.999666 369.000448 239.999892
Person 437.999616 122.00025199999999 458.000384 192.999862
Person 462.99955199999994 119.00013399999999 487.00006399999995 159.999928
Person 515.00032 131.99973599999998 556.0002559999999 239.00008000000003
Person 583.999488 142.999714 622.000128 239.00008000000003
Person 604.0002559999999 362.00014400000003 700.0002559999999 565.999984
Person 625.999872 148.000138 666.999808 232.00003200000003
Person 679.000064 130.000112 716.99968 240.99970399999998
Person 711.000064 305.99976000000004 757.000192 413.000104
Person 711.000064 262.99966 759.000064 359.99983799999995
Person 728.000512 119.00013399999999 880.0 264.999966
Person 771.00032 268.00008399999996 1018.999808 481.000278
Person 874.0003839999999 123.000064 1022.999552 258.99973
