Person 7.04 353.03313799999995 224.64 641.9947289999999
Person 183.68 106.358126 755.84 682.3593460000001
Person 643.2 319.075061 794.24 565.108736
Person 668.16 469.00175700000005 760.96 660.575061
Person 763.52 421.58926299999996 816.0 575.3605660000001
Person 842.88 430.559102 884.48 531.7919959999999
Person 848.0 458.109956 968.32 682.3593460000001
Person 869.12 438.88828700000005 919.04 516.4149339999999
Person 919.04 444.01420199999995 958.08 535.6359199999999
Person 1006.72 450.421425 1023.36 584.330405
