Person 95.36 292.011258 133.12 368.215892
Person 100.48 372.05827999999997 155.52 491.80861400000003
Person 120.32 281.765572 186.88 361.811912
Person 121.6 255.50993599999998 161.92 300.97682999999995
Person 134.4 348.364236 210.56 466.833774
Person 171.52 259.352324 213.12 341.96025599999996
Person 213.12 267.03641799999997 252.8 332.995366
Person 221.44 297.13444200000004 265.6 400.874826
Person 252.8 277.282786 280.32 345.802644
Person 260.48 356.049012 336.64 469.39536599999997
Person 277.76 277.282786 307.84 329.793376
Person 307.84 267.03641799999997 328.96 316.986098
Person 323.2 344.52184800000003 365.44 446.98211799999996
Person 330.24 247.184762 361.6 294.57285
Person 339.2 263.19403 365.44 327.231784
Person 349.44 320.828486 410.24 422.007278
Person 366.72 280.484776 399.36 369.496688
Person 389.12 285.607278 424.32 399.594712
Person 390.4 242.06226 412.8 293.292054
Person 411.52 267.03641799999997 439.04 331.074172
Person 428.16 285.607278 461.44 372.05827999999997
Person 451.84 319.54769 503.04 436.09603400000003
Person 470.4 247.184762 500.48 292.011258
Person 474.24 281.765572 501.76 377.18146400000006
Person 487.68 220.929808 515.2 286.88807399999996
Person 496.0 571.855636 554.24 680.719204
Person 499.2 280.484776 530.56 368.215892
Person 513.92 256.790732 533.12 294.57285
Person 523.52 448.903312 573.44 574.417228
Person 531.84 284.326482 558.08 360.53111600000005
Person 535.04 270.878806 563.84 313.14371
Person 542.08 327.872182 574.72 396.392722
Person 548.48 368.85629 594.56 460.42979399999996
Person 577.92 277.282786 609.28 373.33907600000003
Person 579.2 259.352324 606.72 295.85364599999997
Person 619.52 342.600654 665.6 457.86888400000004
Person 620.16 263.19403 646.4 356.049012
Person 636.8 252.30794600000002 656.64 320.828486
Person 651.52 413.042388 731.52 544.319204
Person 652.8 245.90396600000003 672.64 302.25694400000003
Person 661.76 274.72119399999997 695.04 377.18146400000006
Person 676.48 490.527818 753.92 604.51457
Person 686.72 570.57484 779.52 681.3596020000001
Person 688.0 243.34305600000002 712.96 297.13444200000004
Person 692.48 281.765572 726.4 335.556958
Person 705.28 388.067548 734.08 432.253646
Person 723.84 366.29469800000004 769.28 468.75496799999996
Person 726.4 236.939076 756.48 313.14371
Person 732.8 267.03641799999997 765.44 345.802644
Person 743.04 255.50993599999998 776.32 288.16887
Person 748.8 404.717214 820.48 585.9437099999999
Person 751.36 240.78146399999997 777.6 268.317214
Person 759.04 231.815892 785.28 263.19403
Person 765.44 299.696034 807.68 360.53111600000005
Person 773.76 382.94436400000006 837.76 455.94768999999997
Person 778.88 273.440398 811.52 315.70530199999996
Person 794.24 243.34305600000002 830.08 286.88807399999996
Person 798.72 249.746354 824.96 299.696034
Person 810.24 270.878806 860.16 350.92582799999997
Person 821.76 300.97682999999995 870.4 378.46226
Person 853.76 311.86291400000005 926.72 399.594712
Person 858.88 409.840398 945.28 545.6
Person 864.0 273.440398 913.92 336.837754
Person 903.68 309.301322 952.96 413.042388
Person 904.96 399.594712 1022.72 539.836418
Person 908.8 242.06226 944.0 285.607278
Person 917.76 256.790732 960.0 299.696034
Person 919.04 345.802644 981.12 425.849666
Person 925.44 268.317214 981.12 315.70530199999996
Person 942.72 302.25694400000003 987.52 363.09270799999996
Person 979.2 268.317214 1023.36 320.828486
Person 986.24 292.011258 1023.36 398.31391600000006
