Person 349.44 326.82994 433.28 511.671025
Person 49.92 346.017475 152.32 441.955835
Person 195.84 339.62163 270.72 454.74821
Person 268.16 271.18602000000004 349.44 399.743395
Person 286.08 328.748625 353.28 415.732665
Person 383.36 0.0 816.64 288.45487
Person 459.52 331.30710000000005 528.0 428.52504000000005
Person 484.48 496.96065 824.32 684.36021
Person 526.72 315.956935 619.52 491.844385
Person 622.08 324.911255 705.92 473.295955
Person 729.6 331.30710000000005 798.08 468.179005
Person 821.76 334.505365 905.6 431.08283000000006
Person 915.84 310.84067 1014.4 450.91015500000003
