Person 173.44 80.612433 208.64 111.96123000000001
Person 474.24 67.176738 512.0 117.07959
Person 529.28 62.058378 560.64 142.031016
Person 559.36 71.015508 595.84 143.31060599999998
Person 613.12 65.89714799999999 649.6 102.364884
Person 657.92 73.574688 690.56 103.644474
Person 696.32 72.934893 718.72 101.72508900000001
Person 772.48 75.494073 800.0 104.28368999999999
Person 798.72 69.09612299999999 823.68 105.56328
Person 862.08 6.397950000000001 981.76 257.191221
Person 956.8 49.902852 1002.88 173.380392
