Person 0.0 315.230454 96.64 467.720449
Person 70.4 207.59102 121.6 307.54192300000005
Person 94.08 253.72220600000003 140.16 322.91898499999996
Person 149.12 237.70449 187.52 285.11698399999995
Person 192.64 235.14187400000003 236.8 272.943875
Person 218.88 332.530161 355.2 446.576818
Person 234.24 252.440898 280.32 300.49404599999997
Person 264.32 231.29726699999998 302.72 274.225183
Person 271.36 262.692045 318.72 382.505271
Person 360.32 281.913714 448.0 392.757101
Person 364.16 260.129429 427.52 309.464568
Person 456.32 353.03313799999995 597.76 635.587506
Person 474.24 342.78130799999997 655.36 560.6241580000001
Person 739.84 303.697999 841.6 408.774817
Person 839.04 346.62591499999996 1006.08 517.696242
Person 936.32 354.314446 1012.48 458.109956
