Person 744.96 147.762708 879.36 657.575103
Person 94.08 107.463975 878.72 663.332163
Person 98.56 189.34063500000002 188.8 361.410777
Person 199.04 182.94397800000002 234.88 378.68127000000004
Person 231.04 182.94397800000002 288.64 436.251183
Person 268.8 180.38558999999998 336.0 476.55060299999997
Person 336.0 184.223172 398.72 508.53320099999996
Person 397.44 109.382766 523.52 587.2125629999999
Person 510.08 175.268127 560.0 421.53907799999996
Person 547.2 156.71775300000002 664.96 556.508472
Person 646.4 163.11441000000002 723.84 487.424439
Person 712.32 135.608991 791.04 534.7601129999999
