Person 1.92 519.131225 34.56 596.584791
Person 30.72 487.76581600000003 60.8 522.971734
Person 76.8 560.0982479999999 179.2 681.720058
Person 208.0 480.724769 256.64 619.628528
Person 254.08 466.64199199999996 304.0 624.109691
Person 346.88 490.326383 384.0 538.974424
Person 371.84 569.059891 461.44 647.7940820000001
Person 428.16 171.549793 560.64 436.556525
Person 479.36 536.41454 596.48 642.6729479999999
Person 618.88 346.30080699999996 634.24 372.545765
Person 618.88 277.808884 635.52 306.61372600000004
Person 620.16 309.174293 635.52 342.460298
Person 928.0 490.326383 1023.36 681.720058
