Person 104.32 209.28000000000003 144.0 247.68
Person 151.04 179.840256 186.24 251.52
Person 209.92 203.52 301.44 517.119744
Person 213.76 225.920256 304.0 560.64
Person 234.24 177.279744 259.2 236.79974399999998
Person 240.64 200.960256 331.52 498.56025600000004
Person 263.04 182.39999999999998 275.2 206.079744
Person 266.88 178.56 286.72 209.28000000000003
Person 288.0 188.799744 327.68 268.160256
Person 306.56 220.79999999999998 412.16 565.760256
Person 334.72 163.839744 363.52 211.839744
Person 355.84 176.000256 371.84 192.0
Person 390.4 168.320256 415.36 203.52
Person 392.96 190.719744 415.36 264.320256
Person 400.64 231.680256 501.12 584.960256
Person 414.08 206.079744 531.84 531.84
Person 444.16 169.599744 466.56 225.920256
Person 474.88 211.839744 564.48 476.15999999999997
Person 499.84 225.920256 653.44 602.88
Person 552.96 225.920256 648.32 567.680256
Person 605.44 214.400256 652.16 305.28000000000003
Person 652.16 215.679744 791.04 586.239744
Person 666.88 209.28000000000003 759.04 559.359744
Person 734.08 190.719744 808.32 518.4000000000001
Person 807.04 236.79974399999998 887.68 555.519744
