Person 71.04 179.08503 102.4 228.972895
Person 71.68 496.96065 158.08 684.36021
Person 94.72 159.257705 129.92 223.21684
Person 229.76 303.165245 556.8 480.33159
Person 284.16 496.96065 355.2 651.741195
Person 321.28 423.40809 416.0 527.02119
Person 336.64 496.96065 411.52 684.36021
Person 371.2 427.24546 416.0 575.63016
Person 456.96 413.174875 508.16 578.188635
Person 484.48 418.29114 557.44 684.36021
Person 551.04 429.80393499999997 624.64 676.6854700000001
Person 599.68 340.26142 672.0 480.97138
Person 615.68 425.966565 698.24 651.741195
Person 698.24 401.02229 760.96 658.13704
Person 753.28 431.08283000000006 834.56 621.6806549999999
Person 755.84 385.03302 788.48 474.57485
Person 798.72 402.30187 823.68 463.701845
Person 808.32 417.012245 868.48 618.48239
Person 862.08 443.23541500000005 938.24 603.13291
Person 900.48 414.45376999999996 956.8 578.188635
