Person 0.0 343.040256 65.28 541.4399999999999
Person 0.0 159.35999999999999 78.72 433.280256
Person 184.32 340.479744 295.68 503.04
Person 326.4 319.359744 448.0 460.79999999999995
Person 372.48 375.03974400000004 490.24 546.560256
Person 384.0 200.319744 418.56 296.96025599999996
Person 458.24 447.36 565.76 767.360256
Person 480.64 304.640256 588.16 444.800256
Person 492.8 205.44 561.28 357.759744
Person 560.0 364.160256 679.04 515.199744
Person 581.12 216.320256 611.84 311.04
Person 619.52 302.079744 701.44 411.519744
Person 683.52 240.0 716.16 328.32
Person 684.8 183.03974399999998 724.48 259.839744
Person 709.76 340.479744 864.64 475.520256
Person 718.72 199.040256 771.84 325.760256
Person 769.28 195.20025600000002 816.64 258.560256
Person 773.12 231.680256 802.56 283.520256
Person 811.52 218.88 839.04 304.640256
Person 839.04 314.240256 1013.76 444.800256
Person 868.48 192.0 899.84 303.36
Person 899.84 204.159744 942.72 312.320256
