Person 0.0 272.015916 39.68 421.144701
Person 0.0 426.90528 58.24 680.35986
Person 0.0 64.643925 758.4 308.498448
Person 55.68 328.33938300000005 149.76 680.35986
Person 78.72 266.895477 128.64 328.33938300000005
Person 92.16 291.21739199999996 186.88 606.115878
Person 219.52 403.223505 388.48 680.35986
Person 388.48 313.61820600000004 517.12 680.35986
Person 429.44 388.503009 606.08 680.35986
Person 464.64 71.043963 483.2 87.04542000000001
Person 501.76 72.324243 513.28 101.12577600000002
Person 572.16 72.324243 595.84 101.12577600000002
Person 576.0 578.593944 721.92 680.35986
Person 721.92 345.620439 837.12 680.35986
Person 769.28 382.10229 885.76 547.231851
Person 784.64 421.144701 954.24 680.35986
Person 885.76 487.068906 1023.36 680.35986
