Person 320.64 461.467392 369.28 626.596953
Person 238.08 485.14848600000005 279.68 643.8780089999999
Person 264.32 470.427309 324.48 624.0363930000001
Person 375.68 453.14693400000004 425.6 608.035617
Person 391.04 14.081037 494.72 70.40382299999999
Person 410.88 78.08482199999999 514.56 156.80910300000002
Person 421.76 451.86665400000004 467.2 608.035617
Person 444.8 436.505337 493.44 592.674981
Person 476.8 439.065897 522.24 585.634122
Person 517.12 430.745439 556.8 576.673524
Person 519.68 420.504561 551.68 453.14693400000004
Person 544.64 416.664402 586.88 571.5537660000001
Person 574.72 420.504561 620.8 563.8734479999999
Person 634.24 407.703804 680.96 554.27271
Person 678.4 466.58715 732.16 554.27271
Person 728.32 456.987093 784.64 520.350738
Person 782.08 461.467392 825.6 512.6704199999999
Person 840.32 455.70681299999995 880.64 512.6704199999999
Person 884.48 403.223505 935.68 485.14848600000005
