Person 0.0 51.257101 58.24 285.11698399999995
Person 0.64 130.065056 30.72 269.099268
Person 184.32 76.24465599999999 251.52 257.566813
Person 211.84 80.08926299999999 310.4 340.218692
Person 280.32 169.789019 472.96 624.054368
Person 455.68 153.771303 602.88 642.635383
Person 500.48 24.987555 599.04 126.220449
Person 516.48 149.926696 861.44 658.012445
Person 574.08 39.723963000000005 614.4 86.496486
Person 613.12 147.36407999999997 896.64 572.797267
Person 668.16 35.239385 756.48 137.753587
Person 791.68 143.51947299999998 920.32 488.86408000000006
Person 916.48 8.969839 992.64 212.71693499999998
Person 933.76 118.531918 1018.88 465.15783300000004
