Person 555.794432 292.22456 636.217344 533.48924
Person 61.313024 312.13088 132.97664 472.974
Person 233.306112 287.44756 375.83872 516.76804
Person 378.22668799999997 292.22456 422.022144 410.07059999999996
Person 394.151936 311.3346 488.11212800000004 538.26692
Person 406.892544 297.79852 444.317696 384.59032
Person 474.57587199999995 280.28104 520.759296 398.1264
Person 569.331712 277.8922 615.515136 350.35096000000004
Person 648.957952 277.8922 890.2266880000001 374.23868000000004
Person 733.362176 295.40968000000004 812.192768 538.26692
Person 911.726592 292.22456 941.9847679999999 372.64612
Person 942.7804160000001 281.8736 972.242944 372.64612
