Person 0.0 453.76 58.907706999999995 586.88
Person 30.734623000000003 444.8 108.210604 528.64
Person 139.585035 411.52 214.500246 698.88
Person 153.67157699999998 313.6 201.054281 404.48
Person 199.13331900000003 174.08 249.716601 231.68
Person 272.767376 313.6 326.552774 382.08
Person 333.596045 201.6 384.81990399999995 270.08
Person 384.81990399999995 208.64 440.526264 291.2
Person 489.829161 458.88 566.6653339999999 525.44
Person 496.232624 369.92 703.0490219999999 824.32
Person 521.204361 444.8 578.830914 525.44
Person 696.005751 369.92 768.359423 686.08
