Person 0.0 145.98852 23.68 213.86068000000003
Person 8.32 169.67972 23.68 234.99032
Person 18.56 401.4686 44.8 467.41975999999994
Person 42.24 397.62728 69.76 461.01687999999996
Person 127.36 373.93608 160.64 439.88724
Person 164.48 413.63448 207.36 472.5422
Person 193.28 411.07359999999994 215.68 464.85888
Person 195.84 336.158 233.6 411.07359999999994
Person 206.08 408.51204 243.2 467.41975999999994
Person 236.8 306.06391999999994 358.4 397.62728
Person 244.48 373.93608 275.84 445.00968000000006
Person 275.84 476.3842 309.76 552.58024
Person 291.84 386.10196 464.64 506.47828
Person 299.52 329.75512000000003 321.92 405.95115999999996
Person 315.52 341.28044 339.84 411.07359999999994
Person 320.64 482.78708000000006 345.6 557.7026800000001
Person 346.88 497.51384 385.92 573.70988
Person 349.44 277.25028 496.0 398.90772
Person 352.0 450.13212 378.24 505.19784
Person 378.24 439.88724 403.2 512.24128
Person 428.16 475.10376 453.12 543.6158
Person 437.12 384.82084 462.08 434.76480000000004
Person 439.68 323.99280000000005 467.2 379.6984
Person 439.68 528.88904 467.2 583.95476
Person 444.8 528.88904 467.2 594.8402
Person 454.4 473.82331999999997 483.2 543.6158
Person 455.68 373.93608 478.08 445.00968000000006
Person 484.48 329.75512000000003 510.72 397.62728
Person 492.16 488.55008000000004 523.52 547.4578
Person 497.28 382.25996000000004 519.68 463.57844
Person 504.32 300.94148 568.32 411.07359999999994
Person 514.56 407.2316 536.96 471.26176
Person 523.52 493.67252 555.52 556.42156
Person 533.12 270.20684 554.24 309.90592
Person 535.68 450.13212 560.64 480.22619999999995
Person 536.96 387.38239999999996 555.52 452.693
Person 536.96 469.98132 561.92 534.01148
Person 554.24 398.90772 576.0 461.01687999999996
Person 555.52 296.45959999999997 572.16 347.68332
Person 559.36 448.851 577.92 518.6441599999999
Person 572.16 329.75512000000003 593.28 402.74972
Person 573.44 405.95115999999996 606.72 476.3842
Person 574.72 534.01148 624.64 581.39388
Person 579.2 299.02047999999996 727.04 418.75692
Person 600.96 416.19604 635.52 487.2696399999999
Person 630.4 423.87936 648.32 493.67252
Person 632.96 426.44092 669.44 494.9529600000001
Person 633.6 514.16228 665.6 583.95476
Person 695.68 484.70808000000005 721.92 558.98312
Person 696.96 383.54040000000003 721.92 451.41256000000004
Person 700.8 452.693 752.0 505.19784
Person 714.24 400.18816000000004 736.64 458.456
Person 724.48 492.3914 745.6 556.42156
Person 732.16 392.50484 749.44 459.73644
Person 759.68 411.07359999999994 792.96 463.57844
Person 764.16 497.51384 790.4 563.4649999999999
Person 774.4 510.96016 803.2 571.149
Person 776.96 387.38239999999996 803.2 453.97344
Person 791.68 492.3914 824.32 527.6086
Person 800.64 412.35404 834.56 458.456
Person 810.88 368.81364 828.16 417.4764799999999
Person 838.4 566.02656 858.24 618.5314
Person 842.88 544.89624 854.4 578.83232
Person 858.24 615.96984 889.6 671.03556
Person 874.24 573.70988 899.2 631.33716
Person 934.4 267.64596 968.32 329.75512000000003
