Person 0.0 429.465159 19.2 560.6727480000001
Person 70.4 393.623448 131.2 590.754561
Person 107.52 401.943906 181.12 565.7931870000001
Person 163.84 422.424981 213.76 568.353066
Person 218.88 454.426533 267.52 554.9128499999999
Person 300.16 456.987093 353.92 539.5515330000001
Person 325.12 448.66663500000004 408.96 570.9136259999999
Person 378.88 465.947691 462.72 573.4735049999999
Person 545.92 56.963606999999996 654.08 293.137131
Person 657.28 42.24243 751.36 307.218168
Person 742.4 477.468168 794.88 533.151495
