Person 664.000512 20.799744 750.400512 131.19974399999998
Person 0.0 259.20000000000005 62.400512 766.400256
Person 334.39948799999996 636.800256 382.39948799999996 710.4000000000001
Person 337.60051200000004 742.400256 377.6 766.400256
Person 364.8 638.4000000000001 398.39948799999996 705.5999999999999
Person 382.39948799999996 740.7997439999999 408.000512 766.400256
Person 625.599488 150.399744 713.6 220.79999999999998
Person 768.0 54.399744000000005 824.000512 123.200256
Person 775.999488 54.399744000000005 833.599488 123.200256
Person 812.8 1.5997439999999998 1022.4005119999999 611.199744
Person 865.5994880000001 409.599744 907.2005119999999 484.79999999999995
Person 876.8 406.400256 920.000512 486.39974400000006
