Person 29.44 372.254124 58.24 463.235188
Person 59.52 362.00297699999993 96.0 459.391264
Person 62.08 409.415471 117.12 563.186774
Person 108.16 395.96037099999995 161.92 545.88775
Person 139.52 314.5898 164.48 355.59575400000006
Person 149.76 393.3977550000001 199.68 556.138897
Person 154.88 314.5898 182.4 347.266569
Person 186.88 392.116447 245.76 547.169058
Person 207.36 350.469839 247.04 394.679063
Person 236.8 381.864617 304.64 553.576281
Person 259.84 343.421962 295.68 392.116447
Person 305.92 386.990532 359.68 553.576281
Person 318.08 370.9728160000001 376.96 423.511225
Person 344.32 359.439678 379.52 403.00824800000004
Person 379.52 378.02069300000005 446.72 552.29429
Person 382.08 358.15836999999993 408.32 383.146608
Person 412.16 359.439678 459.52 390.83513899999997
Person 432.0 378.02069300000005 467.2 524.744119
Person 475.52 385.709224 533.12 554.857589
Person 481.92 363.284285 505.6 388.27184
Person 490.88 355.59575400000006 506.88 374.8174230000001
Person 506.88 347.266569 538.24 383.146608
Person 514.56 378.02069300000005 554.24 531.151342
Person 543.36 365.846901 602.24 514.492289
Person 554.24 342.140654 589.44 376.73938499999997
Person 593.28 339.578038 628.48 374.8174230000001
Person 609.28 351.75114700000006 638.08 478.61225
Person 619.52 351.75114700000006 665.6 472.20570999999995
Person 620.8 351.75114700000006 638.08 461.95388
Person 654.72 351.75114700000006 699.52 455.546657
Person 665.6 356.877062 689.28 430.559102
Person 812.16 320.997023 841.6 379.302001
Person 837.12 294.72815999999995 871.68 381.864617
Person 874.24 278.06910700000003 905.6 378.02069300000005
Person 910.72 274.225183 922.88 309.464568
