Person 184.96 186.348998 193.92 200.43775399999998
Person 186.24 227.97350399999996 255.36 262.55431400000003
Person 196.48 291.37086 208.64 315.064904
Person 201.6 285.607278 233.6 313.14371
Person 216.32 175.46291399999998 256.64 206.841052
Person 234.88 304.178138 252.8 336.837754
Person 243.84 304.178138 276.48 346.443042
Person 250.24 240.141066 262.4 267.67681600000003
Person 252.8 208.121848 276.48 234.37748399999998
Person 258.56 171.620526 276.48 196.59536599999998
Person 298.88 132.557612 335.36 154.33046199999998
Person 305.28 313.78410799999995 313.6 329.15297799999996
Person 306.56 332.995366 353.92 414.32318399999997
Person 311.04 183.788088 334.08 220.28941000000003
Person 313.6 288.809268 322.56 308.020526
Person 322.56 145.36557200000001 352.64 190.191386
Person 328.96 301.617228 332.8 315.064904
Person 331.52 136.4 375.04 151.76887
Person 344.96 229.2543 361.6 256.790732
Person 355.2 310.582118 369.92 327.872182
Person 367.36 133.83840800000002 384.0 169.058934
Person 367.36 377.821862 424.96 414.32318399999997
Person 369.92 300.33643200000006 389.76 332.995366
Person 371.2 332.995366 385.28 361.811912
Person 376.32 283.045686 392.32 306.73972999999995
Person 380.16 147.92648200000002 482.56 172.901322
Person 386.56 238.86027 397.44 276.642388
Person 387.84 336.837754 401.28 361.811912
Person 392.32 180.586098 410.24 206.841052
Person 393.6 233.09668800000003 405.12 275.36159200000003
Person 402.56 231.815892 421.12 276.642388
Person 402.56 305.458934 421.12 334.276162
Person 408.96 174.182118 421.12 195.31457
Person 416.0 336.837754 424.96 355.408614
Person 421.12 254.22914 443.52 296.49404400000003
Person 423.68 359.25100199999997 455.04 410.480796
Person 424.96 338.11855 440.32 359.25100199999997
Person 430.08 297.77484 444.8 327.872182
Person 431.36 212.604634 452.48 258.071528
Person 433.92 326.59138599999994 455.04 354.127818
Person 439.04 186.348998 465.28 213.88543
Person 449.92 222.85100200000002 553.6 270.238408
Person 462.72 234.37748399999998 486.4 270.238408
Person 466.56 352.84702200000004 504.96 401.51522399999993
Person 488.96 135.119204 552.32 188.91058999999998
Person 523.52 330.43377399999997 577.28 414.32318399999997
Person 541.44 254.22914 553.6 283.045686
Person 541.44 192.752978 573.44 231.815892
Person 544.0 137.68079600000002 579.84 169.058934
Person 587.52 268.957612 678.4 411.76159200000006
Person 591.36 132.557612 599.68 150.488074
Person 596.48 180.586098 618.88 211.323838
Person 604.8 224.131116 615.04 241.421862
Person 609.92 133.83840800000002 632.32 185.068884
Person 628.48 219.008614 641.28 238.86027
Person 633.6 138.961592 643.84 160.094044
Person 656.0 135.119204 667.52 166.497342
Person 709.76 202.358948 730.88 221.57020599999998
Person 709.76 292.651656 736.0 343.88145000000003
Person 717.44 166.497342 743.68 201.71855
Person 723.84 242.70265799999999 737.28 261.27351799999997
Person 733.44 226.05231 742.4 240.141066
Person 743.68 165.217228 762.24 191.47218200000003
Person 744.96 299.05563599999994 757.12 317.626496
Person 746.24 320.188088 777.6 341.32054
Person 748.8 272.8 764.8 292.651656
Person 759.68 296.49404400000003 769.92 315.064904
Person 759.68 176.74371000000002 796.16 215.16622599999997
Person 769.92 274.080796 784.64 292.651656
Person 777.6 296.49404400000003 787.2 308.66092399999997
Person 780.16 311.22251600000004 793.6 342.600654
Person 788.48 272.8 797.44 291.37086
