Person 282.667008 641.0664959999999 329.6 720.0
Person 0.0 449.06649600000003 1022.932992 597.333504
Person 4.267008000000001 574.9332479999999 17.067007999999998 605.866752
Person 8.532992 634.666752 34.132992 689.0664959999999
Person 82.132992 642.1332480000001 96.0 653.8667519999999
Person 115.2 628.267008 140.8 675.2002560000001
Person 172.8 578.1335039999999 186.667008 614.4000000000001
Person 355.2 581.332992 366.932992 613.3332479999999
Person 413.867008 641.0664959999999 427.73299199999997 657.067008
Person 434.132992 585.5999999999999 444.8 624.0
Person 434.132992 643.2 445.867008 662.4000000000001
Person 452.26700800000003 583.466496 465.067008 621.8664960000001
Person 525.867008 586.6667520000001 536.532992 618.667008
Person 822.4 581.332992 836.267008 621.8664960000001
Person 982.4 676.2670079999999 998.4 697.599744
Person 1002.667008 583.466496 1018.667008 621.8664960000001
