Person 18.56 396.800256 89.6 541.4399999999999
Person 119.68 393.59999999999997 201.6 490.88025600000003
Person 120.96 391.68 171.52 442.23974400000003
Person 237.44 391.68 288.0 427.520256
Person 293.12 389.120256 330.24 422.40000000000003
Person 294.4 401.28 409.6 543.999744
Person 334.08 382.719744 363.52 410.24025600000004
Person 384.64 380.15999999999997 416.0 405.12
Person 490.24 361.599744 548.48 427.520256
Person 655.36 355.20000000000005 754.56 485.76
Person 835.2 327.03974400000004 867.2 371.840256
Person 912.0 323.199744 954.24 422.40000000000003
