Person 335.733431 423.68 377.38003899999995 483.2
Person 337.014739 483.2 372.254124 542.72
Person 337.014739 380.16 376.098731 434.56
Person 338.29673 523.52 399.16432399999997 613.76
Person 367.12820899999997 469.12 405.571547 539.52
Person 369.050854 394.24 407.49350899999996 439.68
Person 372.254124 322.56 409.415471 394.24
Person 372.254124 423.68 414.541386 485.12
Person 386.349878 941.44 498.474573 1023.36
Person 426.714495 474.88 503.600488 553.6
Person 515.773597 490.24 589.4556369999999 560.0
