Person 0.0 292.59297000000004 53.12 341.358408
Person 10.88 243.18559799999997 37.12 294.517746
Person 26.88 274.626684 79.36 341.358408
Person 73.6 254.73562199999998 123.52 341.358408
Person 119.68 241.902414 148.48 307.35095400000006
Person 165.76 238.694112 204.8 312.48403199999996
Person 167.04 274.626684 244.48 341.358408
Person 190.72 234.844218 213.12 269.493264
Person 204.8 241.902414 241.92 292.59297000000004
Person 229.76 194.42015999999998 420.48 341.358408
Person 360.96 150.78814200000002 432.0 196.98687000000004
Person 405.76 223.29453600000002 623.36 341.358408
Person 479.36 159.771114 569.6 223.29453600000002
Person 568.32 84.056418 620.8 198.270054
Person 608.0 158.48792999999998 740.48 341.358408
Person 727.04 187.36196400000003 914.56 341.358408
Person 905.6 203.40347400000002 1023.36 341.358408
