Person 0.0 246.03367500000002 139.52 682.3593460000001
Person 140.8 267.81795999999997 176.0 508.08506600000004
Person 143.36 267.81795999999997 207.36 563.186774
Person 168.32 257.566813 280.96 646.4793070000001
Person 241.92 265.255344 296.96 516.4149339999999
Person 283.52 266.536652 360.96 571.515959
Person 284.8 277.428453 303.36 312.66783799999996
Person 344.32 247.314983 410.88 529.869351
Person 398.72 256.926159 446.08 499.755881
Person 437.76 254.36285999999998 486.4 476.049634
Person 480.0 264.61469 524.8 452.343387
Person 517.76 266.536652 553.6 435.685017
Person 544.0 250.518936 578.56 417.104002
Person 566.4 255.644168 596.48 403.00824800000004
Person 584.96 256.926159 611.2 392.757101
Person 613.76 263.974036 642.56 359.439678
Person 652.16 265.89599799999996 683.52 354.9551
Person 682.24 267.17730600000004 718.72 354.9551
Person 708.48 263.33269900000005 730.88 348.54787699999997
Person 733.44 259.48877500000003 760.96 345.985261
Person 752.64 263.33269900000005 789.76 349.829185
Person 809.6 267.81795999999997 832.64 353.03313799999995
Person 816.0 242.189751 855.04 431.84041
Person 816.64 238.985798 891.52 461.95388
Person 886.4 265.89599799999996 906.24 364.565593
Person 902.4 254.36285999999998 940.8 367.12820899999997
Person 932.48 262.05139099999997 952.32 363.284285
