Person 0.0 442.73289400000004 20.48 511.92967300000004
Person 0.64 415.18204 39.04 594.5815520000001
Person 99.2 169.148365 558.08 682.3593460000001
Person 549.12 124.939141 625.28 310.10522199999997
Person 549.12 230.01595899999998 664.96 593.300244
Person 568.96 200.54314300000001 661.76 488.2234260000001
Person 652.8 216.560859 718.72 499.115227
Person 663.04 130.065056 741.76 426.714495
Person 762.88 140.316203 908.8 395.31971699999997
Person 766.72 52.538409 846.72 316.51244499999996
Person 856.32 126.220449 932.48 278.06910700000003
Person 901.12 69.196779 1023.36 349.18853099999995
