Person 279.13216 658.43925 330.795008 748.64764
Person 0.0 0.0 1023.2289279999999 410.946085
Person 127.228928 575.942085 153.445376 653.81335
Person 393.252864 611.407875 421.78355199999993 698.531775
Person 439.518208 536.620265 501.204992 616.033775
Person 491.18105599999996 584.42318 518.939648 669.233295
Person 567.518208 519.658075 598.361088 591.36203
Person 680.096768 594.4456849999999 704.771072 665.378935
Person 732.5296639999999 705.470625 769.542144 796.44972
Person 756.4339200000001 686.967025 789.590016 768.6934849999999
Person 762.602496 642.2486 792.674304 721.66211
Person 795.758592 655.3555949999999 828.915712 733.22686
Person 843.56608 577.4834950000001 876.7232 656.1263
Person 862.071808 377.793245 885.204992 454.1231
Person 868.241408 541.246165 901.3975039999999 627.5993599999999
Person 918.3610880000001 637.6227 946.8917759999999 723.204355
Person 934.554624 521.2003199999999 967.7107199999999 594.4456849999999
