Person 0.0 360.48975999999993 35.84 462.93788
Person 15.36 361.7702 46.72 454.614
Person 129.28 240.75332 250.24 439.24668
Person 344.32 224.10556 448.0 439.24668
Person 467.84 204.25636 588.16 443.72855999999996
Person 568.96 307.34436 595.2 412.35404
Person 584.32 302.22191999999995 624.0 413.63448
Person 673.92 150.47108 798.08 432.84380000000004
Person 780.16 287.49516 825.6 463.57844
Person 802.56 131.90232 1009.28 423.23947999999996
Person 921.6 256.76052 987.52 391.86428
Person 952.96 263.16408 975.36 324.63268
Person 962.56 238.19176000000002 1023.36 381.61940000000004
