Person 32.0 614.4000000000001 138.88 712.3199999999999
Person 149.76 601.599744 165.76 648.320256
Person 172.16 595.2 188.16 643.839744
Person 186.88 580.479744 199.68 613.760256
Person 199.68 598.400256 216.96 639.36
Person 307.2 594.560256 327.04 636.800256
Person 382.08 591.36 398.08 628.479744
Person 396.8 620.7997439999999 415.36 654.080256
Person 406.4 594.560256 420.48 623.360256
Person 411.52 595.839744 421.76 620.7997439999999
Person 414.08 607.359744 439.04 654.080256
Person 431.36 611.199744 448.64 640.640256
Person 441.6 591.36 455.04 625.92
Person 461.44 590.079744 477.44 622.08
Person 488.32 588.800256 497.28 624.639744
Person 497.28 609.920256 535.68 672.639744
Person 499.84 588.800256 515.84 623.360256
Person 518.4 584.960256 545.28 632.960256
Person 577.92 587.52 592.64 622.08
Person 590.08 591.36 603.52 622.08
Person 602.24 597.12 623.36 647.04
Person 609.92 583.6800000000001 625.92 606.080256
Person 612.48 609.920256 648.32 700.160256
Person 638.72 582.399744 648.32 620.7997439999999
Person 664.32 609.920256 705.28 660.48
Person 668.16 579.84 730.24 625.92
Person 704.0 598.400256 721.28 638.079744
Person 726.4 597.12 771.2 657.920256
Person 728.96 579.84 789.76 624.639744
Person 798.72 574.719744 818.56 614.4000000000001
Person 829.44 570.24 887.68 608.64
Person 904.96 599.679744 967.04 697.599744
Person 910.08 560.000256 936.32 623.360256
Person 926.08 566.4000000000001 943.36 613.119744
Person 979.2 603.519744 1023.36 701.439744
Person 984.32 565.119744 1002.88 598.400256
