Person 345.176064 260.099778 441.23545599999994 611.17026
Person 0.0 239.59895400000002 21.773312 465.104613
Person 15.369216 310.06951499999997 61.478912 453.57324
Person 78.129152 264.584163 131.922944 433.713237
Person 318.278656 267.146766 405.372928 456.135162
Person 338.130944 475.995165 562.271232 680.359179
Person 357.983232 233.19278699999998 397.04780800000003 298.538142
Person 400.89088 162.082086 648.085504 666.2652029999999
Person 533.453824 235.75539 588.527616 413.85323400000004
Person 664.7357440000001 212.05182299999998 683.307008 282.522384
Person 679.46496 219.73963199999997 707.0023679999999 310.06951499999997
Person 718.529536 208.207578 735.8197759999999 292.131975
Person 790.894592 283.803345 901.0432 668.827806
Person 828.6781440000001 201.16058999999998 853.6535039999999 283.803345
Person 872.2247679999999 337.617327 1023.36 680.359179
Person 876.06784 212.05182299999998 899.762176 282.522384
Person 924.737536 292.131975 1011.191808 448.448034
