Person 72.53299200000001 475.1466 132.267008 678.57744
Person 106.66700800000001 398.32632 157.867008 465.18800000000005
Person 133.689344 486.52708 193.422336 665.77372
Person 197.689344 503.59848 241.77766400000002 668.61952
Person 233.244672 503.59848 294.4 671.46464
Person 244.622336 445.27216 312.889344 486.52708
Person 281.6 496.48568000000006 300.089344 581.84132
Person 292.977664 493.63987999999995 338.489344 654.39324
Person 317.155328 497.90824000000003 379.73299199999997 668.61952
Person 338.489344 455.23008000000004 385.422336 489.3722
Person 372.62233599999996 514.97896 430.932992 670.0420799999999
Person 379.73299199999997 485.10452000000004 439.467008 607.4473999999999
Person 425.244672 448.11728 486.4 495.06244000000004
Person 438.044672 516.40152 489.244672 668.61952
Person 494.932992 512.13384 548.977664 670.0420799999999
Person 564.622336 519.24664 625.777664 675.73232
Person 627.2 502.17591999999996 698.310656 678.57744
Person 709.689344 506.44359999999995 769.4223360000001 678.57744
Person 746.667008 543.43084 877.510656 674.30976
Person 883.2 492.21732 935.822336 665.77372
Person 934.4 570.4601600000001 1004.089344 678.57744
Person 935.822336 502.17591999999996 1022.577664 601.7571600000001
