Person 144.64 487.06332800000007 202.88 621.00626
Person 32.64 380.67875599999996 58.88 455.660622
Person 121.6 447.96999200000005 176.64 563.327504
Person 202.88 460.787924 254.08 556.918538
Person 232.96 488.34499200000005 285.44 626.773748
Person 257.92 438.356866 289.28 538.333118
Person 268.8 360.81167199999993 295.04 434.511874
Person 297.6 464.632916 337.92 609.469992
Person 398.72 175.59895 426.24 235.200202
Person 430.08 175.59895 448.0 229.432714
Person 467.84 367.860824 500.48 446.68832800000007
Person 640.0 369.143134 661.12 445.406664
Person 668.8 369.143134 686.08 446.68832800000007
Person 771.2 326.84499200000005 797.44 413.363126
Person 830.08 301.851252 841.6 344.148748
Person 836.48 305.69624400000004 853.76 346.712076
Person 852.48 372.988126 874.88 447.96999200000005
Person 896.0 394.136874 911.36 455.660622
Person 904.96 458.22395 933.76 550.510218
Person 936.32 437.07520199999993 961.28 547.946244
