Person 0.648192 548.3314079999999 9.06752 589.7637
Person 16.192512 488.77254 34.975744 552.863052
Person 22.669311999999998 580.700412 40.157184 646.085916
Person 41.452544 586.5270479999999 68.65510400000001 667.449972
Person 56.348672 525.673188 73.189376 567.1054800000001
Person 71.89401600000001 519.846552 87.43833599999999 561.2788439999999
Person 75.780096 579.4054199999999 93.915136 667.449972
Person 89.381888 510.13576800000004 103.630848 555.453036
Person 90.67724799999999 468.70347599999997 110.75481599999999 525.673188
Person 115.936256 451.87189200000006 137.31020800000002 484.240896
Person 137.9584 250.53624000000002 158.036992 308.800944
Person 139.25376 514.0207439999999 147.674112 545.742252
Person 140.54912 458.99269200000003 167.75168 487.47754799999996
Person 167.75168 464.819328 183.297024 506.899116
Person 171.63776000000001 484.240896 187.18310400000001 532.793988
Person 172.285952 574.873776 203.37459199999998 643.49676
Person 178.115584 248.59457999999998 198.193152 308.800944
Person 187.18310400000001 466.11432 205.966336 515.962404
Person 188.478464 685.576548 209.852416 788.5101960000001
Person 206.613504 560.631348 230.57817599999998 626.0168520000001
Person 208.55705600000002 687.5182080000001 248.71321600000002 798.2201520000001
Person 231.87353599999997 569.0479680000001 345.86726400000003 716.0030639999999
Person 247.417856 451.87189200000006 257.133568 494.59917600000006
Person 251.303936 667.449972 279.80287999999996 778.1519159999999
Person 264.25856 434.392812 290.16576000000003 464.819328
Person 283.040768 468.70347599999997 297.290752 495.89334
Person 286.27968 254.420388 303.11936000000003 307.505952
Person 292.75647999999995 427.27118399999995 308.3008 467.408484
Person 301.176832 416.266236 308.3008 429.213672
Person 307.65363199999996 255.71537999999998 325.788672 305.563464
Person 309.59616 431.802828 322.55078399999996 481.650912
Person 325.788672 430.507836 340.037632 479.061756
Person 341.332992 425.976192 349.75334399999997 464.819328
Person 343.276544 491.36169599999994 356.230144 514.0207439999999
Person 352.344064 418.855392 367.888384 457.698528
Person 356.878336 651.912552 389.262336 728.3030040000001
Person 360.76441600000004 437.62946400000004 371.127296 466.11432
Person 360.76441600000004 675.865764 402.215936 734.1296399999999
Person 361.411584 505.60412399999996 388.61516800000004 552.215556
Person 365.297664 422.09204399999993 380.843008 434.392812
Person 373.71801600000003 437.62946400000004 385.376256 474.530112
Person 375.013376 410.4396 385.376256 440.21861999999993
Person 376.955904 737.3662919999999 481.882112 827.3525040000001
Person 387.966976 414.97124399999996 396.38732799999997 440.21861999999993
Person 403.511296 390.370536 442.37312000000003 440.21861999999993
Person 405.45484799999997 532.14732 433.952768 600.12198
Person 406.102016 462.87684 465.6896 526.320684
Person 413.8752 670.039128 450.79347199999995 719.8872120000001
Person 435.248128 529.557336 450.79347199999995 603.358632
Person 442.37312000000003 404.61296400000003 463.74707199999995 437.62946400000004
Person 443.66848 682.9865639999999 498.07462400000003 782.68356
Person 452.088832 517.904892 472.16742400000004 600.12198
Person 453.384192 400.728816 505.199616 468.70347599999997
Person 455.32672 604.6536239999999 493.5403519999999 694.6398360000001
Person 473.462784 496.54083599999996 487.71174400000007 559.337184
Person 493.5403519999999 501.07248000000004 507.790336 526.320684
Person 498.07462400000003 255.71537999999998 514.267136 304.2693
Person 498.07462400000003 602.064468 518.800384 634.433472
Person 503.256064 778.1519159999999 534.992896 824.115852
Person 507.790336 400.728816 557.662208 438.9244560000001
Person 509.085696 484.88839200000007 520.7439360000001 522.436536
Person 513.618944 660.3283439999999 561.548288 775.5619320000001
Person 522.039296 579.4054199999999 549.241856 616.306896
Person 525.925376 497.835828 540.174336 550.9213920000001
Person 531.755008 654.501708 567.37792 749.6670600000001
Person 536.2882559999999 449.281908 549.241856 482.29840799999994
Person 538.878976 495.246672 558.9575679999999 552.215556
Person 549.241856 442.161108 564.7872 495.246672
Person 551.185408 257.657868 568.025088 301.679316
Person 551.832576 607.24278 595.87584 673.27578
Person 551.832576 751.60872 603.0008320000001 826.7050080000001
Person 557.662208 574.873776 566.08256 587.82204
Person 560.252928 490.715028 573.206528 534.7364759999999
Person 561.548288 734.1296399999999 613.363712 786.567708
Person 570.615808 405.907956 582.92224 440.21861999999993
Person 575.7972480000001 484.88839200000007 593.28512 536.6789640000001
Person 579.03616 553.510548 590.047232 570.342132
Person 579.03616 425.976192 594.58048 450.57689999999997
Person 579.03616 581.995404 615.954432 644.790924
Person 586.1611519999999 389.075544 617.249792 424.68202800000006
Person 590.047232 587.82204 613.363712 628.6068359999999
Person 591.9897599999999 532.14732 621.784064 561.92634
Person 595.87584 481.00424399999997 608.8294400000001 532.14732
Person 608.8294400000001 483.5934 623.079424 530.8523279999999
Person 609.4776320000001 255.71537999999998 626.317312 304.2693
Person 610.772992 741.251268 691.7345280000001 824.115852
Person 617.249792 377.4231 672.951296 440.21861999999993
Person 624.374784 424.68202800000006 638.623744 466.11432
Person 636.680192 546.389748 713.7556480000001 728.9505
Person 641.861632 416.266236 651.577344 453.166884
Person 656.111616 449.281908 712.460288 504.956628
Person 657.406976 427.27118399999995 667.121664 466.11432
Person 667.769856 255.71537999999998 684.609536 304.2693
Person 668.417024 427.27118399999995 675.542016 466.11432
Person 683.962368 390.370536 732.53888 443.4561
Person 711.164928 627.311844 753.912832 681.691572
Person 718.28992 585.879552 764.275712 660.3283439999999
Person 722.823168 517.904892 732.53888 570.342132
Person 733.187072 255.71537999999998 746.140672 301.679316
Person 737.0731519999999 792.3943439999999 785.6496639999999 827.3525040000001
Person 739.663872 513.373248 748.0832 527.615676
Person 750.026752 373.53895200000005 758.4460799999999 387.78138000000007
Person 751.3221120000001 404.61296400000003 761.0368 434.392812
Person 761.0368 429.8611680000001 810.9096959999999 495.246672
Person 766.866432 398.786328 775.286784 431.802828
Person 768.161792 614.3644079999999 809.614336 701.7606360000001
Person 773.991424 396.19717199999997 779.8200320000001 427.27118399999995
Person 793.421824 254.420388 810.2615040000001 304.2693
Person 808.318976 520.4940479999999 829.692928 593.000352
Person 808.318976 776.8569239999999 839.407616 820.8792
Person 808.318976 400.08131999999995 846.532608 455.10854399999994
Person 810.9096959999999 754.198704 840.7029759999999 786.567708
Person 814.1475839999999 804.0467879999999 840.7029759999999 827.3525040000001
Person 815.442944 548.9789039999999 839.407616 624.7226880000001
Person 815.442944 703.055628 856.2483199999999 761.319504
Person 819.329024 477.766764 833.579008 533.441484
Person 832.2836480000001 631.843488 860.781568 698.523984
Person 840.7029759999999 402.023808 849.7715199999999 417.56039999999996
Person 848.4751359999999 398.786328 908.7109119999999 569.0479680000001
Person 855.6001279999999 248.59457999999998 871.144448 301.679316
Person 867.90656 775.5619320000001 929.436672 827.3525040000001
Person 869.849088 586.5270479999999 945.629184 744.4879199999999
Person 894.461952 479.70925200000005 939.800576 587.82204
Person 918.4266240000001 248.59457999999998 935.2663039999999 301.679316
Person 919.073792 414.323748 966.355968 476.4726
Person 937.857024 482.29840799999994 954.696704 533.441484
Person 943.6866560000001 653.854212 987.7288960000001 789.1568639999999
Person 955.992064 496.54083599999996 976.0706560000001 553.510548
Person 957.935616 547.683912 996.1492480000001 622.132704
Person 963.117056 422.73954 979.309568 462.230172
Person 981.900288 412.38125999999994 1023.351808 468.05598000000003
Person 997.444608 516.6098999999999 1012.988928 583.290396
Person 998.739968 567.752976 1023.351808 653.207544
Person 1012.988928 520.4940479999999 1023.351808 581.995404
