Person 812.0002559999999 117.60000000000001 875.2005119999999 245.600256
Person 0.0 198.399744 651.200512 324.800256
Person 232.80025600000002 612.800256 260.799488 688.8
Person 252.8 424.79999999999995 270.39948799999996 504.800256
Person 268.8 614.4000000000001 294.4 692.7997439999999
Person 279.199744 620.7997439999999 308.799488 694.400256
Person 280.800256 582.399744 299.200512 618.399744
Person 307.2 586.400256 328.800256 627.2002560000001
Person 439.19974400000007 610.400256 460.8 660.800256
Person 439.19974400000007 310.400256 640.799744 404.799744
Person 454.4 623.199744 467.2 663.2002560000001
Person 536.800256 526.400256 555.200512 560.7997439999999
Person 543.200256 686.4000000000001 564.799488 742.400256
Person 546.400256 454.400256 559.200256 492.800256
Person 586.399744 390.39974400000006 624.799744 438.39974400000006
Person 666.399744 111.200256 799.200256 212.79974399999998
Person 730.399744 303.200256 900.7994880000001 435.200256
Person 735.200256 230.39999999999998 810.399744 280.79999999999995
Person 876.8 92.799744 1023.2002560000001 360.800256
