Person 3.84 313.949146 62.72 386.349878
Person 103.04 312.66783799999996 177.92 387.631186
Person 264.96 85.21449500000001 302.72 128.783065
Person 268.8 190.29199599999998 298.88 236.42318200000003
Person 292.48 583.0490970000001 503.68 682.3593460000001
Person 309.12 221.686774 390.4 315.230454
Person 330.24 4.485261 981.76 682.3593460000001
Person 368.64 223.60873600000002 455.04 340.218692
Person 371.2 479.253587 462.72 543.965105
Person 527.36 325.482284 604.8 415.18204
Person 638.72 242.83040499999998 697.6 312.66783799999996
Person 697.6 217.842167 722.56 296.650122
Person 893.44 128.783065 961.28 324.200976
