Person 0.0 91.54372500000001 1023.36 764.359695
Person 245.12 572.3095050000001 264.96 636.96654
Person 263.68 604.958175 286.08 674.73612
Person 282.24 579.991635 312.32 639.526995
Person 336.0 572.3095050000001 365.44 649.7695799999999
Person 432.64 346.97034 440.32 377.05855499999996
Person 561.28 503.81140500000004 581.12 567.828135
Person 584.96 338.00836499999997 594.56 365.53535999999997
Person 590.72 426.991635 609.28 469.2425850000001
Person 593.28 341.84943 600.96 366.81597
Person 599.68 329.68593 606.08 346.97034
Person 609.28 357.21369000000004 620.8 379.61901
Person 614.4 339.28897499999994 623.36 358.49353499999995
Person 625.92 521.09658 648.32 556.305705
Person 645.76 340.56882 659.2 374.49809999999997
Person 652.16 334.80760499999997 663.04 348.25095000000005
Person 812.16 424.43118 830.08 467.961975
Person 983.04 409.06692 995.2 446.83649999999994
