Person 759.04 285.45681299999995 908.8 505.629561
Person 14.72 264.335598 156.16 466.58715
Person 139.52 255.375 257.28 404.503785
Person 290.56 259.215159 334.72 324.49922399999997
Person 327.04 266.895477 456.96 415.384122
Person 349.44 251.534841 413.44 348.180318
Person 370.56 312.978066 559.36 630.437112
Person 388.48 248.97496199999998 440.96 330.259122
Person 401.92 213.13257 437.12 279.056094
Person 451.84 319.37878500000005 803.2 680.35986
Person 455.68 266.895477 545.92 346.900719
Person 556.8 255.375 618.24 334.099962
Person 627.2 289.296972 716.8 385.302309
Person 631.68 252.815121 663.04 286.73709299999996
Person 678.4 264.335598 723.2 334.099962
Person 720.64 264.335598 805.76 415.384122
Person 838.4 282.896934 1001.6 451.86665400000004
Person 979.2 298.25757 1023.36 424.34472
