Person 818.56 108.85118100000001 890.24 388.02202
Person 0.0 61.468477 45.44 275.96949199999995
Person 0.0 320.789888 460.8 768.359423
Person 158.08 71.71386399999999 229.12 313.106809
Person 180.48 266.364682 270.08 361.769129
Person 278.4 257.400449 359.04 393.784137
Person 279.68 90.28213799999999 327.04 245.23486900000003
Person 319.36 307.343923 421.12 525.045516
Person 372.48 263.803143 423.68 359.208359
Person 396.16 229.227365 458.24 332.95623699999993
Person 424.96 382.89894200000003 691.2 678.717862
Person 429.44 250.35717799999998 521.6 391.22336700000005
Person 453.12 307.343923 626.56 479.58454300000005
Person 504.96 108.85118100000001 556.16 290.056034
Person 512.64 118.455222 618.24 363.050283
Person 579.84 75.555019 650.24 322.07104200000003
Person 602.88 249.07679299999998 723.2 380.33817200000004
Person 608.0 360.488744 830.08 613.407461
Person 626.56 250.35717799999998 782.72 428.360684
Person 641.28 82.59828999999999 720.64 318.229118
Person 703.36 108.85118100000001 782.72 332.95623699999993
Person 808.96 215.14082299999998 1023.36 768.359423
Person 875.52 82.59828999999999 962.56 327.193351
Person 895.36 123.57753100000001 1023.36 531.448979
Person 974.72 107.57002699999998 1023.36 205.536013
