Person 0.0 264.320256 12.8 421.76025599999997
Person 7.04 279.680256 23.04 351.99974399999996
Person 17.92 298.880256 40.32 350.720256
Person 40.32 275.199744 58.88 295.040256
Person 42.88 286.719744 61.44 350.720256
Person 67.84 282.87974399999996 81.28 348.159744
Person 83.84 284.15999999999997 96.0 349.44
Person 91.52 286.719744 110.08 349.44
Person 101.12 271.359744 115.84 348.159744
Person 115.84 280.32 131.2 349.44
Person 131.2 286.719744 144.64 349.44
Person 143.36 268.79999999999995 169.6 359.679744
Person 165.76 281.600256 184.32 332.15999999999997
Person 192.64 265.599744 340.48 328.32
Person 422.4 259.20000000000005 456.96 295.040256
Person 443.52 207.36 475.52 235.52025600000002
Person 483.2 259.20000000000005 525.44 284.15999999999997
Person 524.16 240.63974399999998 536.32 252.800256
Person 529.92 264.320256 538.88 271.359744
Person 531.2 273.920256 540.16 285.44025600000003
Person 546.56 263.04 557.44 272.64
Person 567.68 203.52 995.2 316.160256
Person 979.84 247.040256 1023.36 312.320256
Person 1000.96 223.359744 1023.36 254.079744
