Person 0.0 375.746303 140.16 563.298786
Person 144.0 380.86675399999996 246.4 544.735529
Person 238.72 392.388964 270.08 515.930687
Person 279.04 423.114402 389.12 564.579411
Person 281.6 384.70794600000005 322.56 489.68572900000004
Person 337.92 407.111712 382.72 517.210629
Person 369.92 421.83446 417.92 560.7382190000001
Person 423.68 409.672279 485.12 525.532301
Person 455.04 408.39165399999996 516.48 548.5760379999999
Person 527.36 503.128535 568.96 554.337143
Person 560.0 408.39165399999996 620.16 503.128535
Person 587.52 490.96635399999997 641.28 556.89771
