Person 0.0 0.0 298.88 204.800256
Person 288.0 0.0 379.52 192.0
Person 290.56 0.0 596.48 330.87974399999996
Person 469.12 0.0 823.68 360.96
Person 586.88 622.719744 1016.96 767.360256
Person 643.84 48.639744 880.64 358.400256
Person 746.88 182.39999999999998 936.32 435.200256
Person 764.16 190.07999999999998 995.84 469.76025599999997
Person 800.0 289.280256 1023.36 536.960256
Person 803.84 568.959744 1023.36 669.440256
Person 844.8 129.279744 917.76 203.52
Person 848.0 114.560256 910.08 197.76
Person 862.08 485.120256 1020.8 618.8797440000001
Person 915.2 150.399744 976.0 224.000256
