Person 142.00012800000002 552.999936 190.00012800000002 627.00032
Person 144.999936 289.99987200000004 624.0 805.000192
Person 160.99967999999998 481.999872 200.000256 545.999872
Person 217.99987199999998 430.000128 267.99974399999996 483.999744
Person 217.99987199999998 352.0 276.99993600000005 414.999552
Person 248.000256 289.000448 302.99980800000003 357.999616
Person 307.00032 261.999616 358.000128 336.0
Person 446.99980800000003 293.999616 508.99968 364.99967999999996
Person 471.99974399999996 352.0 533.9996160000001 428.99967999999996
Person 479.00006399999995 430.000128 536.000256 492.99967999999996
Person 548.000256 481.999872 599.000064 547.9997440000001
Person 598.0001279999999 794.0003839999999 660.0 947.999744
Person 644.000256 773.000192 708.0 947.0003199999999
