Person 602.24 205.028404 669.44 349.829185
Person 48.0 311.38653000000005 112.64 467.720449
Person 104.32 177.47755 225.28 349.18853099999995
Person 240.0 487.582772 316.8 682.3593460000001
Person 285.44 288.961591 357.76 446.576818
Person 305.28 157.615227 395.52 288.961591
Person 350.08 257.566813 430.08 412.619424
Person 356.48 505.52245 474.24 680.437384
Person 452.48 350.469839 540.16 595.222206
Person 511.36 321.637677 591.36 497.83391900000004
Person 725.12 187.728697 796.16 362.643631
Person 726.4 481.816203 843.52 682.3593460000001
Person 786.56 195.417228 886.4 349.18853099999995
Person 856.32 379.302001 1003.52 584.330405
Person 865.28 325.482284 919.04 505.52245
