Person 1.28 65.369063 41.6 176.880937
Person 104.96 112.152706 149.12 224.305412
Person 197.76 40.375 230.4 103.180412
Person 199.04 98.694588 280.32 207.00197899999998
Person 323.84 54.474273 356.48 159.57750399999998
Person 387.84 55.755936999999996 424.96 129.456462
Person 401.28 94.20844100000001 433.92 213.41062200000002
Person 682.24 45.501979 713.6 129.456462
Person 726.4 51.91062200000001 762.24 129.456462
Person 728.96 99.33542000000001 759.68 157.01385299999998
Person 881.28 55.755936999999996 927.36 135.865105
Person 882.56 73.05937 922.24 140.992084
Person 929.92 55.755936999999996 942.08 95.490105
Person 931.2 46.783643 965.12 145.47823100000002
Person 976.0 54.474273 1023.36 135.865105
