Person 143.36 284.87452499999995 215.68 398.824335
Person 0.0 284.87452499999995 43.52 371.93688000000003
Person 16.0 309.841065 65.92 368.09658
Person 47.36 306.0 106.88 431.473005
Person 62.08 284.87452499999995 117.76 371.93688000000003
Person 217.6 308.560455 247.68 360.41445
Person 259.84 307.28060999999997 304.64 371.93688000000003
Person 289.92 304.71939000000003 313.6 341.84943
Person 337.28 299.59848000000005 435.2 370.657035
Person 432.64 300.878325 481.28 358.49353499999995
Person 718.08 269.510265 755.2 340.56882
Person 811.52 289.995435 842.24 324.56502
Person 839.68 274.63194 912.0 375.777945
Person 922.24 238.78251000000003 1018.24 482.68593000000004
