Person 765.44 261.852414 853.12 508.980024
Person 0.0 265.693962 53.12 404.622942
Person 99.2 250.96915800000002 154.24 404.622942
Person 175.36 279.778734 218.88 389.898138
Person 415.36 268.254768 502.4 430.87239
Person 519.04 264.41389799999996 571.52 439.83555
Person 590.08 277.21792800000003 636.16 395.659782
Person 622.72 283.620282 647.68 398.22126600000007
Person 645.12 291.94341000000003 672.64 396.94052400000004
Person 652.8 277.21792800000003 704.0 421.90923000000004
Person 728.96 269.53551 768.64 424.470036
