Person 675.00032 264.0 757.9996160000001 489.00019199999997
Person 0.0 304.99968 37.000192 480.99993600000005
Person 190.999552 312.99993600000005 232.999936 451.00032
Person 312.999936 283.00032 355.00032000000004 472.99968
Person 332.000256 276.0 398.00012799999996 480.0
Person 387.00032000000004 260.00025600000004 657.999872 488.00025600000004
Person 743.999488 284.00025600000004 773.9996160000001 386.99980800000003
Person 776.999936 282.000384 887.0000640000001 379.00032
Person 801.999872 337.999872 865.9998720000001 440.00025600000004
Person 862.999552 319.00032 933.9996160000001 445.99987200000004
