Person 0.0 444.01356799999996 142.69977599999999 928.314368
Person 10.912416000000002 381.90182400000003 99.050112 537.18016
Person 72.189108 420.511744 236.713716 734.426112
Person 95.69238000000001 336.577536 156.96907199999998 423.02975999999995
Person 97.37167199999999 376.865792 193.90327200000002 473.39007999999995
Person 168.72155999999998 354.203648 229.998252 458.28198399999997
Person 197.261004 412.118016 344.157732 683.2261120000001
Person 200.61873599999998 339.934208 237.55293600000002 413.796352
Person 239.23137600000004 343.291904 298.82962799999996 464.99635199999994
Person 269.450112 317.272064 341.63921999999997 408.76032000000004
Person 295.471896 381.062144 396.2013 544.734208
Person 322.3329 354.203648 376.89498 410.43967999999995
Person 350.87319599999995 410.43967999999995 453.28103999999996 642.937856
Person 386.967324 375.18643199999997 436.49237999999997 493.53420800000004
Person 412.149888 354.203648 463.35338400000006 435.61984
Person 426.42003600000004 404.563968 533.864052 618.5963519999999
Person 486.01743600000003 352.524288 526.309368 453.24595199999993
Person 501.966876 378.544128 545.615688 466.67571200000003
Person 532.185612 399.527936 620.323308 588.3801599999999
Person 554.009592 278.662144 851.1607799999999 1023.16032
Person 558.206544 359.23967999999996 588.4252799999999 424.708096
Person 570.798252 371.82976 612.7686239999999 479.265792
Person 601.016988 401.206272 696.7093679999999 565.718016
Person 760.504572 320.62976000000003 831.014388 410.43967999999995
