Person 420.48 320.35636900000003 478.08 425.43318700000003
Person 227.2 324.200976 282.24 386.349878
Person 290.56 266.536652 344.32 369.050854
Person 316.8 350.469839 369.28 484.3788190000001
Person 362.24 260.129429 418.56 347.90722300000004
Person 426.88 283.83567600000003 487.04 338.93738399999995
Person 469.76 266.536652 525.44 369.050854
Person 478.08 256.285505 500.48 291.524207
Person 538.24 267.81795999999997 585.6 336.374085
Person 576.0 346.62591499999996 640.64 442.73289400000004
Person 609.28 277.428453 636.8 321.637677
Person 638.08 252.440898 702.08 347.90722300000004
Person 644.48 344.06261600000005 702.08 431.84041
Person 702.08 321.637677 768.0 425.43318700000003
Person 710.4 244.11171300000004 776.96 319.075061
Person 755.84 321.637677 825.6 408.774817
Person 774.4 246.674329 837.12 312.66783799999996
Person 830.72 257.566813 848.0 281.27306
Person 841.6 261.410737 878.08 317.793753
Person 874.24 320.35636900000003 942.08 371.61346999999995
