Person 5.76 265.17673 59.52 362.535908
Person 147.84 260.05231 213.12 397.764752
Person 385.28 306.170032 410.24 352.28775400000006
Person 421.76 306.170032 453.12 359.97369800000007
Person 442.88 249.804156 561.28 463.73874400000005
Person 530.56 308.73224200000004 558.08 356.130726
Person 572.8 317.69963399999995 601.6 358.69293600000003
Person 609.28 320.26115799999997 632.96 358.69293600000003
Person 642.56 313.855976 691.2 334.993694
Person 689.28 317.69963399999995 712.96 358.69293600000003
Person 718.72 317.69963399999995 746.24 358.69293600000003
Person 753.92 323.46409200000005 766.72 357.411488
Person 794.24 322.18333 820.48 361.25514599999997
Person 835.2 326.026302 851.2 362.535908
Person 885.12 324.74485400000003 903.68 362.535908
Person 932.48 323.46409200000005 1023.36 371.50329999999997
