Person 0.0 305.28000000000003 59.52 348.159744
Person 2.56 412.79999999999995 18.56 446.079744
Person 13.44 380.799744 49.92 469.76025599999997
Person 49.92 395.52 71.68 460.160256
Person 65.92 390.39974400000006 75.52 412.79999999999995
Person 74.24 400.640256 91.52 423.03974400000004
Person 104.32 396.800256 124.16 415.359744
Person 147.84 398.079744 163.84 417.920256
Person 161.28 391.040256 177.28 408.320256
Person 185.6 103.040256 596.48 678.399744
Person 494.72 301.44 509.44 358.400256
Person 502.4 288.63974399999995 547.84 394.23974400000003
Person 526.08 362.240256 565.76 436.479744
Person 533.12 293.76 575.36 373.119744
Person 545.92 357.12 612.48 447.36
Person 565.76 291.200256 611.2 368.00025600000004
Person 574.08 339.84000000000003 662.4 474.879744
Person 626.56 279.03974400000004 694.4 379.520256
Person 626.56 348.800256 721.92 474.879744
Person 687.36 327.680256 781.44 477.440256
Person 716.8 243.20025600000002 753.92 323.840256
Person 739.2 318.71999999999997 850.56 471.680256
Person 798.72 249.60000000000002 883.2 426.879744
Person 856.96 232.32 911.36 417.920256
Person 867.2 288.0 954.88 498.56025600000004
Person 928.0 220.79999999999998 1023.36 478.719744
