Person 429.510656 194.7792 472.177664 289.3247
Person 54.044672 310.651285 155.02233600000002 388.13635
Person 159.289344 205.442195 199.822336 263.02272500000004
Person 285.155328 341.92924500000004 348.444672 434.34286
Person 345.6 157.813635 365.510656 225.34673
Person 410.310656 172.742185 433.77766399999996 230.322715
Person 448.710656 350.45975999999996 507.73299199999997 459.22338
Person 516.977664 222.50322500000001 540.444672 272.26426499999997
Person 523.377664 193.35715 568.1776639999999 296.43376
Person 605.155328 219.65972 647.110656 349.038305
Person 849.7776640000001 262.31170000000003 918.0446720000001 394.53378999999995
Person 871.822336 354.01429 961.422336 526.0454500000001
