Person 915.2 510.007711 1002.24 683.0
Person 0.0 483.097511 31.36 645.838653
Person 0.0 444.65485599999994 57.6 576.00122
Person 0.0 210.79429000000002 1023.36 682.3593460000001
Person 23.68 567.030698 110.08 654.808492
Person 45.44 613.162567 128.64 682.3593460000001
Person 92.8 445.936164 166.4 631.1022449999999
Person 133.76 483.097511 220.16 648.4012690000001
Person 226.56 383.146608 273.92 494.63064899999995
Person 264.96 583.689751 357.76 682.3593460000001
Person 301.44 292.16486100000003 326.4 370.9728160000001
Person 359.04 322.278331 406.4 419.66730100000007
Person 369.92 625.9763300000001 424.96 682.3593460000001
Person 477.44 556.138897 577.28 673.3895070000001
Person 501.12 99.310249 522.24 134.549634
Person 593.92 209.512982 624.0 308.182577
Person 616.32 267.17730600000004 646.4 345.985261
Person 628.48 448.49878 679.68 649.682577
Person 643.84 318.434407 688.64 463.235188
Person 667.52 524.744119 752.64 682.3593460000001
Person 708.48 460.672572 772.48 656.0898
Person 718.72 83.292533 757.12 164.663104
Person 771.2 189.65134199999997 800.0 264.61469
Person 784.64 652.245876 826.24 682.3593460000001
Person 803.84 479.894241 888.32 682.3593460000001
Person 898.56 443.373548 954.88 648.4012690000001
Person 926.08 469.64241100000004 981.12 554.857589
Person 968.32 440.81024899999994 1023.36 632.383553
Person 999.68 92.903709 1023.36 141.597511
