Person 56.96 328.95984 98.56 423.03984
Person 101.12 177.92016 161.92 239.36016
Person 108.16 323.19984 143.36 416.64
Person 145.92 332.79984 176.0 417.92016
Person 189.44 339.20016000000004 214.4 412.8
Person 198.4 218.24016 243.2 269.43984
Person 218.24 334.08 253.44 412.8
Person 337.28 176.64 382.08 232.95984
Person 494.72 97.91999999999999 518.4 144.0
Person 496.0 202.88016000000002 536.96 277.76016000000004
Person 514.56 94.08 533.12 144.0
Person 522.24 204.15984 565.76 276.47999999999996
Person 531.84 88.32 548.48 145.28016000000002
Person 539.52 91.52016 569.6 140.79984000000002
Person 568.32 84.47999999999999 595.84 140.79984000000002
