Person 359.68 520.3199999999999 426.88 661.119744
Person 5.12 455.679744 33.28 538.880256
Person 43.52 444.800256 84.48 541.4399999999999
Person 71.04 385.91999999999996 88.32 415.359744
Person 82.56 389.76 96.0 412.160256
Person 136.96 363.519744 193.92 400.640256
Person 232.96 399.99974399999996 246.4 440.96025599999996
Person 254.08 399.99974399999996 270.08 439.68
Person 279.68 343.68 289.28 358.400256
Person 289.28 346.239744 298.24 359.679744
Person 291.84 392.319744 309.12 404.480256
Person 309.12 374.4 320.64 405.75974399999996
Person 318.08 369.920256 330.24 385.91999999999996
Person 320.64 375.680256 337.92 407.04
Person 368.64 353.919744 379.52 368.64
Person 400.0 374.4 416.0 396.800256
Person 445.44 343.68 459.52 364.79999999999995
Person 484.48 451.20000000000005 518.4 516.48
Person 487.04 305.28000000000003 495.36 314.88
Person 495.36 303.99974399999996 503.04 314.88
Person 496.64 384.63974399999995 511.36 396.800256
Person 520.32 348.800256 528.64 360.96
Person 525.44 298.880256 532.48 311.04
Person 526.08 372.48 540.16 391.040256
Person 531.2 298.880256 537.6 309.759744
Person 540.16 372.48 553.6 392.319744
Person 546.56 297.6 553.6 306.560256
Person 562.56 344.96025599999996 574.72 358.400256
Person 582.4 291.200256 635.52 303.99974399999996
Person 587.52 427.520256 844.16 587.52
Person 595.84 366.080256 611.84 387.200256
Person 603.52 251.52 613.12 270.080256
Person 610.56 357.12 626.56 385.91999999999996
Person 641.92 346.239744 655.36 355.839744
Person 655.36 196.47974399999998 664.32 224.000256
Person 661.76 373.119744 767.36 437.120256
Person 691.2 332.799744 703.36 358.400256
Person 698.88 243.84 712.32 262.400256
Person 711.04 332.799744 720.64 354.560256
Person 828.8 334.719744 839.68 354.560256
Person 883.2 350.720256 900.48 380.799744
