Person 44.8 278.473005 147.2 424.43118
Person 44.8 295.75741500000004 289.28 734.272245
Person 247.68 284.23422 428.8 668.974905
Person 322.56 237.5019 363.52 304.71939000000003
Person 336.64 287.43498 433.28 476.28441
Person 373.76 267.59011499999997 421.12 343.13004
Person 417.28 249.66539999999998 485.76 357.21369000000004
Person 490.88 246.46464 563.84 312.40152
Person 583.04 254.78631000000001 630.4 368.09658
Person 651.52 295.75741500000004 766.72 369.376425
Person 692.48 304.71939000000003 870.4 665.774145
Person 775.68 274.63194 1023.36 663.2136899999999
Person 949.76 319.44334499999997 1023.36 419.309505
