Person 0.0 632.32 11.9525 698.88
Person 0.0 826.027008 238.19625 1023.147008
Person 13.66 637.44 29.027500000000003 704.0
Person 30.735 635.732992 52.07875 705.707008
Person 46.956250000000004 637.44 76.8375 705.707008
Person 68.3 632.32 113.54875000000001 713.387008
Person 115.25625000000001 639.147008 147.69875 705.707008
Person 136.6 634.027008 161.35875 674.132992
Person 144.28375 642.56 168.18875 713.387008
Person 161.35875 639.147008 186.1175 698.88
Person 182.70250000000001 628.052992 200.63125 711.68
Person 198.92375 670.72 225.39000000000001 705.707008
Person 214.29125 628.052992 250.14875 709.12
Person 235.635 632.32 304.78875 774.827008
Person 268.93125 634.027008 297.105 716.8
Person 298.8125 628.052992 326.98625 692.052992
Person 306.49625 642.56 371.38124999999997 774.827008
Person 348.33 642.56 412.36125 776.532992
Person 382.48 628.052992 426.02125 705.707008
Person 404.6775 642.56 459.3175 776.532992
Person 454.19500000000005 628.052992 475.53875000000005 679.252992
Person 468.70875 635.732992 521.64125 739.84
Person 482.36875000000003 640.852992 516.51875 677.547008
Person 528.47125 632.32 553.23 738.132992
Person 553.23 639.147008 584.81875 741.547008
Person 569.45125 642.56 609.5775 762.027008
Person 609.5775 716.8 632.62875 762.027008
Person 636.04375 663.892992 665.925 756.907008
Person 657.3875 635.732992 682.14625 783.36
