Person 673.000448 472.00024 727.000064 584.00032
Person 97.999872 465.99992 156.000256 649.00016
Person 250.999808 484.99980000000005 272.0 544.0
Person 273.000448 486.00008 288.0 535.0002
Person 300.99967999999996 479.00016000000005 321.99987200000004 528.00028
Person 336.0 479.00016000000005 353.99987200000004 537.99968
Person 360.999936 447.00003999999996 369.99987200000004 489.99984
Person 373.999616 438.99984000000006 392.999936 482.99992
Person 554.0003839999999 387.99984 565.9996160000001 426.99987999999996
Person 570.0003839999999 365.00019999999995 579.00032 411.00015999999994
Person 728.999936 472.99984 762.999808 550.00032
Person 833.000448 151.00012 936.9999359999999 289.0
Person 869.000192 474.99971999999997 885.9996160000001 516.99992
Person 990.999552 472.00024 1011.0003199999999 516.99992
