Person 0.0 328.32 48.64 395.52
Person 0.0 449.91974400000004 310.4 599.679744
Person 27.52 360.320256 76.8 405.12
Person 59.52 327.03974400000004 93.44 391.68
Person 67.2 355.839744 101.76 405.12
Person 89.6 325.760256 125.44 374.4
Person 97.92 370.56 140.16 446.079744
Person 130.56 329.600256 183.68 402.56025600000004
Person 160.0 341.76 405.76 497.91974400000004
Person 337.28 462.08025599999996 432.0 546.560256
Person 416.64 292.479744 668.8 496.640256
Person 477.44 464.64 555.52 533.1202559999999
Person 549.76 446.079744 597.76 519.039744
Person 627.84 443.52 711.68 526.719744
Person 689.92 299.52 732.8 350.720256
Person 720.64 458.24025600000004 805.12 549.12
Person 739.2 361.599744 850.56 453.75974399999996
Person 749.44 451.20000000000005 830.72 529.280256
Person 769.28 330.87974399999996 827.52 392.96025599999996
Person 827.52 343.040256 982.4 390.39974400000006
Person 868.48 293.76 910.08 361.599744
Person 900.48 313.599744 932.48 361.599744
Person 997.12 321.920256 1023.36 355.839744
