Person 25.6 161.600512 91.199488 251.199488
Person 52.799488000000004 113.599488 94.400512 158.399488
Person 188.8 169.6 224.0 233.6
Person 222.399488 161.600512 280.000512 222.399488
Person 280.000512 180.800512 324.799488 233.6
Person 345.6 177.600512 388.799488 244.800512
Person 430.39948799999996 217.6 468.799488 273.60051200000004
Person 496.0 195.2 519.999488 248.00051200000001
Person 519.999488 217.6 580.799488 315.200512
Person 523.200512 32.0 889.6 976.0
Person 566.4 217.6 598.4 300.8
Person 892.8 257.60051200000004 924.8 326.4
Person 918.4 254.399488 939.2005119999999 304.0
Person 948.7994880000001 315.200512 1022.4005119999999 444.8
Person 958.4005119999999 254.399488 982.4 294.4
