Person 2.56 392.96025599999996 176.0 584.960256
Person 122.24 320.64 278.4 552.96
Person 234.24 406.400256 292.48 499.20000000000005
Person 234.88 412.79999999999995 334.08 558.72
Person 307.84 386.559744 421.12 567.680256
Person 308.48 397.43999999999994 350.72 474.24
Person 423.68 386.559744 531.2 543.999744
Person 520.32 411.519744 636.8 528.0
Person 570.24 397.43999999999994 641.92 467.199744
Person 652.16 399.99974399999996 706.56 468.48
Person 681.6 381.44025600000003 817.92 530.559744
Person 796.8 386.559744 889.6 504.320256
