Person 82.628608 416.256197 174.10969599999999 617.0045839999999
Person 219.84972799999997 395.591511 262.639616 484.15619699999996
Person 268.541952 404.44770800000003 302.478336 481.204584
Person 312.807424 401.49541600000003 351.169536 532.867657
Person 327.56224 391.163073 346.743808 428.06536500000004
Person 349.694976 391.163073 421.99449599999997 606.6715620000001
Person 405.764096 391.163073 483.96492800000004 602.243803
Person 481.01478399999996 402.97156199999995 516.426752 494.48921899999993
Person 519.37792 404.44770800000003 550.363136 491.536927
Person 545.936384 389.686927 584.29952 494.48921899999993
Person 635.941888 383.78234299999997 666.928128 488.584635
Person 666.928128 426.58921899999996 724.472832 534.343803
Person 728.899584 414.78073 790.870016 509.25
Person 842.513408 72.328438 959.077376 196.31927
