Person 334.39948799999996 221.600256 686.400512 389.60025599999994
Person 339.2 342.399744 370.400256 446.40000000000003
Person 399.200256 342.399744 422.4 411.99974399999996
Person 411.200512 339.99974399999996 455.19974400000007 411.99974399999996
Person 467.2 337.599744 491.200512 409.599744
Person 486.4 337.599744 520.800256 421.599744
Person 518.4 336.0 546.400256 432.0
Person 587.200512 339.200256 622.400512 435.99974399999996
Person 782.400512 246.399744 824.800256 320.00025600000004
Person 828.8 252.0 867.2 322.400256
Person 895.2002560000001 226.400256 922.3997439999999 315.99974399999996
