Person 0.0 0.0 1022.326784 168.99379199999998
Person 66.927616 199.110656 184.052736 336.313344
Person 80.313344 353.045504 264.36607999999995 512.0
Person 286.117888 264.36607999999995 421.64735999999994 399.895552
Person 381.49017599999996 632.4705280000001 525.385728 771.346432
Person 394.875904 419.974144 548.810752 542.117888
Person 424.993792 147.241984 575.582208 286.117888
Person 547.1375360000001 264.36607999999995 712.783872 408.26163199999996
Person 766.326784 371.45088 916.9152 525.385728
Person 819.869696 168.99379199999998 982.1696 317.908992
