Person 234.24 399.16432399999997 284.8 533.073304
Person 9.6 401.72694 129.92 540.761835
Person 138.24 401.72694 178.56 488.2234260000001
Person 170.88 411.9780870000001 202.24 477.971596
Person 193.28 410.696779 210.56 435.685017
Person 202.24 410.696779 228.48 458.109956
Person 320.0 303.057345 384.0 397.24167900000003
Person 377.6 314.5898 398.72 356.877062
Person 387.84 348.54787699999997 403.84 379.302001
Person 418.56 305.619961 465.28 433.121718
Person 554.24 481.816203 611.84 561.905466
Person 690.56 509.367057 733.44 595.8628600000001
Person 746.88 388.27184 1023.36 586.8930210000001
