Person 97.91088 70.4 241.89852000000005 212.48
Person 101.75061000000001 602.24 234.859164 798.08
Person 120.94926000000002 752.64 292.45422 941.44
Person 164.465604 368.0 254.05692000000005 565.76
Person 213.74109600000003 449.92 301.412994 554.88
Person 222.69987000000003 180.48 657.861522 874.88
Person 275.17498800000004 449.92 332.770044 514.56
Person 381.406326 65.28 481.236624 133.76
Person 439.640592 456.96 570.18873 648.96
Person 577.228086 455.04 673.859652 532.48
Person 595.146528 462.08 712.2560579999999 556.8
Person 624.5841599999999 745.6 773.690844 941.44
Person 645.702228 606.08 757.6918199999999 808.96
Person 668.739714 79.36 771.7705320000001 196.48
