Person 297.6 243.54404 430.08 403.12915999999996
Person 0.0 146.76712 87.68 428.1246
Person 40.32 221.75276000000002 124.16 296.73908
Person 49.28 267.89824 238.08 419.152
Person 111.36 215.34376 149.12 296.73908
Person 154.24 207.0124 642.56 295.45727999999997
Person 455.04 253.15720000000002 604.16 359.54728000000006
Person 622.72 233.28964000000002 735.36 514.64644
Person 659.84 192.91259999999997 687.36 242.90279999999998
Person 710.4 233.28964000000002 844.8 333.27072
Person 807.68 223.03456 926.08 320.45272
Person 872.32 230.72604 931.2 305.71168
Person 923.52 215.34376 1022.72 299.30268
