Person 16.0 8.314992 96.0 182.931858
Person 252.16 37.73748 303.36 173.977512
Person 378.24 0.0 456.96 189.32810999999998
Person 434.56 0.0 551.68 160.544976
Person 519.68 90.186882 543.36 106.81686599999999
Person 572.16 19.188755999999998 619.52 78.033732
Person 645.76 29.422487999999998 678.4 75.475638
Person 785.92 62.043102000000005 821.76 95.303748
Person 819.2 74.19625199999999 834.56 105.53748
Person 840.32 69.079386 869.12 105.53748
Person 869.12 21.74685 928.0 88.268142
Person 933.12 29.422487999999998 976.64 79.31311799999999
Person 969.6 31.98126 1013.12 92.744976
Person 1000.32 55.64684999999999 1023.36 99.141228
