Person 0.0 358.400256 405.12 566.4000000000001
Person 0.0 328.32 1023.36 767.360256
Person 121.6 621.440256 380.8 767.360256
Person 376.96 373.119744 427.52 501.12
Person 410.24 379.520256 457.6 519.680256
Person 471.04 408.96 508.16 477.440256
Person 517.12 378.24 566.4 499.839744
Person 567.68 398.079744 583.68 472.32
Person 570.24 383.36025600000005 613.76 493.43999999999994
Person 587.52 649.599744 832.0 767.360256
Person 615.04 421.76025599999997 652.16 473.60025599999994
Person 624.64 357.12 659.84 423.03974400000004
Person 656.0 423.03974400000004 686.72 473.60025599999994
Person 657.28 419.199744 709.12 482.559744
Person 689.28 349.44 716.8 423.03974400000004
Person 698.24 337.280256 727.68 371.840256
Person 705.28 420.48 757.76 478.719744
Person 711.68 342.399744 751.36 411.519744
Person 735.36 407.679744 801.92 493.43999999999994
Person 744.96 318.71999999999997 773.76 370.56
Person 748.8 408.96 787.2 460.160256
Person 759.04 325.119744 784.64 359.679744
Person 769.92 351.99974399999996 813.44 476.15999999999997
Person 771.2 322.56 798.72 360.96
Person 796.16 325.119744 820.48 363.519744
Person 809.6 314.88 845.44 358.400256
Person 826.88 355.839744 854.4 448.640256
Person 830.72 321.279744 865.28 379.520256
Person 874.24 392.96025599999996 1022.72 767.360256
Person 892.8 353.28000000000003 923.52 436.479744
Person 897.92 297.6 949.76 379.520256
Person 932.48 360.96 959.36 403.20000000000005
Person 1009.28 334.719744 1023.36 398.079744
