Person 362.24 203.746413 430.72 316.51244499999996
Person 434.56 192.854612 510.72 315.230454
Person 504.32 216.560859 559.36 333.81146900000005
Person 543.36 213.998243 563.2 351.75114700000006
Person 568.32 202.465105 630.4 388.912494
Person 604.16 210.153636 640.64 383.787262
Person 634.24 191.573304 704.64 401.72694
Person 682.88 203.746413 733.44 390.194485
Person 728.32 177.47755 807.04 416.46334800000005
Person 815.36 190.29199599999998 879.36 404.289556
Person 883.2 185.16608100000002 977.92 416.46334800000005
Person 971.52 192.854612 1019.52 462.59453399999995
