Person 128.0 397.43999999999994 209.92 584.960256
Person 237.44 403.839744 263.68 479.36025600000005
Person 267.52 406.400256 289.92 457.599744
Person 302.72 412.79999999999995 311.04 426.24
Person 314.88 410.24025600000004 350.72 476.15999999999997
Person 316.16 410.24025600000004 325.76 426.24
Person 355.84 407.679744 362.24 432.63974399999995
Person 371.84 415.359744 384.0 436.479744
Person 457.6 406.400256 477.44 455.04
Person 474.88 415.359744 490.88 448.640256
Person 485.76 411.519744 510.72 461.43974399999996
Person 520.96 415.359744 533.12 452.480256
Person 535.68 406.400256 562.56 462.72
Person 558.08 412.79999999999995 568.96 449.91974400000004
Person 568.96 410.24025600000004 584.96 453.75974399999996
Person 590.08 404.480256 652.16 508.160256
Person 591.36 412.79999999999995 602.24 437.76
Person 600.32 416.64 612.48 439.040256
Person 652.16 410.24025600000004 694.4 494.72025600000006
Person 756.48 410.24025600000004 798.72 495.99974399999996
Person 1005.44 433.91999999999996 1023.36 469.76025599999997
