Person 134.4 168.989909 218.88 381.506725
Person 188.8 161.308208 238.08 330.298117
Person 265.6 161.308208 304.0 301.493275
Person 290.56 151.706594 344.32 316.21534
Person 341.76 168.989909 364.16 252.844551
Person 347.52 162.58883300000002 398.72 301.493275
Person 395.52 184.992599 407.68 204.19582699999998
Person 408.96 174.11036 431.36 242.602966
Person 420.48 174.11036 433.92 230.440785
Person 435.2 181.15209000000002 444.16 205.47576899999999
Person 444.16 177.951552 458.88 230.440785
Person 648.96 128.022203 747.52 411.59219199999995
Person 989.44 382.147379 1023.36 494.806863
