Person 0.0 338.898288 40.32 468.94817700000004
Person 10.24 348.507879 48.0 465.104613
Person 39.04 354.914727 78.08 472.79242199999993
Person 67.84 344.023494 117.76 454.854201
Person 100.48 352.352124 165.12 458.697765
Person 166.4 357.476649 195.2 481.120371
Person 202.88 354.914727 235.52 446.525571
Person 242.56 356.19568799999996 279.04 431.150634
Person 268.8 352.352124 296.32 458.697765
Person 305.28 363.883497 347.52 474.07338300000004
Person 327.68 338.898288 390.4 538.777917
Person 420.48 356.19568799999996 457.6 443.962968
Person 448.0 349.78952100000004 495.36 478.557768
Person 519.04 360.03925200000003 570.24 467.667216
Person 604.16 382.46185800000006 645.12 479.83941000000004
Person 666.24 320.960748 730.24 461.26036799999997
Person 712.32 342.742533 762.88 497.77695
Person 773.76 367.72706100000005 807.68 457.416804
Person 839.04 356.19568799999996 885.12 487.52653799999996
Person 882.56 360.03925200000003 932.48 500.339553
Person 917.76 358.75829099999993 963.84 511.2307860000001
Person 995.2 344.023494 1023.36 587.4666930000001
Person 1006.08 340.17993 1023.36 487.52653799999996
