Person 0.0 380.8 107.52000000000001 535.04
Person 0.0 835.84 127.35974399999998 909.44
Person 0.0 417.28 161.91974399999998 571.52
Person 19.200000000000003 942.72 153.60000000000002 1023.36
Person 46.08 456.32 212.480256 609.92
Person 93.440256 485.76 242.55974399999997 634.24
Person 136.32 783.36 256.640256 907.52
Person 176.64000000000001 797.44 302.079744 912.64
Person 235.52025600000002 830.08 322.56 928.64
Person 254.720256 842.88 352.640256 933.76
Person 347.52 848.0 462.72 956.16
Person 417.27974399999994 447.36 544.640256 627.2
Person 429.440256 209.28 583.6800000000001 447.36
Person 481.91999999999996 528.0 622.08 693.76
Person 564.48 594.56 680.319744 725.76
Person 570.24 76.8 692.480256 274.56
Person 585.5999999999999 277.76 723.84 470.4
