Person 346.88 502.75111499999997 413.44 602.533125
Person 0.0 559.038285 183.04 681.84756
Person 6.4 442.62517499999996 43.52 518.1023700000001
Person 64.0 447.74226000000004 135.68 576.9484649999999
Person 175.36 450.301185 193.28 483.561855
Person 257.28 449.02210499999995 275.2 489.95802000000003
Person 277.76 442.62517499999996 298.24 483.561855
Person 296.96 443.90502 322.56 472.04860499999995
Person 396.8 434.94993 410.88 470.76952500000004
Person 440.32 474.606765 508.16 594.85788
Person 528.64 470.76952500000004 597.76 583.34463
Person 576.0 417.040515 601.6 455.41827
Person 596.48 465.65244 780.8 583.34463
Person 691.2 447.74226000000004 737.28 536.011785
Person 779.52 423.43668 796.16 474.606765
Person 798.72 441.346095 812.8 482.2827750000001
Person 857.6 438.78793499999995 1020.16 579.506625
