Person 14.08 363.924939 115.2 504.24114199999997
Person 23.04 395.31971699999997 65.28 505.52245
Person 70.4 379.302001 112.64 505.52245
Person 106.88 401.72694 150.4 516.4149339999999
Person 175.36 471.56505599999997 215.04 575.3605660000001
Person 187.52 496.552611 245.12 645.1979990000001
Person 272.64 302.416691 305.28 387.631186
Person 284.16 502.959834 351.36 658.012445
Person 357.76 499.115227 504.96 655.449146
Person 376.32 320.35636900000003 406.4 390.194485
Person 385.28 365.206247 437.76 465.15783300000004
Person 394.24 308.823914 430.08 385.06857
Person 453.76 504.24114199999997 506.24 661.856369
Person 460.16 346.62591499999996 491.52 420.30795500000005
Person 467.84 424.151879 513.92 521.540166
Person 497.92 213.998243 646.4 385.06857
Person 504.96 440.16959499999996 568.96 591.3782820000001
Person 567.68 369.050854 618.88 490.14538799999997
Person 583.68 545.246413 637.44 618.928453
Person 629.12 530.5100050000001 682.88 613.162567
Person 663.68 316.51244499999996 696.32 424.151879
Person 668.8 435.044363 698.88 535.6359199999999
Person 686.08 371.61346999999995 843.52 592.65959
Person 687.36 283.83567600000003 727.68 340.218692
Person 691.2 325.482284 726.4 395.31971699999997
Person 691.2 455.546657 756.48 583.0490970000001
Person 738.56 559.3421669999999 800.0 663.137677
Person 821.12 555.498243 880.0 658.012445
