Person 0.0 620.340795 31.36 670.2759249999999
Person 0.0 391.15418 277.12 421.242805
Person 11.52 632.50434 78.08 681.159205
Person 147.2 418.0418 161.92 437.88762
Person 172.8 644.0280950000001 199.04 684.359525
Person 195.2 647.86889 218.88 683.719735
Person 202.88 603.69598 230.4 654.911375
Person 214.4 383.471905 264.32 400.11672
Person 217.6 635.065555 250.24 679.878255
Person 218.88 658.75217 248.96 684.359525
Person 229.12 599.855185 254.08 658.75217
Person 229.76 419.32275 238.08 445.56989500000003
Person 234.88 421.88328 244.48 446.85015999999996
Person 245.12 485.261535 279.04 569.126085
Person 247.68 602.415715 272.64 666.434445
Person 248.96 652.3501600000001 281.6 684.359525
Person 254.08 645.30836 271.36 662.59365
Person 265.6 656.19164 334.08 684.359525
Person 273.92 591.5324350000001 301.44 661.3133849999999
Person 293.12 380.2709 349.44 405.238465
Person 302.08 420.60301499999997 312.32 441.7291
Person 345.6 415.48127 354.56 433.40635
Person 349.44 382.19164 416.0 411.0
Person 361.6 646.588625 384.0 684.359525
Person 382.72 658.75217 415.36 684.359525
Person 396.8 412.280265 404.48 428.28529000000003
Person 417.28 380.2709 554.24 409.71973500000007
Person 417.92 620.340795 472.96 682.43947
Person 420.48 430.84582 434.56 459.65418
Person 420.48 540.317725 461.44 632.50434
Person 421.76 635.065555 467.84 684.359525
Person 435.84 420.60301499999997 444.8 438.52809499999995
Person 443.52 416.7615349999999 449.28 425.724075
Person 444.8 419.32275 456.96 435.967565
Person 462.08 421.88328 467.2 435.967565
Person 468.48 420.60301499999997 478.08 435.967565
Person 474.24 621.621745 522.88 684.359525
Person 478.72 641.467565 524.16 684.359525
Person 481.92 412.280265 489.6 427.005025
Person 489.6 411.0 497.28 428.28529000000003
Person 494.72 424.44381 508.16 451.971905
Person 506.88 408.43947 513.28 424.44381
Person 514.56 411.0 523.52 424.44381
Person 554.24 388.59364999999997 625.92 409.71973500000007
Person 564.48 407.79899500000005 570.88 422.52306999999996
Person 570.88 414.20100499999995 579.2 426.36455
Person 625.92 388.59364999999997 741.76 411.0
Person 636.8 428.92508000000004 650.88 451.332115
Person 662.4 552.48127 698.88 633.78529
Person 672.64 641.467565 713.6 684.359525
Person 711.68 656.19164 743.68 684.359525
Person 730.88 443.009365 753.28 482.701005
Person 732.8 645.30836 766.08 684.359525
Person 766.08 645.30836 796.16 684.359525
Person 766.72 401.3969850000001 1019.52 447.49063500000005
Person 774.4 422.52306999999996 789.12 444.28963
Person 793.6 642.74783 828.8 684.359525
Person 827.52 645.30836 871.04 684.359525
Person 829.44 443.009365 850.56 480.14047500000004
Person 836.48 638.90635 853.76 654.911375
Person 872.32 645.30836 906.24 684.359525
Person 929.92 656.19164 960.0 684.359525
Person 954.88 641.467565 996.48 684.359525
Person 990.08 611.378255 1009.92 668.99566
