Person 238.08 326.55368000000004 350.72 439.24668
Person 458.24 230.50843999999998 469.76 264.44452
Person 465.92 219.62368000000004 476.16 263.16408
Person 474.88 222.18456000000003 487.04 261.88295999999997
Person 476.8 282.37272 558.08 507.11884000000003
Person 489.6 234.35044 519.68 302.22191999999995
Person 549.12 197.8528 560.64 213.22012
Person 567.68 185.68759999999997 572.8 202.97524
Person 574.08 183.12604000000002 579.2 201.6948
Person 599.04 206.81724 610.56 230.50843999999998
Person 614.4 205.53679999999997 621.44 230.50843999999998
Person 621.44 205.53679999999997 629.12 234.35044
Person 929.28 205.53679999999997 968.96 295.17916
