Person 67.2 500.53887 152.00051200000001 724.4215200000001
Person 0.0 513.3318360000001 46.400512 734.016436
Person 78.400512 20.78924 116.80051200000001 83.15619399999999
Person 208.0 15.991782 252.8 78.358736
Person 241.600512 593.28998 270.39948799999996 674.847532
Person 283.200512 513.3318360000001 345.6 713.2271959999999
Person 289.60051200000004 20.78924 331.200512 78.358736
Person 379.200512 11.194323999999998 454.4 259.06503000000004
Person 404.799488 63.96636200000001 494.39948799999996 270.258588
Person 423.999488 518.1292940000001 489.6 724.4215200000001
Person 496.0 11.194323999999998 585.6 260.66367199999996
Person 524.8 71.962636 600.000512 275.056046
Person 532.799488 519.728702 593.599488 724.4215200000001
Person 606.400512 28.784748 676.799488 230.279516
Person 622.400512 59.168904000000005 711.999488 271.857996
Person 731.200512 27.186106000000002 822.4 279.853504
Person 844.8 31.983564 926.4005119999999 276.655454
Person 883.2 89.55305999999999 931.2 279.853504
Person 923.2005119999999 553.310908 1011.2 751.6076260000001
Person 926.4005119999999 41.57848 1022.4005119999999 287.84977799999996
Person 964.7994880000001 83.15619399999999 1022.4005119999999 281.452912
