(0.0,[(5500, 3800, 1.57, 1000),(1200, 9000, 0, 800)],(1,'straight','go'))
(0.5,[(5000, 3800, 1.57, 1000),(1200, 8600, 0, 800)],(1,'straight','go'))
(1 ,[(4500, 3800, 1.57, 1000),(1200, 8200, 0, 800)],(1,'straight','go'))
(1.5,[(4000, 3800, 1.57, 800),(1200, 7800, 0, 800)],(1,'straight','go'))
(2 ,[(3600, 3800, 1.57, 800),(1200, 7400, 0, 800)],(1,'straight','go'))
(2.5,[(3200, 3800, 1.57, 800),(1200, 7000, 0, 800)],(1,'straight','go'))
(3 ,[(2800, 3800, 1.57, 600),(1200, 6600, 0, 800)],(1,'straight','go')) 
(3.5,[(2500, 3800, 1.57, 600),(1200, 6200, 0, 800)],(1,'straight','go'))
(4 ,[(2200, 3800, 1.57, 200),(1200, 5800, 0, 800)],(1,'straight','go'))
(4.5,[(2100, 3800, 1.57, -200),(1200, 5400, 0, 800)],(1,'straight','go'))
(5,[(2000, 3800, 1.57, -1000),(1200, 5000, 0, 800)],(1,'straight','go'))
(5.5,[(2000, 3800, 1.57, 0),(1200, 4600, 0, 800)],(1,'straight','go'))
(6,[(2000, 3800, 1.57, 0),(1200, 4200, 0, 800)],(1,'straight','go'))
(6.5,[(2000, 3800, 1.57, 0),(1200, 3800, 0, 800)],(1,'straight','go'))
